100
100
26
2
6
-1.064999999999999974e-03 2.935000000000000109e-03
-9.306000000000000036e-03 1.069400000000000038e-02
-2.431400000000000228e-02 1.568599999999999856e-02
-3.268999999999999684e-02 7.310000000000000525e-03
-4.781399999999999539e-02 -7.813999999999998031e-03
-6.464200000000000501e-02 -2.464200000000000071e-02
-7.697900000000000575e-02 -3.697899999999999798e-02
-7.845900000000000096e-02 -3.845899999999999319e-02
-7.169399999999999384e-02 -3.169399999999999995e-02
-6.092899999999999705e-02 -2.092899999999999969e-02
-5.316999999999999504e-02 -1.316999999999999768e-02
-4.172200000000000214e-02 -1.722000000000001307e-03
-1.944300000000000195e-02 5.570000000000002033e-04
-5.839999999999994501e-04 1.941600000000000270e-02
1.347999999999998505e-03 4.134799999999999587e-02
1.264399999999999899e-02 5.264399999999999635e-02
2.058500000000000260e-02 6.058499999999999996e-02
3.188499999999999668e-02 7.188500000000000445e-02
3.962899999999999756e-02 7.962900000000000533e-02
4.277899999999999758e-02 8.277900000000000535e-02
4.019399999999999362e-02 8.019400000000000139e-02
3.099299999999999625e-02 7.099300000000000055e-02
1.784699999999999828e-02 5.784699999999999565e-02
6.554000000000000797e-03 4.655399999999999816e-02
3.768999999999999781e-03 2.376899999999999846e-02
2.401000000000000356e-03 6.401000000000000439e-03













