100
1.000000000000000000e+00 0.000000000000000000e+00 0.000000000000000000e+00
9.810109129918831439e-01 2.491906874293372837e-03 0.000000000000000000e+00
9.636283893570268821e-01 4.218409086799157492e-03 0.000000000000000000e+00
9.476767810315690488e-01 5.246288360062226555e-03 0.000000000000000000e+00
9.330324340272865280e-01 5.642326416627450013e-03 0.000000000000000000e+00
9.195716943559585355e-01 5.473304979039704359e-03 0.000000000000000000e+00
9.071709080293622884e-01 4.806005769843860881e-03 0.000000000000000000e+00
8.957064210592758924e-01 3.707210511584785664e-03 0.000000000000000000e+00
8.850545794574772307e-01 2.243700926807357370e-03 0.000000000000000000e+00
8.750917292357447419e-01 4.822587380564477208e-04 0.000000000000000000e+00
8.656942164058560873e-01 -1.510334332123074164e-03 0.000000000000000000e+00
8.567383869795890394e-01 -3.667296561186330923e-03 0.000000000000000000e+00
8.481104602581817087e-01 -5.924389728503069025e-03 0.000000000000000000e+00
8.397433250729210430e-01 -8.229398358194335919e-03 0.000000000000000000e+00
8.315836462370278515e-01 -1.053365586622415605e-02 0.000000000000000000e+00
8.235780905733497415e-01 -1.278849618626510393e-02 0.000000000000000000e+00
8.156733249047338763e-01 -1.494525325198973846e-02 0.000000000000000000e+00
8.078160160540268642e-01 -1.695526099707059600e-02 0.000000000000000000e+00
7.999528308440759794e-01 -1.876985335518025627e-02 0.000000000000000000e+00
7.920304360977283853e-01 -2.034036425999125736e-02 0.000000000000000000e+00
7.839954986378309121e-01 -2.161812764517616337e-02 0.000000000000000000e+00
7.757946852872309451e-01 -2.255447744440753494e-02 0.000000000000000000e+00
7.673746628687754257e-01 -2.310074759135791536e-02 0.000000000000000000e+00
7.586903692694665358e-01 -2.322238265250489014e-02 0.000000000000000000e+00
7.497430247958473126e-01 -2.296378610640878795e-02 0.000000000000000000e+00
7.405499395589496547e-01 -2.239681102200846360e-02 0.000000000000000000e+00
7.311284398242283711e-01 -2.159333802807244032e-02 0.000000000000000000e+00
7.214958518571373824e-01 -2.062524775336926561e-02 0.000000000000000000e+00
7.116695019231314978e-01 -1.956442082666748350e-02 0.000000000000000000e+00
7.016667162876651931e-01 -1.848273787673564150e-02 0.000000000000000000e+00
6.915048212161927221e-01 -1.745207953234226977e-02 0.000000000000000000e+00
6.812011429741683388e-01 -1.654432642225590888e-02 0.000000000000000000e+00
6.707730078270466301e-01 -1.583135917524510286e-02 0.000000000000000000e+00
6.602377420402822938e-01 -1.538505842007839922e-02 0.000000000000000000e+00
6.496115296873777867e-01 -1.526952704409149757e-02 0.000000000000000000e+00
6.389029615497410219e-01 -1.549716150957464525e-02 0.000000000000000000e+00
6.281175307842074007e-01 -1.605926504405223720e-02 0.000000000000000000e+00
6.172607214100767070e-01 -1.694707865311721046e-02 0.000000000000000000e+00
6.063380174466485029e-01 -1.815184334236250724e-02 0.000000000000000000e+00
5.953549029132221282e-01 -1.966480011738106284e-02 0.000000000000000000e+00
5.843168618290974781e-01 -2.147718998376583685e-02 0.000000000000000000e+00
5.732293782135737814e-01 -2.358025394710972986e-02 0.000000000000000000e+00
5.620979360859512663e-01 -2.596523301300570491e-02 0.000000000000000000e+00
5.509280194655287177e-01 -2.862336818704667996e-02 0.000000000000000000e+00
5.397251123716061416e-01 -3.154590047482562498e-02 0.000000000000000000e+00
5.284947362526731807e-01 -3.471996689167799327e-02 0.000000000000000000e+00
5.172427098082764685e-01 -3.810011183060300899e-02 0.000000000000000000e+00
5.059749934887428635e-01 -4.162533716756072061e-02 0.000000000000000000e+00
4.946975486173835201e-01 -4.523454905862180075e-02 0.000000000000000000e+00
4.834163365175090377e-01 -4.886665365985689430e-02 0.000000000000000000e+00
4.721373185124304594e-01 -5.246055712733659754e-02 0.000000000000000000e+00
4.608664559254589399e-01 -5.595516561713165943e-02 0.000000000000000000e+00
4.496097100799046897e-01 -5.928938528531265545e-02 0.000000000000000000e+00
4.383730422990793074e-01 -6.240212228795025129e-02 0.000000000000000000e+00
4.271624139062931702e-01 -6.523228278111513345e-02 0.000000000000000000e+00
4.159837862248576545e-01 -6.771877292087789824e-02 0.000000000000000000e+00
4.048430790401281176e-01 -6.980492512628909407e-02 0.000000000000000000e+00
3.937458150406622504e-01 -7.147638624578728228e-02 0.000000000000000000e+00
3.826972963308941100e-01 -7.274230845789103617e-02 0.000000000000000000e+00
3.717028226519234479e-01 -7.361209577674600324e-02 0.000000000000000000e+00
3.607676937448501264e-01 -7.409515221649773387e-02 0.000000000000000000e+00
3.498972093507743963e-01 -7.420088179129184780e-02 0.000000000000000000e+00
3.390966692107960645e-01 -7.393868851527388153e-02 0.000000000000000000e+00
3.283713730660151597e-01 -7.331797640258949644e-02 0.000000000000000000e+00
3.177266206575317109e-01 -7.234814946738424291e-02 0.000000000000000000e+00
3.071677117264454693e-01 -7.103861172380368516e-02 0.000000000000000000e+00
2.966999460138568523e-01 -6.939876718599347072e-02 0.000000000000000000e+00
2.863270008605925954e-01 -6.743966935175113586e-02 0.000000000000000000e+00
2.760336932043069846e-01 -6.519154696632864510e-02 0.000000000000000000e+00
2.657926719806075200e-01 -6.269699990236775322e-02 0.000000000000000000e+00
2.555763833250673800e-01 -5.999883421796685379e-02 0.000000000000000000e+00
2.453572733732598266e-01 -5.713985597122427790e-02 0.000000000000000000e+00
2.351077882607581215e-01 -5.416287122023830114e-02 0.000000000000000000e+00
2.248003741231352770e-01 -5.111068602310731013e-02 0.000000000000000000e+00
2.144074770959647769e-01 -4.802610643792956657e-02 0.000000000000000000e+00
2.039015433148196332e-01 -4.495193852280340852e-02 0.000000000000000000e+00
1.932550189152734965e-01 -4.193098833582724339e-02 0.000000000000000000e+00
1.824403500328990735e-01 -3.900606193509928432e-02 0.000000000000000000e+00
1.714334662062208525e-01 -3.621803561944568484e-02 0.000000000000000000e+00
1.602601925990496945e-01 -3.358014416964155702e-02 0.000000000000000000e+00
1.489836563603635644e-01 -3.108495755886811832e-02 0.000000000000000000e+00
1.376678823154838804e-01 -2.872454845945733234e-02 0.000000000000000000e+00
1.263768952897315612e-01 -2.649098954374105516e-02 0.000000000000000000e+00
1.151747201084274835e-01 -2.437635348405127120e-02 0.000000000000000000e+00
1.041253815968927326e-01 -2.237271295271984345e-02 0.000000000000000000e+00
9.329290458044808831e-02 -2.047214062207871818e-02 0.000000000000000000e+00
8.274131388441501034e-02 -1.866670916445984513e-02 0.000000000000000000e+00
7.253463433411402872e-02 -1.694849125219509423e-02 0.000000000000000000e+00
6.273689075486625633e-02 -1.530955955761641174e-02 0.000000000000000000e+00
5.341206968864056076e-02 -1.374124992230857725e-02 0.000000000000000000e+00
4.462347041466187963e-02 -1.222167060228310578e-02 0.000000000000000000e+00
3.643379774825894479e-02 -1.071748834570955371e-02 0.000000000000000000e+00
2.890573690368359108e-02 -9.194992643414856906e-03 0.000000000000000000e+00
2.210197309518781988e-02 -7.620472986225990293e-03 0.000000000000000000e+00
1.608519153702388585e-02 -5.960218864969951333e-03 0.000000000000000000e+00
1.091807744344370015e-02 -4.180519770473662897e-03 0.000000000000000000e+00
6.663316028699045601e-03 -2.247665193564131123e-03 0.000000000000000000e+00
3.383592507042290903e-03 -1.279446250682788819e-04 0.000000000000000000e+00
1.141592092725345065e-03 2.212352444186901999e-03 0.000000000000000000e+00
0.000000000000000000e+00 4.806936523374418825e-03 0.000000000000000000e+00
101
0.000000000000000000e+00 4.806936523374418825e-03 0.000000000000000000e+00
1.888585223002321170e-05 7.687548103621212950e-03 0.000000000000000000e+00
1.198160682343301199e-03 1.084061726099353612e-02 0.000000000000000000e+00
3.477576932831846507e-03 1.420726365649686677e-02 0.000000000000000000e+00
6.794271455299636699e-03 1.772663693309060179e-02 0.000000000000000000e+00
1.108538110135054607e-02 2.133788673373414324e-02 0.000000000000000000e+00
1.628804272258787406e-02 2.498016270138679953e-02 0.000000000000000000e+00
2.233939317061593710e-02 2.859261447900812020e-02 0.000000000000000000e+00
2.917656929703827187e-02 3.211439170955744660e-02 0.000000000000000000e+00
3.673670795345851392e-02 3.548464403599414091e-02 0.000000000000000000e+00
4.495694599148053472e-02 3.864252110127762430e-02 0.000000000000000000e+00
5.377442026270785186e-02 4.152717254836722771e-02 0.000000000000000000e+00
6.312625507930298696e-02 4.407920237097624760e-02 0.000000000000000000e+00
7.294919445567425720e-02 4.628332229427229577e-02 0.000000000000000000e+00
8.317954274205711929e-02 4.817523721672749282e-02 0.000000000000000000e+00
9.375357979759023352e-02 4.979349256562991266e-02 0.000000000000000000e+00
1.046075854814121492e-01 5.117663376826762922e-02 0.000000000000000000e+00
1.156778396526619845e-01 5.236320625192877193e-02 0.000000000000000000e+00
1.269006221704781778e-01 5.339175544390143552e-02 0.000000000000000000e+00
1.382122128939991812e-01 5.430082677147367309e-02 0.000000000000000000e+00
1.495488916823639880e-01 5.512896566193357245e-02 0.000000000000000000e+00
1.608469383947107867e-01 5.591471754256922139e-02 0.000000000000000000e+00
1.720426328901788759e-01 5.669662784066875627e-02 0.000000000000000000e+00
1.830731465217035336e-01 5.751279627622737228e-02 0.000000000000000000e+00
1.939126957182852884e-01 5.838280167698205181e-02 0.000000000000000000e+00
2.045850488892205776e-01 5.930144908193017705e-02 0.000000000000000000e+00
2.151174338555963406e-01 6.026181397786287836e-02 0.000000000000000000e+00
2.255370784384990168e-01 6.125697185157125135e-02 0.000000000000000000e+00
2.358712104590158787e-01 6.227999818984646802e-02 0.000000000000000000e+00
2.461470577382329772e-01 6.332396847947958929e-02 0.000000000000000000e+00
2.563918480972374181e-01 6.438195820726178020e-02 0.000000000000000000e+00
2.666328093571157520e-01 6.544704285998417803e-02 0.000000000000000000e+00
2.768971693389546962e-01 6.651229792443784372e-02 0.000000000000000000e+00
2.872121558638410788e-01 6.757079888741396312e-02 0.000000000000000000e+00
2.976047953744774266e-01 6.861563189095076787e-02 0.000000000000000000e+00
3.080900316105202319e-01 6.964052239191391436e-02 0.000000000000000000e+00
3.186640801219038366e-01 7.064018678515149308e-02 0.000000000000000000e+00
3.293215454314901702e-01 7.160942670748862704e-02 0.000000000000000000e+00
3.400570320621413289e-01 7.254304379575043926e-02 0.000000000000000000e+00
3.508651445367187427e-01 7.343583968676201112e-02 0.000000000000000000e+00
3.617404873780843966e-01 7.428261601734845176e-02 0.000000000000000000e+00
3.726776651091003867e-01 7.507817442433492583e-02 0.000000000000000000e+00
3.836712822526278655e-01 7.581731654454647307e-02 0.000000000000000000e+00
3.947159433315292065e-01 7.649484401480824425e-02 0.000000000000000000e+00
4.058062528686661730e-01 7.710555847194532075e-02 0.000000000000000000e+00
4.169368147768643396e-01 7.764427714322845453e-02 0.000000000000000000e+00
4.281021760306074619e-01 7.810727240575929264e-02 0.000000000000000000e+00
4.392967811036525005e-01 7.849343620567184043e-02 0.000000000000000000e+00
4.505150637477596809e-01 7.880193450677215605e-02 0.000000000000000000e+00
4.617514577146892285e-01 7.903193327286614500e-02 0.000000000000000000e+00
4.730003967562007028e-01 7.918259846775980992e-02 0.000000000000000000e+00
4.842563146240541072e-01 7.925309605525908407e-02 0.000000000000000000e+00
4.955136450700095008e-01 7.924259199916995622e-02 0.000000000000000000e+00
5.067668218458272200e-01 7.915025226329840125e-02 0.000000000000000000e+00
5.180102787032671019e-01 7.897524281145043568e-02 0.000000000000000000e+00
5.292384493940890389e-01 7.871672960743195113e-02 0.000000000000000000e+00
5.404457679833734041e-01 7.837388897083125139e-02 0.000000000000000000e+00
5.516267194115768158e-01 7.794757874138646958e-02 0.000000000000000000e+00
5.627758953047031776e-01 7.744218290270650507e-02 0.000000000000000000e+00
5.738879007223626205e-01 7.686252944256619091e-02 0.000000000000000000e+00
5.849573407241642764e-01 7.621344634874024915e-02 0.000000000000000000e+00
5.959788203697179432e-01 7.549976160900348510e-02 0.000000000000000000e+00
6.069469447186334188e-01 7.472630321113064855e-02 0.000000000000000000e+00
6.178563188305205012e-01 7.389789914289647543e-02 0.000000000000000000e+00
6.287015477649887663e-01 7.301937739207575717e-02 0.000000000000000000e+00
6.394772365816484561e-01 7.209556594644329908e-02 0.000000000000000000e+00
6.501779903401084804e-01 7.113129279377380931e-02 0.000000000000000000e+00
6.607984045513189963e-01 7.013138543599550800e-02 0.000000000000000000e+00
6.713298377304705022e-01 6.910050667304232230e-02 0.000000000000000000e+00
6.817557134562477472e-01 6.804291556633135230e-02 0.000000000000000000e+00
6.920582617248282054e-01 6.696281044645589764e-02 0.000000000000000000e+00
7.022197125323889066e-01 6.586438964400923024e-02 0.000000000000000000e+00
7.122222958751069921e-01 6.475185148958462200e-02 0.000000000000000000e+00
7.220482417491607130e-01 6.362939431377533095e-02 0.000000000000000000e+00
7.316797801507269883e-01 6.250121644717465674e-02 0.000000000000000000e+00
7.410991410759831810e-01 6.137151622037585741e-02 0.000000000000000000e+00
7.502885545211072094e-01 6.024449196397223955e-02 0.000000000000000000e+00
7.592302504822757703e-01 5.912434200855704036e-02 0.000000000000000000e+00
7.679064752571183039e-01 5.801525955090765935e-02 0.000000000000000000e+00
7.763157113889621597e-01 5.691632450710679830e-02 0.000000000000000000e+00
7.845031450796980943e-01 5.581190841051664880e-02 0.000000000000000000e+00
7.925223088743857947e-01 5.468375428072869138e-02 0.000000000000000000e+00
8.004267353180863909e-01 5.351360513733440655e-02 0.000000000000000000e+00
8.082699569558595698e-01 5.228320399992528178e-02 0.000000000000000000e+00
8.161055063327664616e-01 5.097429388809276984e-02 0.000000000000000000e+00
8.239869159938667531e-01 4.956861782142832351e-02 0.000000000000000000e+00
8.319677184842216855e-01 4.804791881952346494e-02 0.000000000000000000e+00
8.401014463488910566e-01 4.639393990196964690e-02 0.000000000000000000e+00
8.484416321329358857e-01 4.458842408835840543e-02 0.000000000000000000e+00
8.570418103907279095e-01 4.261311383273837239e-02 0.000000000000000000e+00
8.659692895087747200e-01 4.044587479366472393e-02 0.000000000000000000e+00
8.753380401206535266e-01 3.805143903060464322e-02 0.000000000000000000e+00
8.852719046086330312e-01 3.539176009153584268e-02 0.000000000000000000e+00
8.958947253549819356e-01 3.242879152443612495e-02 0.000000000000000000e+00
9.073303447419699408e-01 2.912448687728311919e-02 0.000000000000000000e+00
9.197026051518649714e-01 2.544079969805457947e-02 0.000000000000000000e+00
9.331353489669361734e-01 2.133968353472827026e-02 0.000000000000000000e+00
9.477524185694523595e-01 1.678309193528190746e-02 0.000000000000000000e+00
9.636776563416822317e-01 1.173297844769334575e-02 0.000000000000000000e+00
1.000000000000000000e+00 0.000000000000000000e+00 0.000000000000000000e+00
