100
1.000000000000000000e+00 0.000000000000000000e+00 0.000000000000000000e+00
9.810035177195894907e-01 2.222576533182309046e-03 0.000000000000000000e+00
9.636166637382888034e-01 3.223323668686273180e-03 0.000000000000000000e+00
9.476579152624265978e-01 3.159838254569031536e-03 0.000000000000000000e+00
9.330042746155502442e-01 2.189717138887719780e-03 0.000000000000000000e+00
9.195327441212096664e-01 4.705571696994770466e-04 0.000000000000000000e+00
9.071203261029522347e-01 -1.840044804938557096e-03 0.000000000000000000e+00
8.956440228843274287e-01 -4.584491936969253487e-03 0.000000000000000000e+00
8.849808367888833960e-01 -7.605187378335466486e-03 0.000000000000000000e+00
8.750077701401691721e-01 -1.074453428098005869e-02 0.000000000000000000e+00
8.656018252617332376e-01 -1.384493579684590268e-02 0.000000000000000000e+00
8.566400044771238509e-01 -1.674879507787584154e-02 0.000000000000000000e+00
8.480090101935062741e-01 -1.932586928311617186e-02 0.000000000000000000e+00
8.396413956305472936e-01 -2.157521378186408323e-02 0.000000000000000000e+00
8.314832483195739865e-01 -2.353405038320787596e-02 0.000000000000000000e+00
8.234806577662850957e-01 -2.523960646391494242e-02 0.000000000000000000e+00
8.155797134763791423e-01 -2.672910940075265071e-02 0.000000000000000000e+00
8.077265049555542031e-01 -2.803978657048835157e-02 0.000000000000000000e+00
7.998671217095083552e-01 -2.920886534988942351e-02 0.000000000000000000e+00
7.919476532439402305e-01 -3.027357311572324156e-02 0.000000000000000000e+00
7.839141890645481281e-01 -3.127113724475715645e-02 0.000000000000000000e+00
7.757128186770306799e-01 -3.223878511375854322e-02 0.000000000000000000e+00
7.672896315870858519e-01 -3.321374409949478385e-02 0.000000000000000000e+00
7.585991360372125181e-01 -3.422529123725856492e-02 0.000000000000000000e+00
7.496429490217333402e-01 -3.525821581170809210e-02 0.000000000000000000e+00
7.404390646089032968e-01 -3.628184120885163955e-02 0.000000000000000000e+00
7.310054933098220076e-01 -3.726547528668677084e-02 0.000000000000000000e+00
7.213602456355898696e-01 -3.817842590321107038e-02 0.000000000000000000e+00
7.115213320973070577e-01 -3.899000091642210175e-02 0.000000000000000000e+00
7.015067632060738578e-01 -3.966950818431748405e-02 0.000000000000000000e+00
6.913345494729900009e-01 -4.018625556489476697e-02 0.000000000000000000e+00
6.810227014091557729e-01 -4.050955091615154186e-02 0.000000000000000000e+00
6.705892295256712377e-01 -4.060870209608537229e-02 0.000000000000000000e+00
6.600521443336367922e-01 -4.045301696269385655e-02 0.000000000000000000e+00
6.494281885426920198e-01 -4.002255439688102989e-02 0.000000000000000000e+00
6.387256765183685348e-01 -3.936884607983300727e-02 0.000000000000000000e+00
6.279494843486383981e-01 -3.857258046685825559e-02 0.000000000000000000e+00
6.171044779790609836e-01 -3.771453202144848388e-02 0.000000000000000000e+00
6.061955233551965527e-01 -3.687547520709539423e-02 0.000000000000000000e+00
5.952274864226049234e-01 -3.613618448729066790e-02 0.000000000000000000e+00
5.842052331268456911e-01 -3.557743432552602780e-02 0.000000000000000000e+00
5.731336294134787845e-01 -3.527999918529314827e-02 0.000000000000000000e+00
5.620175412280642435e-01 -3.532465353008375220e-02 0.000000000000000000e+00
5.508618345161616636e-01 -3.579217182338951392e-02 0.000000000000000000e+00
5.396713752233310846e-01 -3.676332852870216328e-02 0.000000000000000000e+00
5.284511378947412963e-01 -3.830476748500270812e-02 0.000000000000000000e+00
5.172069595400925479e-01 -4.037091147830672994e-02 0.000000000000000000e+00
5.059450884544847149e-01 -4.286266818897566805e-02 0.000000000000000000e+00
4.946717754659532007e-01 -4.568061572012289268e-02 0.000000000000000000e+00
4.833932714025325206e-01 -4.872533217486173934e-02 0.000000000000000000e+00
4.721158270922583555e-01 -5.189739565630554358e-02 0.000000000000000000e+00
4.608456933631659980e-01 -5.509738426756773111e-02 0.000000000000000000e+00
4.495891210432899632e-01 -5.822587611176158195e-02 0.000000000000000000e+00
4.383523609606661542e-01 -6.118344929200047327e-02 0.000000000000000000e+00
4.271416639433290863e-01 -6.387068191139780304e-02 0.000000000000000000e+00
4.159632808193144404e-01 -6.618815207306684434e-02 0.000000000000000000e+00
4.048233930740632314e-01 -6.804462491854514072e-02 0.000000000000000000e+00
3.937275192879219898e-01 -6.942713248423659778e-02 0.000000000000000000e+00
3.826808098027121297e-01 -7.036618344618747467e-02 0.000000000000000000e+00
3.716884110149545895e-01 -7.089275228827426889e-02 0.000000000000000000e+00
3.607554693211702523e-01 -7.103781349437340853e-02 0.000000000000000000e+00
3.498871311178803345e-01 -7.083234154836139107e-02 0.000000000000000000e+00
3.390885428016060521e-01 -7.030731093411467236e-02 0.000000000000000000e+00
3.283648507688684548e-01 -6.949369613550979152e-02 0.000000000000000000e+00
3.177212014161885922e-01 -6.842247163642316277e-02 0.000000000000000000e+00
3.071627411400874030e-01 -6.712461192073126970e-02 0.000000000000000000e+00
2.966946163370862144e-01 -6.563109147231062368e-02 0.000000000000000000e+00
2.863203676636890682e-01 -6.397204308771684000e-02 0.000000000000000000e+00
2.760248690487046574e-01 -6.216781494840121353e-02 0.000000000000000000e+00
2.657809513708148663e-01 -6.023244258090890840e-02 0.000000000000000000e+00
2.555612447911997931e-01 -5.817985630086999066e-02 0.000000000000000000e+00
2.453383794710392585e-01 -5.602398642391459571e-02 0.000000000000000000e+00
2.350849855715133330e-01 -5.377876326567274101e-02 0.000000000000000000e+00
2.247736932538019761e-01 -5.145811714177454810e-02 0.000000000000000000e+00
2.143771326790852028e-01 -4.907597836785008300e-02 0.000000000000000000e+00
2.038679340085428615e-01 -4.664627725952940479e-02 0.000000000000000000e+00
1.932187274033552171e-01 -4.418294413244266972e-02 0.000000000000000000e+00
1.824021430247019238e-01 -4.169990930221986053e-02 0.000000000000000000e+00
1.713942826421807897e-01 -3.921097832429539659e-02 0.000000000000000000e+00
1.602209747079447744e-01 -3.672816971193085950e-02 0.000000000000000000e+00
1.489452233576748774e-01 -3.426216598509716771e-02 0.000000000000000000e+00
1.376309273639326203e-01 -3.182361751294100066e-02 0.000000000000000000e+00
1.263419854992788582e-01 -2.942317466460888167e-02 0.000000000000000000e+00
1.151422965362747797e-01 -2.707148780924752141e-02 0.000000000000000000e+00
1.040957592474815313e-01 -2.477920731600345358e-02 0.000000000000000000e+00
9.326627240545999620e-02 -2.255698355402334376e-02 0.000000000000000000e+00
8.271773478277191782e-02 -2.041546689245382282e-02 0.000000000000000000e+00
7.251404515197772127e-02 -1.836530770044145916e-02 0.000000000000000000e+00
6.271910228563881695e-02 -1.641715634713290101e-02 0.000000000000000000e+00
5.339677185146714244e-02 -1.458022110745438825e-02 0.000000000000000000e+00
4.461032521891650920e-02 -1.283782178088748588e-02 0.000000000000000000e+00
3.642251970533883637e-02 -1.115088532785950097e-02 0.000000000000000000e+00
2.889609567840281668e-02 -9.479600356556813073e-03 0.000000000000000000e+00
2.209379350577725387e-02 -7.784155475165851178e-03 0.000000000000000000e+00
1.607835355513129519e-02 -6.024739291873058150e-03 0.000000000000000000e+00
1.091251619413329162e-02 -4.161540414864810071e-03 0.000000000000000000e+00
6.659021790452386916e-03 -2.154747452327564119e-03 0.000000000000000000e+00
3.380610711757393080e-03 3.545098755231099880e-05 0.000000000000000000e+00
1.140023325716995033e-03 2.448866296588372848e-03 0.000000000000000000e+00
0.000000000000000000e+00 5.125309866594174660e-03 0.000000000000000000e+00
101
0.000000000000000000e+00 5.125309866594174660e-03 0.000000000000000000e+00
2.066082804380022317e-05 8.102056529973197113e-03 0.000000000000000000e+00
1.201859595959242893e-03 1.135804025269585536e-02 0.000000000000000000e+00
3.483183782530659134e-03 1.481385413429944092e-02 0.000000000000000000e+00
6.801600592310949947e-03 1.838755471491113069e-02 0.000000000000000000e+00
1.109407722985314253e-02 2.199719853465811892e-02 0.000000000000000000e+00
1.629758089971001037e-02 2.556084213366750096e-02 0.000000000000000000e+00
2.234907880643447614e-02 2.899654205206661159e-02 0.000000000000000000e+00
2.918553815457955447e-02 3.222235482998258432e-02 0.000000000000000000e+00
3.674392614869791823e-02 3.515633700754257351e-02 0.000000000000000000e+00
4.496120999334259072e-02 3.771654512487378208e-02 0.000000000000000000e+00
5.377435689306613725e-02 3.982103572210335396e-02 0.000000000000000000e+00
6.312032934985170596e-02 4.139036821680178863e-02 0.000000000000000000e+00
7.293594724554346154e-02 4.242100960649780594e-02 0.000000000000000000e+00
8.315786557811606639e-02 4.299718402907384829e-02 0.000000000000000000e+00
9.372273016083675079e-02 4.320800405491870971e-02 0.000000000000000000e+00
1.045671868069729255e-01 4.314258225442114264e-02 0.000000000000000000e+00
1.156278813297922647e-01 4.289003119796993418e-02 0.000000000000000000e+00
1.268414595425618185e-01 4.253946345595387146e-02 0.000000000000000000e+00
1.381445672585488726e-01 4.217999159876173465e-02 0.000000000000000000e+00
1.494738502910209210e-01 4.190072819678226229e-02 0.000000000000000000e+00
1.607659544532449858e-01 4.179078582040427620e-02 0.000000000000000000e+00
1.719575255584890050e-01 4.193927704001654266e-02 0.000000000000000000e+00
1.829860940901936739e-01 4.243391060539775106e-02 0.000000000000000000e+00
1.938259520594660668e-01 4.330406099473713133e-02 0.000000000000000000e+00
2.045005641796471818e-01 4.450107399837891636e-02 0.000000000000000000e+00
2.150368280970268997e-01 4.597084792785687685e-02 0.000000000000000000e+00
2.254616414578952122e-01 4.765928109470472795e-02 0.000000000000000000e+00
2.358019019085426382e-01 4.951227181045633752e-02 0.000000000000000000e+00
2.460845070952586977e-01 5.147571838664541377e-02 0.000000000000000000e+00
2.563363546643336321e-01 5.349551913480574128e-02 0.000000000000000000e+00
2.665843422620573500e-01 5.551757236647107685e-02 0.000000000000000000e+00
2.768553675347198983e-01 5.748777639317517035e-02 0.000000000000000000e+00
2.871763281286114911e-01 5.935202952645184798e-02 0.000000000000000000e+00
2.975739233968257569e-01 6.105668457503640040e-02 0.000000000000000000e+00
3.080629551006720535e-01 6.257536417975617660e-02 0.000000000000000000e+00
3.186397837341932160e-01 6.392395922118131180e-02 0.000000000000000000e+00
3.292991834458621203e-01 6.512199655749423277e-02 0.000000000000000000e+00
3.400359283841509206e-01 6.618900304687731773e-02 0.000000000000000000e+00
3.508447926975316600e-01 6.714450554751298650e-02 0.000000000000000000e+00
3.617205505344768257e-01 6.800803091758358954e-02 0.000000000000000000e+00
3.726579760434586275e-01 6.879910601527157443e-02 0.000000000000000000e+00
3.836518433729488864e-01 6.953725769875929164e-02 0.000000000000000000e+00
3.946969266714203672e-01 7.024201282622920262e-02 0.000000000000000000e+00
4.057880000873453352e-01 7.093289825586367170e-02 0.000000000000000000e+00
4.169198361992703106e-01 7.162931727445648322e-02 0.000000000000000000e+00
4.280870610551757993e-01 7.233913950967393869e-02 0.000000000000000000e+00
4.392840369178809268e-01 7.304947163018216116e-02 0.000000000000000000e+00
4.505050984571948303e-01 7.374524841392111896e-02 0.000000000000000000e+00
4.617445803429260920e-01 7.441140463883066936e-02 0.000000000000000000e+00
4.729968172448830166e-01 7.503287508285079455e-02 0.000000000000000000e+00
4.842561438328742418e-01 7.559459452392129630e-02 0.000000000000000000e+00
4.955168947767085164e-01 7.608149773998212906e-02 0.000000000000000000e+00
5.067734047461945890e-01 7.647851950897319173e-02 0.000000000000000000e+00
5.180200084111411529e-01 7.677059460883446651e-02 0.000000000000000000e+00
5.292510404413567349e-01 7.694265781750574129e-02 0.000000000000000000e+00
5.404608360730519534e-01 7.697969015829508876e-02 0.000000000000000000e+00
5.516438225120027239e-01 7.687418174615393007e-02 0.000000000000000000e+00
5.627946198239491826e-01 7.663436924386807236e-02 0.000000000000000000e+00
5.739078723591285458e-01 7.627047208438009207e-02 0.000000000000000000e+00
5.849782244677770304e-01 7.579270970063259338e-02 0.000000000000000000e+00
5.960003205001309645e-01 7.521130152556813886e-02 0.000000000000000000e+00
6.069688048064273422e-01 7.453646699212938820e-02 0.000000000000000000e+00
6.178783217369029357e-01 7.377842553325884845e-02 0.000000000000000000e+00
6.287235156417940729e-01 7.294739658189913767e-02 0.000000000000000000e+00
6.394990308713380811e-01 7.205359957099291557e-02 0.000000000000000000e+00
6.501995117757706222e-01 7.110725393348266143e-02 0.000000000000000000e+00
6.608195931287903502e-01 7.011857462332214685e-02 0.000000000000000000e+00
6.713506632574930411e-01 6.909625821721225580e-02 0.000000000000000000e+00
6.817761523853574923e-01 6.804527925203991690e-02 0.000000000000000000e+00
6.920782936685317965e-01 6.697005239107385599e-02 0.000000000000000000e+00
7.022393202631630471e-01 6.587499229758267405e-02 0.000000000000000000e+00
7.122414653253991146e-01 6.476451363483511081e-02 0.000000000000000000e+00
7.220669620113878695e-01 6.364303106609973948e-02 0.000000000000000000e+00
7.316980434772769604e-01 6.251495925464531367e-02 0.000000000000000000e+00
7.411169428792138136e-01 6.138471286374046210e-02 0.000000000000000000e+00
7.503058933733465219e-01 6.025670655665388287e-02 0.000000000000000000e+00
7.592471281158221785e-01 5.913535499665421163e-02 0.000000000000000000e+00
7.679228965618534186e-01 5.802506765952129830e-02 0.000000000000000000e+00
7.763316820347874181e-01 5.692508728210413788e-02 0.000000000000000000e+00
7.845186646774597872e-01 5.581979444559269365e-02 0.000000000000000000e+00
7.925373697536743922e-01 5.469091373686716523e-02 0.000000000000000000e+00
8.004413225272358767e-01 5.352016974280773831e-02 0.000000000000000000e+00
8.082840482619477740e-01 5.228928705029461249e-02 0.000000000000000000e+00
8.161190722216149496e-01 5.097999024620790409e-02 0.000000000000000000e+00
8.239999196700410478e-01 4.957400391742783352e-02 0.000000000000000000e+00
8.319801158710309341e-01 4.805305265083459343e-02 0.000000000000000000e+00
8.401131860883883640e-01 4.639886103330833483e-02 0.000000000000000000e+00
8.484526555859178698e-01 4.459315365172930590e-02 0.000000000000000000e+00
8.570520516365150998e-01 4.261765452776865304e-02 0.000000000000000000e+00
8.659786738361635594e-01 4.045021317573244124e-02 0.000000000000000000e+00
8.753464789156459869e-01 3.805555326243699465e-02 0.000000000000000000e+00
8.852792942728970882e-01 3.539562158311797269e-02 0.000000000000000000e+00
8.959009473058513473e-01 3.243236493301114576e-02 0.000000000000000000e+00
9.073352654124453576e-01 2.912773010735208307e-02 0.000000000000000000e+00
9.197060759906126037e-01 2.544366390137648912e-02 0.000000000000000000e+00
9.331372064382886800e-01 2.134211311032008229e-02 0.000000000000000000e+00
9.477524841534082922e-01 1.678502452941852893e-02 0.000000000000000000e+00
9.636757365339063686e-01 1.173434495390763416e-02 0.000000000000000000e+00
1.000000000000000000e+00 0.000000000000000000e+00 0.000000000000000000e+00
