100
1.000000000000000000e+00 0.000000000000000000e+00 0.000000000000000000e+00
9.809787303300578909e-01 -1.374834713244876263e-03 0.000000000000000000e+00
9.635738929078351278e-01 -2.967034218177368871e-03 0.000000000000000000e+00
9.476033099023479789e-01 -4.737798773003168949e-03 0.000000000000000000e+00
9.329431587342881249e-01 -6.648328635927965025e-03 0.000000000000000000e+00
9.194696168243493561e-01 -8.659824065157447140e-03 0.000000000000000000e+00
9.070588615932239085e-01 -1.073348531889730534e-02 0.000000000000000000e+00
8.955870704616044620e-01 -1.283051265535322880e-02 0.000000000000000000e+00
8.849304208501839186e-01 -1.491210633273090669e-02 0.000000000000000000e+00
8.749650901796555136e-01 -1.693946660923603340e-02 0.000000000000000000e+00
8.655672558707117048e-01 -1.887379374307429636e-02 0.000000000000000000e+00
8.566130953440449503e-01 -2.067628799245137608e-02 0.000000000000000000e+00
8.479886238949267963e-01 -2.231566113612842156e-02 0.000000000000000000e+00
8.396263589479456835e-01 -2.379613076232295343e-02 0.000000000000000000e+00
8.314725444960254785e-01 -2.513239511738550591e-02 0.000000000000000000e+00
8.234734265345079463e-01 -2.633915397657373564e-02 0.000000000000000000e+00
8.155752510587344073e-01 -2.743110711514528885e-02 0.000000000000000000e+00
8.077242640640459603e-01 -2.842295430835780137e-02 0.000000000000000000e+00
7.998667115457840371e-01 -2.932939533146891944e-02 0.000000000000000000e+00
7.919488394992897362e-01 -3.016512995973629277e-02 0.000000000000000000e+00
7.839168939199046005e-01 -3.094485796841756758e-02 0.000000000000000000e+00
7.757171208029701726e-01 -3.168327913277037972e-02 0.000000000000000000e+00
7.672957661438275512e-01 -3.239509322805238234e-02 0.000000000000000000e+00
7.586074640513084111e-01 -3.309145719521909557e-02 0.000000000000000000e+00
7.496537860271162979e-01 -3.376370332625031750e-02 0.000000000000000000e+00
7.404526210749787785e-01 -3.439627199327252582e-02 0.000000000000000000e+00
7.310218745816577934e-01 -3.497359664881389413e-02 0.000000000000000000e+00
7.213794519339151723e-01 -3.548011074540265847e-02 0.000000000000000000e+00
7.115432585185127445e-01 -3.590024773556702714e-02 0.000000000000000000e+00
7.015311997222125617e-01 -3.621844107183520151e-02 0.000000000000000000e+00
6.913611809317767865e-01 -3.641912420673540374e-02 0.000000000000000000e+00
6.810511075339663600e-01 -3.648673059279584213e-02 0.000000000000000000e+00
6.706188849155438891e-01 -3.640569368254471111e-02 0.000000000000000000e+00
6.600824184632712033e-01 -3.616044692851025366e-02 0.000000000000000000e+00
6.494583655699363023e-01 -3.574333143114393624e-02 0.000000000000000000e+00
6.387550869643880969e-01 -3.519925833429130707e-02 0.000000000000000000e+00
6.279775588158194033e-01 -3.459458432296585312e-02 0.000000000000000000e+00
6.171307473094700402e-01 -3.399572934336446417e-02 0.000000000000000000e+00
6.062196186305808254e-01 -3.346911334168403696e-02 0.000000000000000000e+00
5.952491389643917996e-01 -3.308115626412139881e-02 0.000000000000000000e+00
5.842242744961435585e-01 -3.289827805687349505e-02 0.000000000000000000e+00
5.731499914110763649e-01 -3.298689866613716687e-02 0.000000000000000000e+00
5.620312558944305925e-01 -3.341343803810930407e-02 0.000000000000000000e+00
5.508730341314466150e-01 -3.424431611898678257e-02 0.000000000000000000e+00
5.396802923073646951e-01 -3.554595285496650603e-02 0.000000000000000000e+00
5.284581067027920298e-01 -3.737040310692846257e-02 0.000000000000000000e+00
5.172124279417118498e-01 -3.965563866752192662e-02 0.000000000000000000e+00
5.059496235981980616e-01 -4.228522828033896841e-02 0.000000000000000000e+00
4.946760638141475819e-01 -4.514240564325003313e-02 0.000000000000000000e+00
4.833981187314555505e-01 -4.811040445412551048e-02 0.000000000000000000e+00
4.721221584920184400e-01 -5.107245841083579707e-02 0.000000000000000000e+00
4.608545532377323894e-01 -5.391180121125136587e-02 0.000000000000000000e+00
4.496016731104931496e-01 -5.651166655324256494e-02 0.000000000000000000e+00
4.383698882521973039e-01 -5.875528813467981865e-02 0.000000000000000000e+00
4.271655688047403254e-01 -6.052589965343358608e-02 0.000000000000000000e+00
4.159950849100187975e-01 -6.170673480737421529e-02 0.000000000000000000e+00
4.048647005696398571e-01 -6.219453385192156430e-02 0.000000000000000000e+00
3.937796650995136205e-01 -6.201515776539489461e-02 0.000000000000000000e+00
3.827446641656887527e-01 -6.126619306408751658e-02 0.000000000000000000e+00
3.717643773952806763e-01 -6.004599473024339884e-02 0.000000000000000000e+00
3.608434844154049248e-01 -5.845291774610653773e-02 0.000000000000000000e+00
3.499866648531768654e-01 -5.658531709392088105e-02 0.000000000000000000e+00
3.391985983357119760e-01 -5.454154775593043208e-02 0.000000000000000000e+00
3.284839644901261235e-01 -5.241996471437922883e-02 0.000000000000000000e+00
3.178474429435345083e-01 -5.031892295151117744e-02 0.000000000000000000e+00
3.072937133230523310e-01 -4.833677744957028122e-02 0.000000000000000000e+00
2.968274552557957913e-01 -4.657188319080056427e-02 0.000000000000000000e+00
2.864517900705808584e-01 -4.511490805936176074e-02 0.000000000000000000e+00
2.761517238784976791e-01 -4.396715742418486755e-02 0.000000000000000000e+00
2.659005755533930815e-01 -4.307228341856931403e-02 0.000000000000000000e+00
2.556714691818269825e-01 -4.237297728855405482e-02 0.000000000000000000e+00
2.454375288503589936e-01 -4.181193028017803071e-02 0.000000000000000000e+00
2.351718786455487820e-01 -4.133183363948016165e-02 0.000000000000000000e+00
2.248476426539560702e-01 -4.087537861249938148e-02 0.000000000000000000e+00
2.144379449621404699e-01 -4.038525644527463793e-02 0.000000000000000000e+00
2.039159096566615648e-01 -3.980415838384483707e-02 0.000000000000000000e+00
1.932546608240793273e-01 -3.907477567424896825e-02 0.000000000000000000e+00
1.824273225509532304e-01 -3.813979956252590287e-02 0.000000000000000000e+00
1.714104644256591592e-01 -3.694556272667445102e-02 0.000000000000000000e+00
1.602300087729525147e-01 -3.549055704853538301e-02 0.000000000000000000e+00
1.489487740388381887e-01 -3.381226864715705660e-02 0.000000000000000000e+00
1.376304665785052228e-01 -3.194912204216050072e-02 0.000000000000000000e+00
1.263387927471416872e-01 -2.993954175316666105e-02 0.000000000000000000e+00
1.151374588999358461e-01 -2.782195229979659429e-02 0.000000000000000000e+00
1.040901713920764082e-01 -2.563477820167123916e-02 0.000000000000000000e+00
9.326063657875142965e-02 -2.341644397841163155e-02 0.000000000000000000e+00
8.271256081514989644e-02 -2.120537414963879000e-02 0.000000000000000000e+00
7.250965045645947626e-02 -1.903999323497366364e-02 0.000000000000000000e+00
6.271561185786903025e-02 -1.695872575403727794e-02 0.000000000000000000e+00
5.339412414887466374e-02 -1.499770405665945376e-02 0.000000000000000000e+00
4.460837770334307589e-02 -1.315191146057821149e-02 0.000000000000000000e+00
3.642114013459051697e-02 -1.138073847101382478e-02 0.000000000000000000e+00
2.889516511637834489e-02 -9.642402002253396692e-03 0.000000000000000000e+00
2.209320632246833740e-02 -7.895118968584070168e-03 0.000000000000000000e+00
1.607801742662194264e-02 -6.097106284293008979e-03 0.000000000000000000e+00
1.091235210260073536e-02 -4.206580863667305770e-03 0.000000000000000000e+00
6.658964024166398772e-03 -2.181759620994135583e-03 0.000000000000000000e+00
3.380606865080489857e-03 1.914052943941327301e-05 0.000000000000000000e+00
1.140034299104464776e-03 2.437902673346179633e-03 0.000000000000000000e+00
0.000000000000000000e+00 5.116309896439002330e-03 0.000000000000000000e+00
101
0.000000000000000000e+00 5.116309896439002330e-03 0.000000000000000000e+00
2.063733137982981549e-05 8.093600214280771352e-03 0.000000000000000000e+00
1.201812523434068894e-03 1.135047502898435708e-02 0.000000000000000000e+00
3.483124672930247318e-03 1.480909912921253742e-02 0.000000000000000000e+00
6.801552566486929186e-03 1.838909223347811803e-02 0.000000000000000000e+00
1.109407499072290887e-02 2.201007406029390975e-02 0.000000000000000000e+00
1.629767073225675197e-02 2.559166432817263151e-02 0.000000000000000000e+00
2.234931857770737842e-02 2.905348275562725027e-02 0.000000000000000000e+00
2.918599731369311487e-02 3.231514906117050751e-02 0.000000000000000000e+00
3.674468572683288470e-02 3.529628296331518283e-02 0.000000000000000000e+00
4.496236260374524007e-02 3.791650418057411487e-02 0.000000000000000000e+00
5.377600673104866030e-02 4.009543243146004160e-02 0.000000000000000000e+00
6.312259185247433291e-02 4.175514452272259536e-02 0.000000000000000000e+00
7.293893877041715545e-02 4.289223614029030046e-02 0.000000000000000000e+00
8.316169147101401538e-02 4.358945462639154250e-02 0.000000000000000000e+00
9.372748409101089306e-02 4.393434632371699677e-02 0.000000000000000000e+00
1.045729507671543657e-01 4.401445757495738714e-02 0.000000000000000000e+00
1.156347256361911213e-01 4.391733472280337502e-02 0.000000000000000000e+00
1.268494428348673764e-01 4.373052410994568429e-02 0.000000000000000000e+00
1.381537364999290973e-01 4.354157207907501104e-02 0.000000000000000000e+00
1.494842407681230001e-01 4.343802497288202363e-02 0.000000000000000000e+00
1.607775897761951900e-01 4.350742913405743900e-02 0.000000000000000000e+00
1.719704176608924662e-01 4.383733090529195325e-02 0.000000000000000000e+00
1.830002431819242603e-01 4.451386413495863476e-02 0.000000000000000000e+00
1.938413446648932226e-01 4.556446797315399228e-02 0.000000000000000000e+00
2.045171705135418183e-01 4.693807077065907662e-02 0.000000000000000000e+00
2.150546018813635218e-01 4.857811974141314215e-02 0.000000000000000000e+00
2.254805199218520018e-01 5.042806209935534606e-02 0.000000000000000000e+00
2.358218057885011765e-01 5.243134505842506066e-02 0.000000000000000000e+00
2.461053406348044370e-01 5.453141583256145009e-02 0.000000000000000000e+00
2.563580056142556463e-01 5.667172163570378257e-02 0.000000000000000000e+00
2.666066818803482508e-01 5.879570968179129165e-02 0.000000000000000000e+00
2.768782505865760024e-01 6.084682718476318308e-02 0.000000000000000000e+00
2.871995928864324310e-01 6.276852135855877368e-02 0.000000000000000000e+00
2.975973918032663867e-01 6.450471803960551587e-02 0.000000000000000000e+00
3.080864425517204630e-01 6.602806041362487000e-02 0.000000000000000000e+00
3.186631142429425245e-01 6.735570355774399276e-02 0.000000000000000000e+00
3.293221909469201680e-01 6.850863152899593078e-02 0.000000000000000000e+00
3.400584567336411568e-01 6.950782838441374456e-02 0.000000000000000000e+00
3.508666956730927544e-01 7.037427818103043908e-02 0.000000000000000000e+00
3.617416918352625577e-01 7.112896497587904709e-02 0.000000000000000000e+00
3.726782292901378857e-01 7.179287282599264297e-02 0.000000000000000000e+00
3.836710921077061132e-01 7.238698578840420395e-02 0.000000000000000000e+00
3.947150643579550033e-01 7.293228792014680439e-02 0.000000000000000000e+00
4.058049301108719864e-01 7.344976327825347706e-02 0.000000000000000000e+00
4.169354719113977925e-01 7.396027865960752568e-02 0.000000000000000000e+00
4.281013299627010604e-01 7.447375626775727675e-02 0.000000000000000000e+00
4.392968882234811190e-01 7.498041578685325781e-02 0.000000000000000000e+00
4.505165038482142337e-01 7.546841593665443160e-02 0.000000000000000000e+00
4.617545339913765035e-01 7.592591543691971923e-02 0.000000000000000000e+00
4.730053358074436942e-01 7.634107300740804181e-02 0.000000000000000000e+00
4.842632664508915719e-01 7.670204736787830657e-02 0.000000000000000000e+00
4.955226830761962353e-01 7.699699723808943463e-02 0.000000000000000000e+00
5.067779428378341722e-01 7.721408133780036098e-02 0.000000000000000000e+00
5.180234028902810373e-01 7.734145838677006224e-02 0.000000000000000000e+00
5.292534203880129295e-01 7.736728710475737625e-02 0.000000000000000000e+00
5.404623529811664051e-01 7.727976231234195970e-02 0.000000000000000000e+00
5.516446388028211079e-01 7.707294070086609383e-02 0.000000000000000000e+00
5.627948847586009551e-01 7.675317129112331493e-02 0.000000000000000000e+00
5.739077190055923428e-01 7.632835092659508158e-02 0.000000000000000000e+00
5.849777697008807786e-01 7.580637645076292175e-02 0.000000000000000000e+00
5.959996650015523256e-01 7.519514470710826626e-02 0.000000000000000000e+00
6.069680330646926025e-01 7.450255253911261533e-02 0.000000000000000000e+00
6.178775020473882273e-01 7.373649679025741366e-02 0.000000000000000000e+00
6.287227001067247079e-01 7.290487430402410596e-02 0.000000000000000000e+00
6.394982553997887731e-01 7.201558192389424795e-02 0.000000000000000000e+00
6.501987960836653757e-01 7.107651649334922883e-02 0.000000000000000000e+00
6.608189407521176673e-01 7.009557227756496589e-02 0.000000000000000000e+00
6.713500660322548885e-01 6.907976949610980522e-02 0.000000000000000000e+00
6.817756014293911981e-01 6.803398579657642109e-02 0.000000000000000000e+00
6.920777810334083346e-01 6.696277653835419619e-02 0.000000000000000000e+00
7.022388389341875925e-01 6.587069708083238828e-02 0.000000000000000000e+00
7.122410092216099331e-01 6.476230278340042168e-02 0.000000000000000000e+00
7.220665259855576501e-01 6.364214900544752640e-02 0.000000000000000000e+00
7.316976233159121490e-01 6.251479110636305736e-02 0.000000000000000000e+00
7.411165353025541691e-01 6.138478444553637642e-02 0.000000000000000000e+00
7.503054960353663372e-01 6.025668438235680380e-02 0.000000000000000000e+00
7.592467396042290595e-01 5.913504627621364584e-02 0.000000000000000000e+00
7.679225163978986579e-01 5.802442026457668017e-02 0.000000000000000000e+00
7.763313104838703849e-01 5.692415545297183077e-02 0.000000000000000000e+00
7.845183022043288323e-01 5.581864014720761685e-02 0.000000000000000000e+00
7.925370169250666175e-01 5.468958903024598306e-02 0.000000000000000000e+00
8.004409800118773566e-01 5.351871678504882546e-02 0.000000000000000000e+00
8.082837168305542219e-01 5.228773809457812338e-02 0.000000000000000000e+00
8.161187527468904968e-01 5.097836764179572433e-02 0.000000000000000000e+00
8.239996131266792423e-01 4.957232010966357988e-02 0.000000000000000000e+00
8.319798233357138528e-01 4.805131018114362773e-02 0.000000000000000000e+00
8.401129087397875006e-01 4.639705253919779171e-02 0.000000000000000000e+00
8.484523947046935799e-01 4.459126186678804421e-02 0.000000000000000000e+00
8.570518086053289242e-01 4.261565228266249450e-02 0.000000000000000000e+00
8.659784502232913406e-01 4.044807022056907952e-02 0.000000000000000000e+00
8.753462767582379511e-01 3.805325937920645690e-02 0.000000000000000000e+00
8.852791161369032436e-01 3.539319147530291254e-02 0.000000000000000000e+00
8.959007962860224827e-01 3.242983822558684337e-02 0.000000000000000000e+00
9.073351451323318217e-01 2.912517134678645203e-02 0.000000000000000000e+00
9.197059906025646381e-01 2.544116255563008341e-02 0.000000000000000000e+00
9.331371606234574179e-01 2.133978356884607547e-02 0.000000000000000000e+00
9.477524831217442047e-01 1.678300610316273145e-02 0.000000000000000000e+00
9.636757860241605966e-01 1.173280187530848818e-02 0.000000000000000000e+00
1.000000000000000000e+00 0.000000000000000000e+00 0.000000000000000000e+00
