100
1.000000000000000000e+00 0.000000000000000000e+00 0.000000000000000000e+00
9.809789722588678762e-01 -1.312186667357254219e-03 0.000000000000000000e+00
9.635744334374672926e-01 -2.859335881766644685e-03 0.000000000000000000e+00
9.476040399448373286e-01 -4.600507747569207266e-03 0.000000000000000000e+00
9.329439844348856870e-01 -6.494762369105974362e-03 0.000000000000000000e+00
9.194704595615219578e-01 -8.501159850717981623e-03 0.000000000000000000e+00
9.070596579786541769e-01 -1.057876029674626600e-02 0.000000000000000000e+00
8.955877723401912682e-01 -1.268662381153185491e-02 0.000000000000000000e+00
8.849309953000418227e-01 -1.478381049941578963e-02 0.000000000000000000e+00
8.749655195121149864e-01 -1.682938046473910626e-02 0.000000000000000000e+00
8.655675376303192392e-01 -1.878239381184283394e-02 0.000000000000000000e+00
8.566132423085628389e-01 -2.060191064506800354e-02 0.000000000000000000e+00
8.479886560659676276e-01 -2.225564607105350381e-02 0.000000000000000000e+00
8.396262656919250000e-01 -2.375222606929858205e-02 0.000000000000000000e+00
8.314722733688708622e-01 -2.511235275216458854e-02 0.000000000000000000e+00
8.234728832800296550e-01 -2.635672999366616559e-02 0.000000000000000000e+00
8.155742996086242647e-01 -2.750606166781791387e-02 0.000000000000000000e+00
8.077227265378783549e-01 -2.858105164863443751e-02 0.000000000000000000e+00
7.998643682510152564e-01 -2.960240381013034758e-02 0.000000000000000000e+00
7.919454289312588546e-01 -3.059082202632026556e-02 0.000000000000000000e+00
7.839121127618321472e-01 -3.156701017121878866e-02 0.000000000000000000e+00
7.757106239259590197e-01 -3.255167211884053141e-02 0.000000000000000000e+00
7.672871666068626917e-01 -3.356551174320011183e-02 0.000000000000000000e+00
7.585963516681368812e-01 -3.462301997055318437e-02 0.000000000000000000e+00
7.496398312609919845e-01 -3.570392191596521297e-02 0.000000000000000000e+00
7.404356111570459253e-01 -3.677585656956434274e-02 0.000000000000000000e+00
7.310017135472137717e-01 -3.780645078681511145e-02 0.000000000000000000e+00
7.213561606224114797e-01 -3.876333142318207081e-02 0.000000000000000000e+00
7.115169745735538953e-01 -3.961412533412974474e-02 0.000000000000000000e+00
7.015021775915568636e-01 -4.032645937512270573e-02 0.000000000000000000e+00
6.913297918673355635e-01 -4.086796040162548466e-02 0.000000000000000000e+00
6.810178395918055072e-01 -4.120625526910264014e-02 0.000000000000000000e+00
6.705843429558816515e-01 -4.130897083301868222e-02 0.000000000000000000e+00
6.600473241504799526e-01 -4.114373394883820423e-02 0.000000000000000000e+00
6.494235348417470854e-01 -4.068931424322582563e-02 0.000000000000000000e+00
6.387212802471692319e-01 -3.999855848578451334e-02 0.000000000000000000e+00
6.279454199210601217e-01 -3.915453264161191521e-02 0.000000000000000000e+00
6.171008032535363341e-01 -3.824039181797529025e-02 0.000000000000000000e+00
6.061922796347133380e-01 -3.733929112214189744e-02 0.000000000000000000e+00
5.952246984547072683e-01 -3.653438566137896110e-02 0.000000000000000000e+00
5.842029091036340382e-01 -3.590883054295376103e-02 0.000000000000000000e+00
5.731317609716092276e-01 -3.554578087413352849e-02 0.000000000000000000e+00
5.620161034487494156e-01 -3.552839176218552941e-02 0.000000000000000000e+00
5.508607859251697381e-01 -3.593981831437699503e-02 0.000000000000000000e+00
5.396706577909866631e-01 -3.686321563797520517e-02 0.000000000000000000e+00
5.284506909662262109e-01 -3.836560207667244482e-02 0.000000000000000000e+00
5.172068304655943471e-01 -4.038584278472040490e-02 0.000000000000000000e+00
5.059454853456429868e-01 -4.280169021700092752e-02 0.000000000000000000e+00
4.946730675207657857e-01 -4.549052046073233380e-02 0.000000000000000000e+00
4.833959889053546788e-01 -4.832970960313291708e-02 0.000000000000000000e+00
4.721206614138029889e-01 -5.119663373142094298e-02 0.000000000000000000e+00
4.608534969605034837e-01 -5.396866893281478811e-02 0.000000000000000000e+00
4.496009074598485977e-01 -5.652319129453269725e-02 0.000000000000000000e+00
4.383693048262316538e-01 -5.873757690379297763e-02 0.000000000000000000e+00
4.271651009740449756e-01 -6.048920184781396425e-02 0.000000000000000000e+00
4.159947078176819413e-01 -6.165544221381392270e-02 0.000000000000000000e+00
4.048644283780670206e-01 -6.212755872233009791e-02 0.000000000000000000e+00
3.937795246704350882e-01 -6.192954716608799898e-02 0.000000000000000000e+00
3.827446804396124058e-01 -6.115913661816449465e-02 0.000000000000000000e+00
3.717645732348476839e-01 -5.991484612849806712e-02 0.000000000000000000e+00
3.608438806053895220e-01 -5.829519474702715698e-02 0.000000000000000000e+00
3.499872801004866862e-01 -5.639870152369019091e-02 0.000000000000000000e+00
3.391994492693880536e-01 -5.432388550842567193e-02 0.000000000000000000e+00
3.284850656613422792e-01 -5.216926575117206838e-02 0.000000000000000000e+00
3.178488068255982957e-01 -5.003336130186778613e-02 0.000000000000000000e+00
3.072953503114044804e-01 -4.801469121045130739e-02 0.000000000000000000e+00
2.968293736680098216e-01 -4.621177452686111436e-02 0.000000000000000000e+00
2.864539959007550429e-01 -4.471548917206357582e-02 0.000000000000000000e+00
2.761542179420500842e-01 -4.352788494272496339e-02 0.000000000000000000e+00
2.659033516449947898e-01 -4.259370316822114894e-02 0.000000000000000000e+00
2.556745140447002074e-01 -4.185673003680646237e-02 0.000000000000000000e+00
2.454408221762779674e-01 -4.126075173673526830e-02 0.000000000000000000e+00
2.351753930748391730e-01 -4.074955445626189665e-02 0.000000000000000000e+00
2.248513437754951771e-01 -4.026692438364071203e-02 0.000000000000000000e+00
2.144417913133571663e-01 -3.975664770712605822e-02 0.000000000000000000e+00
2.039198527235361880e-01 -3.916251061497227209e-02 0.000000000000000000e+00
1.932586450411441781e-01 -3.842829929543373213e-02 0.000000000000000000e+00
1.824312853012918789e-01 -3.749779993676474743e-02 0.000000000000000000e+00
1.714143367033034437e-01 -3.631833968992147221e-02 0.000000000000000000e+00
1.602337246709280572e-01 -3.488796580646778139e-02 0.000000000000000000e+00
1.489522778424305915e-01 -3.324264390114430034e-02 0.000000000000000000e+00
1.376337129359598288e-01 -3.141925209823838439e-02 0.000000000000000000e+00
1.263417466696639679e-01 -2.945466852203730557e-02 0.000000000000000000e+00
1.151400957616914578e-01 -2.738577129682847472e-02 0.000000000000000000e+00
1.040924769301909136e-01 -2.524943854689914655e-02 0.000000000000000000e+00
9.326260689331054843e-02 -2.308254839653669024e-02 0.000000000000000000e+00
8.271420236919926894e-02 -2.092197897002846807e-02 0.000000000000000000e+00
7.251098007600488560e-02 -1.880460839166175555e-02 0.000000000000000000e+00
6.271665673187630519e-02 -1.676731478572390799e-02 0.000000000000000000e+00
5.339492143986130507e-02 -1.484474336046910821e-02 0.000000000000000000e+00
4.460896755672082159e-02 -1.303145401552361152e-02 0.000000000000000000e+00
3.642155963193382390e-02 -1.128733393035041485e-02 0.000000000000000000e+00
2.889544807604697840e-02 -9.571127031403435861e-03 0.000000000000000000e+00
2.209338329960751010e-02 -7.841577245136644239e-03 0.000000000000000000e+00
1.607811571316253643e-02 -6.057428498004021819e-03 0.000000000000000000e+00
1.091239572725893198e-02 -4.177424716459481047e-03 0.000000000000000000e+00
6.658973752443823717e-03 -2.160309826957019803e-03 0.000000000000000000e+00
3.380600199264320854e-03 3.517224404945337030e-05 0.000000000000000000e+00
1.140025478267302520e-03 2.450277570105960107e-03 0.000000000000000000e+00
0.000000000000000000e+00 5.126262224758513369e-03 0.000000000000000000e+00
101
0.000000000000000000e+00 5.126262224758513369e-03 0.000000000000000000e+00
2.065384299402953544e-05 8.101837536976838616e-03 0.000000000000000000e+00
1.201849449429460721e-03 1.135718571047464841e-02 0.000000000000000000e+00
3.483181625134816866e-03 1.481395982370957778e-02 0.000000000000000000e+00
6.801624843923015709e-03 1.839126821056293742e-02 0.000000000000000000e+00
1.109415357960730729e-02 2.200821920491604147e-02 0.000000000000000000e+00
1.629774230600060728e-02 2.558392114065011907e-02 0.000000000000000000e+00
2.234936549691628888e-02 2.903748235164664918e-02 0.000000000000000000e+00
2.918599762616726559e-02 3.228801117178687480e-02 0.000000000000000000e+00
3.674461316756667123e-02 3.525461593495209794e-02 0.000000000000000000e+00
4.496218659492753206e-02 3.785640497502362756e-02 0.000000000000000000e+00
5.377569238206288127e-02 4.001248662588275523e-02 0.000000000000000000e+00
6.312210020985886683e-02 4.164445894246993768e-02 0.000000000000000000e+00
7.293823439870565639e-02 4.274942855122041557e-02 0.000000000000000000e+00
8.316075121698329742e-02 4.341179792320343234e-02 0.000000000000000000e+00
9.372629757188548350e-02 4.372083226593171529e-02 0.000000000000000000e+00
1.045715203706062135e-01 4.376579678691802644e-02 0.000000000000000000e+00
1.156330665203400138e-01 4.363595669367510005e-02 0.000000000000000000e+00
1.268475829282805778e-01 4.342057719371571201e-02 0.000000000000000000e+00
1.381517165016216409e-01 4.320892349455258269e-02 0.000000000000000000e+00
1.494821141475574100e-01 4.309026080369845330e-02 0.000000000000000000e+00
1.607754227732815788e-01 4.315385432866609972e-02 0.000000000000000000e+00
1.719682892859887846e-01 4.348896927696825621e-02 0.000000000000000000e+00
1.829982447930081357e-01 4.418339939579358361e-02 0.000000000000000000e+00
1.938395623973964421e-01 4.526379346440369267e-02 0.000000000000000000e+00
2.045156617782663278e-01 4.667501194987824786e-02 0.000000000000000000e+00
2.150533937237122384e-01 4.835620536684395732e-02 0.000000000000000000e+00
2.254796090218278981e-01 5.024652422992756384e-02 0.000000000000000000e+00
2.358211584607080857e-01 5.228511905375586577e-02 0.000000000000000000e+00
2.461048928284468029e-01 5.441114035295558510e-02 0.000000000000000000e+00
2.563576629131383289e-01 5.656373864215347852e-02 0.000000000000000000e+00
2.666063195028769428e-01 5.868206443597628885e-02 0.000000000000000000e+00
2.768777133857566186e-01 6.070526824905073116e-02 0.000000000000000000e+00
2.871986953498719131e-01 6.257250059600361070e-02 0.000000000000000000e+00
2.975959185098822624e-01 6.422345575175845978e-02 0.000000000000000000e+00
3.080841755743706223e-01 6.563045360904576353e-02 0.000000000000000000e+00
3.186598756224993667e-01 6.681638376819684644e-02 0.000000000000000000e+00
3.293178463459550120e-01 6.780848591191726560e-02 0.000000000000000000e+00
3.400529154364241302e-01 6.863399972291267526e-02 0.000000000000000000e+00
3.508599105855923495e-01 6.932016488388859088e-02 0.000000000000000000e+00
3.617336594851461307e-01 6.989422107755062508e-02 0.000000000000000000e+00
3.726689898267716572e-01 7.038340798660441822e-02 0.000000000000000000e+00
3.836607293021547793e-01 7.081496529375544413e-02 0.000000000000000000e+00
3.947037056029820690e-01 7.121613268170938482e-02 0.000000000000000000e+00
4.057927464209395985e-01 7.161414983317178351e-02 0.000000000000000000e+00
4.169226776885837649e-01 7.203610560786330441e-02 0.000000000000000000e+00
4.280881611483310922e-01 7.249501165138171055e-02 0.000000000000000000e+00
4.392835629665716168e-01 7.297853772810242168e-02 0.000000000000000000e+00
4.505032183912307531e-01 7.347170273761746695e-02 0.000000000000000000e+00
4.617414626702329161e-01 7.395952557951883388e-02 0.000000000000000000e+00
4.729926310515026877e-01 7.442702515339855163e-02 0.000000000000000000e+00
4.842510587829645941e-01 7.485922035884855219e-02 0.000000000000000000e+00
4.955110811125434389e-01 7.524113009546092024e-02 0.000000000000000000e+00
5.067670332881643036e-01 7.555777326282760165e-02 0.000000000000000000e+00
5.180132505577517144e-01 7.579416876054066721e-02 0.000000000000000000e+00
5.292440681692303084e-01 7.593533548819207668e-02 0.000000000000000000e+00
5.404538218927027460e-01 7.596633221686174831e-02 0.000000000000000000e+00
5.516369322869466574e-01 7.587869185048140563e-02 0.000000000000000000e+00
5.627879977123950717e-01 7.567752353462116333e-02 0.000000000000000000e+00
5.739016389178684951e-01 7.536964590489586557e-02 0.000000000000000000e+00
5.849724766521868791e-01 7.496187759692037045e-02 0.000000000000000000e+00
5.959951316641705077e-01 7.446103724630959153e-02 0.000000000000000000e+00
6.069642247026396653e-01 7.387394348867831750e-02 0.000000000000000000e+00
6.178743765164150803e-01 7.320741495964146195e-02 0.000000000000000000e+00
6.287202078543164818e-01 7.246827029481385518e-02 0.000000000000000000e+00
6.394963394651650423e-01 7.166332812981042466e-02 0.000000000000000000e+00
6.501973920977801580e-01 7.079940710024595907e-02 0.000000000000000000e+00
6.608179769487910749e-01 6.988332487067000498e-02 0.000000000000000000e+00
6.713494670219392058e-01 6.892156991446599101e-02 0.000000000000000000e+00
6.817752974499051710e-01 6.791982374968134895e-02 0.000000000000000000e+00
6.920777093414433034e-01 6.688364651119019233e-02 0.000000000000000000e+00
7.022389438053078248e-01 6.581859833386657921e-02 0.000000000000000000e+00
7.122412419502530678e-01 6.473023935258465089e-02 0.000000000000000000e+00
7.220668448850338095e-01 6.362412970221846542e-02 0.000000000000000000e+00
7.316979937184043825e-01 6.250582951764213635e-02 0.000000000000000000e+00
7.411169295591187867e-01 6.138089893372973560e-02 0.000000000000000000e+00
7.503058935159320209e-01 6.025489808535541836e-02 0.000000000000000000e+00
7.592471266975980848e-01 5.913338710739323573e-02 0.000000000000000000e+00
7.679228865101478396e-01 5.802192068994722896e-02 0.000000000000000000e+00
7.763316624470404381e-01 5.692063053208703399e-02 0.000000000000000000e+00
7.845186356990058174e-01 5.581404906650368203e-02 0.000000000000000000e+00
7.925373316623588460e-01 5.468392100358945157e-02 0.000000000000000000e+00
8.004412757334149475e-01 5.351199105373660031e-02 0.000000000000000000e+00
8.082839933084889905e-01 5.228000392733742063e-02 0.000000000000000000e+00
8.161190097838967317e-01 5.096970433478411472e-02 0.000000000000000000e+00
8.239998505559524844e-01 4.956283698646897495e-02 0.000000000000000000e+00
8.319800410209720054e-01 4.804114659278426597e-02 0.000000000000000000e+00
8.401131065752703853e-01 4.638637786412225239e-02 0.000000000000000000e+00
8.484525726151629366e-01 4.458027551087525436e-02 0.000000000000000000e+00
8.570519665460524239e-01 4.260458367772980426e-02 0.000000000000000000e+00
8.659785880712717043e-01 4.043716859735289881e-02 0.000000000000000000e+00
8.753463939437228225e-01 3.804275912081651195e-02 0.000000000000000000e+00
8.852792115654294358e-01 3.538330478748540758e-02 0.000000000000000000e+00
8.959008683384149796e-01 3.242075513672443288e-02 0.000000000000000000e+00
9.073351916647044435e-01 2.911705970789823378e-02 0.000000000000000000e+00
9.197060089463201527e-01 2.543416804037162970e-02 0.000000000000000000e+00
9.331371475852864306e-01 2.133402967350941926e-02 0.000000000000000000e+00
9.477524349836264905e-01 1.677859414667635940e-02 0.000000000000000000e+00
9.636756985433646561e-01 1.172981099923734588e-02 0.000000000000000000e+00
1.000000000000000000e+00 0.000000000000000000e+00 0.000000000000000000e+00
