100
1.000000000000000000e+00 0.000000000000000000e+00 0.000000000000000000e+00
9.810062468015970927e-01 2.559553482057886232e-03 0.000000000000000000e+00
9.636256783927056313e-01 4.473191657422833679e-03 0.000000000000000000e+00
9.476764328087283751e-01 5.783939036325941481e-03 0.000000000000000000e+00
9.330347160632875836e-01 6.534820128998308775e-03 0.000000000000000000e+00
9.195767341700079589e-01 6.768859445671035133e-03 0.000000000000000000e+00
9.071786931425119826e-01 6.529081496575219259e-03 0.000000000000000000e+00
8.957167989944235797e-01 5.858510791941954655e-03 0.000000000000000000e+00
8.850672577393656759e-01 4.800171842002346964e-03 0.000000000000000000e+00
8.751062753909621961e-01 3.397089156987494890e-03 0.000000000000000000e+00
8.657100579628366210e-01 1.692287247128493669e-03 0.000000000000000000e+00
8.567548114686116545e-01 -2.712093773435553939e-04 0.000000000000000000e+00
8.481266521435805172e-01 -2.447443890696876165e-03 0.000000000000000000e+00
8.397585403259935077e-01 -4.776598860061049244e-03 0.000000000000000000e+00
8.315972638667280536e-01 -7.194765457744310005e-03 0.000000000000000000e+00
8.235896126338060341e-01 -9.638034259206668466e-03 0.000000000000000000e+00
8.156823764952479960e-01 -1.204249583990811903e-02 0.000000000000000000e+00
8.078223453190750414e-01 -1.434424077530864136e-02 0.000000000000000000e+00
7.999563089733079391e-01 -1.647935964086823940e-02 0.000000000000000000e+00
7.920310573259679021e-01 -1.838394301204690495e-02 0.000000000000000000e+00
7.839933802450756994e-01 -1.999408146430463329e-02 0.000000000000000000e+00
7.757900675986527661e-01 -2.124586557310140927e-02 0.000000000000000000e+00
7.673679092547194269e-01 -2.207538591389723512e-02 0.000000000000000000e+00
7.586819451336203057e-01 -2.243514539250012277e-02 0.000000000000000000e+00
7.497333799992658143e-01 -2.236948544293505120e-02 0.000000000000000000e+00
7.405394675454765041e-01 -2.195467461060714512e-02 0.000000000000000000e+00
7.311174775794558878e-01 -2.126701349625420567e-02 0.000000000000000000e+00
7.214846799084082551e-01 -2.038280270061406871e-02 0.000000000000000000e+00
7.116583443395373410e-01 -1.937834282442455966e-02 0.000000000000000000e+00
7.016557406800471020e-01 -1.832993446842350396e-02 0.000000000000000000e+00
6.914941387371414949e-01 -1.731387823334872011e-02 0.000000000000000000e+00
6.811908083180239215e-01 -1.640647471993803008e-02 0.000000000000000000e+00
6.707630192298991156e-01 -1.568402452892926624e-02 0.000000000000000000e+00
6.602280412799702569e-01 -1.522282826106025229e-02 0.000000000000000000e+00
6.496020075447420661e-01 -1.509102393400640028e-02 0.000000000000000000e+00
6.388934941150287150e-01 -1.530248471324425000e-02 0.000000000000000000e+00
6.281079942679873573e-01 -1.584894683898506809e-02 0.000000000000000000e+00
6.172509921869299143e-01 -1.672208125077565694e-02 0.000000000000000000e+00
6.063279720551679741e-01 -1.791355888816279635e-02 0.000000000000000000e+00
5.953444180560129029e-01 -1.941505069069326614e-02 0.000000000000000000e+00
5.843058143727766218e-01 -2.121822759791387042e-02 0.000000000000000000e+00
5.732176451887707191e-01 -2.331476054937136472e-02 0.000000000000000000e+00
5.620853946873070051e-01 -2.569632048461255661e-02 0.000000000000000000e+00
5.509145470516966236e-01 -2.835457834318420856e-02 0.000000000000000000e+00
5.397105864652517182e-01 -3.128120506463313855e-02 0.000000000000000000e+00
5.284790364751487113e-01 -3.446370125231237175e-02 0.000000000000000000e+00
5.172257332442135036e-01 -3.785644798831630520e-02 0.000000000000000000e+00
5.059566620129997139e-01 -4.139803257422717403e-02 0.000000000000000000e+00
4.946778089401682177e-01 -4.502694504431081074e-02 0.000000000000000000e+00
4.833951601843798351e-01 -4.868167543283298537e-02 0.000000000000000000e+00
4.721147019042957749e-01 -5.230071377405946798e-02 0.000000000000000000e+00
4.608424202585771901e-01 -5.582255010225611186e-02 0.000000000000000000e+00
4.495843014058845122e-01 -5.918567445168863850e-02 0.000000000000000000e+00
4.383463315048795050e-01 -6.232857685662285263e-02 0.000000000000000000e+00
4.271344967142223226e-01 -6.518974735132460063e-02 0.000000000000000000e+00
4.159547831925746175e-01 -6.770767597005959704e-02 0.000000000000000000e+00
4.048131322564789691e-01 -6.982552662148522327e-02 0.000000000000000000e+00
3.937150565383617518e-01 -7.153114477267739912e-02 0.000000000000000000e+00
3.826658305400210680e-01 -7.283719614220318661e-02 0.000000000000000000e+00
3.716707262119280375e-01 -7.375661237229790002e-02 0.000000000000000000e+00
3.607350155045538354e-01 -7.430232510519675648e-02 0.000000000000000000e+00
3.498639703683694702e-01 -7.448726598313507030e-02 0.000000000000000000e+00
3.390628627538463391e-01 -7.432436664834803086e-02 0.000000000000000000e+00
3.283369646114559504e-01 -7.382655874307100796e-02 0.000000000000000000e+00
3.176915478916689795e-01 -7.300677390953919099e-02 0.000000000000000000e+00
3.071318845449567125e-01 -7.187794378998783873e-02 0.000000000000000000e+00
2.966632465217907688e-01 -7.045300002665223771e-02 0.000000000000000000e+00
2.862892878409520336e-01 -6.874579237143151056e-02 0.000000000000000000e+00
2.759948540653288651e-01 -6.678084360106709139e-02 0.000000000000000000e+00
2.657526562701359452e-01 -6.458956231477931687e-02 0.000000000000000000e+00
2.555352032891269332e-01 -6.220347187549652573e-02 0.000000000000000000e+00
2.453150039560555440e-01 -5.965409564614704285e-02 0.000000000000000000e+00
2.350645671046751872e-01 -5.697295698965918614e-02 0.000000000000000000e+00
2.247564015687393835e-01 -5.419157926896131516e-02 0.000000000000000000e+00
2.143630161820020141e-01 -5.134148584698173395e-02 0.000000000000000000e+00
2.038569197782162667e-01 -4.845420008664874656e-02 0.000000000000000000e+00
1.932106211911362448e-01 -4.556124535089076111e-02 0.000000000000000000e+00
1.823966292545151635e-01 -4.269414500263601225e-02 0.000000000000000000e+00
1.713909308383144425e-01 -3.988336784361269649e-02 0.000000000000000000e+00
1.602193315655368877e-01 -3.714427733423982664e-02 0.000000000000000000e+00
1.489448815746374222e-01 -3.448094417702005088e-02 0.000000000000000000e+00
1.376315272973992199e-01 -3.189716731300475117e-02 0.000000000000000000e+00
1.263432151656050662e-01 -2.939674568324516374e-02 0.000000000000000000e+00
1.151438916110380239e-01 -2.698347822879270871e-02 0.000000000000000000e+00
1.040975030654809480e-01 -2.466116389069863621e-02 0.000000000000000000e+00
9.326799596071651266e-02 -2.243360161001431777e-02 0.000000000000000000e+00
8.271931672852832207e-02 -2.030459032779109718e-02 0.000000000000000000e+00
7.251541180069855097e-02 -1.827792898508025926e-02 0.000000000000000000e+00
6.272022760901052596e-02 -1.635741652293314780e-02 0.000000000000000000e+00
5.339767596656001120e-02 -1.454562348406152929e-02 0.000000000000000000e+00
4.461104721176927662e-02 -1.282306820418459108e-02 0.000000000000000000e+00
3.642309412408591129e-02 -1.115119444960431354e-02 0.000000000000000000e+00
2.889655175818884800e-02 -9.490817046672730267e-03 0.000000000000000000e+00
2.209415516875773769e-02 -7.802750821741917357e-03 0.000000000000000000e+00
1.607863941047198500e-02 -6.047810601163969985e-03 0.000000000000000000e+00
1.091273953801088700e-02 -4.186811211290911335e-03 0.000000000000000000e+00
6.659190606053625415e-03 -2.180567478474848293e-03 0.000000000000000000e+00
3.380727669279954845e-03 1.010577093219899164e-05 0.000000000000000000e+00
1.140085782368943602e-03 2.424393710578139679e-03 0.000000000000000000e+00
0.000000000000000000e+00 5.101481514110878593e-03 0.000000000000000000e+00
101
0.000000000000000000e+00 5.101481514110878593e-03 0.000000000000000000e+00
2.058762802955748487e-05 8.078373878712609424e-03 0.000000000000000000e+00
1.201757749383970371e-03 1.134192454285288219e-02 0.000000000000000000e+00
3.483211224059495296e-03 1.482883628628852216e-02 0.000000000000000000e+00
6.802031163229411807e-03 1.847363141231062045e-02 0.000000000000000000e+00
1.109530067806734424e-02 2.221083222421027861e-02 0.000000000000000000e+00
1.630010287974613045e-02 2.597496102527848544e-02 0.000000000000000000e+00
2.235352087943962007e-02 2.970054011880650380e-02 0.000000000000000000e+00
2.919263778832086736e-02 3.332209180808535370e-02 0.000000000000000000e+00
3.675453671756326313e-02 3.677413839640612109e-02 0.000000000000000000e+00
4.497630077833998652e-02 3.999120218705989882e-02 0.000000000000000000e+00
5.379501308182433467e-02 4.290780548333771038e-02 0.000000000000000000e+00
6.314774553234489551e-02 4.546004199521769956e-02 0.000000000000000000e+00
7.297123015163178850e-02 4.763166325110416294e-02 0.000000000000000000e+00
8.320180602141040438e-02 4.946151822636122436e-02 0.000000000000000000e+00
9.377579033503649630e-02 5.099152505003835822e-02 0.000000000000000000e+00
1.046295002858662060e-01 5.226360185118501811e-02 0.000000000000000000e+00
1.156992530672559250e-01 5.331966675885072698e-02 0.000000000000000000e+00
1.269213658725613370e-01 5.420163790208495924e-02 0.000000000000000000e+00
1.382321558951385976e-01 5.495143340993716152e-02 0.000000000000000000e+00
1.495679403283436681e-01 5.561097141145680822e-02 0.000000000000000000e+00
1.608650363655323157e-01 5.622217003569339455e-02 0.000000000000000000e+00
1.720597612000612231e-01 5.682694741169640879e-02 0.000000000000000000e+00
1.830893232934968917e-01 5.746676681727037189e-02 0.000000000000000000e+00
1.939279668094765485e-01 5.816419067076255417e-02 0.000000000000000000e+00
2.045994753531560351e-01 5.891649935266481120e-02 0.000000000000000000e+00
2.151310910661015652e-01 5.971920820846314537e-02 0.000000000000000000e+00
2.255500560898790197e-01 6.056783258364356604e-02 0.000000000000000000e+00
2.358836125660551952e-01 6.145788782369214498e-02 0.000000000000000000e+00
2.461590026361956673e-01 6.238488927409487073e-02 0.000000000000000000e+00
2.564034684418668997e-01 6.334435228033780119e-02 0.000000000000000000e+00
2.666442521246349950e-01 6.433179218790696652e-02 0.000000000000000000e+00
2.769085958260660285e-01 6.534272434228835524e-02 0.000000000000000000e+00
2.872237416877262972e-01 6.637266408896802528e-02 0.000000000000000000e+00
2.976167301960129241e-01 6.741709678532226135e-02 0.000000000000000000e+00
3.081025025271757478e-01 6.846970850214166571e-02 0.000000000000000000e+00
3.186772459267367963e-01 6.952139641600919850e-02 0.000000000000000000e+00
3.293355343988652595e-01 7.056281779862963455e-02 0.000000000000000000e+00
3.400719419477301608e-01 7.158462992170787353e-02 0.000000000000000000e+00
3.508810425775006903e-01 7.257749005694871802e-02 0.000000000000000000e+00
3.617574102923460377e-01 7.353205547605699832e-02 0.000000000000000000e+00
3.726956190964352267e-01 7.443898345073760026e-02 0.000000000000000000e+00
3.836902429939371140e-01 7.528893125269525699e-02 0.000000000000000000e+00
3.947358559890210561e-01 7.607255615363492374e-02 0.000000000000000000e+00
4.058270320858563540e-01 7.678051542526136142e-02 0.000000000000000000e+00
4.169583448249387647e-01 7.740350228234238461e-02 0.000000000000000000e+00
4.281243244693693772e-01 7.793556472137073976e-02 0.000000000000000000e+00
4.393194233740362886e-01 7.837679003605077521e-02 0.000000000000000000e+00
4.505380857443091469e-01 7.872789725536162575e-02 0.000000000000000000e+00
4.617747557855573781e-01 7.898960540828234289e-02 0.000000000000000000e+00
4.730238777031500197e-01 7.916263352379203366e-02 0.000000000000000000e+00
4.842798957024562201e-01 7.924770063086972183e-02 0.000000000000000000e+00
4.955372539888454053e-01 7.924552575849450053e-02 0.000000000000000000e+00
5.067903967676873345e-01 7.915682793564542130e-02 0.000000000000000000e+00
5.180337682443508784e-01 7.898232619130164667e-02 0.000000000000000000e+00
5.292618126242056853e-01 7.872273955444217264e-02 0.000000000000000000e+00
5.404689744076428548e-01 7.837879422563208409e-02 0.000000000000000000e+00
5.516497459993329189e-01 7.795238089171194207e-02 0.000000000000000000e+00
5.627987202591062665e-01 7.744783216455258801e-02 0.000000000000000000e+00
5.739105026958833955e-01 7.686978813777425867e-02 0.000000000000000000e+00
5.849796988185838043e-01 7.622288890499727410e-02 0.000000000000000000e+00
5.960009141361279905e-01 7.551177455984185716e-02 0.000000000000000000e+00
6.069687541574358969e-01 7.474108519592832789e-02 0.000000000000000000e+00
6.178778243914276880e-01 7.391546090687689530e-02 0.000000000000000000e+00
6.287227303470233064e-01 7.303954178630779615e-02 0.000000000000000000e+00
6.394980775331435829e-01 7.211796792784140597e-02 0.000000000000000000e+00
6.501984714587076830e-01 7.115537942509787828e-02 0.000000000000000000e+00
6.608185080854060978e-01 7.015641611467114680e-02 0.000000000000000000e+00
6.713495468638688290e-01 6.912563070119225050e-02 0.000000000000000000e+00
6.817750134963780351e-01 6.806736230032182922e-02 0.000000000000000000e+00
6.920771402814318574e-01 6.698591789941565899e-02 0.000000000000000000e+00
7.022381595175287705e-01 6.588560448582952978e-02 0.000000000000000000e+00
7.122403035031671381e-01 6.477072904691923150e-02 0.000000000000000000e+00
7.220658045368461009e-01 6.364559857004051246e-02 0.000000000000000000e+00
7.316968949170639114e-01 6.251452004254914874e-02 0.000000000000000000e+00
7.411158069423190442e-01 6.138180045180093719e-02 0.000000000000000000e+00
7.503047729111100850e-01 6.025174678515166082e-02 0.000000000000000000e+00
7.592460251219352863e-01 5.912866602995707488e-02 0.000000000000000000e+00
7.679218121726832935e-01 5.801686001404988274e-02 0.000000000000000000e+00
7.763306168534902518e-01 5.691549168021018540e-02 0.000000000000000000e+00
7.845176197062897483e-01 5.580894193740775638e-02 0.000000000000000000e+00
7.925363465605965718e-01 5.467895001876207917e-02 0.000000000000000000e+00
8.004403232459259554e-01 5.350725515739261640e-02 0.000000000000000000e+00
8.082830755917923549e-01 5.227559658641891399e-02 0.000000000000000000e+00
8.161181294277107812e-01 5.096571353896035134e-02 0.000000000000000000e+00
8.239990105831960232e-01 4.955934524813644659e-02 0.000000000000000000e+00
8.319792448877627589e-01 4.803823094706670405e-02 0.000000000000000000e+00
8.401123581709261101e-01 4.638410986887057247e-02 0.000000000000000000e+00
8.484518762622008659e-01 4.457872124666759778e-02 0.000000000000000000e+00
8.570513270001954842e-01 4.260380374658089692e-02 0.000000000000000000e+00
8.659780105607323142e-01 4.043720927533347997e-02 0.000000000000000000e+00
8.753458843022895453e-01 3.804362238537379454e-02 0.000000000000000000e+00
8.852787762606219024e-01 3.538494197649766360e-02 0.000000000000000000e+00
8.959005144714842217e-01 3.242306694850102811e-02 0.000000000000000000e+00
9.073349269706322273e-01 2.911989620117962779e-02 0.000000000000000000e+00
9.197058417938197561e-01 2.543732863432934116e-02 0.000000000000000000e+00
9.331370869768024212e-01 2.133726314774605365e-02 0.000000000000000000e+00
9.477524905553346146e-01 1.678159864122560213e-02 0.000000000000000000e+00
9.636758805651713944e-01 1.173223401456396919e-02 0.000000000000000000e+00
1.000000000000000000e+00 0.000000000000000000e+00 0.000000000000000000e+00
