100
1.000000000000000000e+00 0.000000000000000000e+00 0.000000000000000000e+00
9.809744270637598129e-01 -1.972470268825355678e-03 0.000000000000000000e+00
9.635665982711256738e-01 -3.994076754532388009e-03 0.000000000000000000e+00
9.475940528228911086e-01 -6.045763151430186971e-03 0.000000000000000000e+00
9.329328314418424695e-01 -8.108473153827840813e-03 0.000000000000000000e+00
9.194589748507687732e-01 -1.016315045603444385e-02 0.000000000000000000e+00
9.070485237724568162e-01 -1.219073875235908086e-02 0.000000000000000000e+00
8.955775189296945049e-01 -1.417218173711084182e-02 0.000000000000000000e+00
8.849220010452693019e-01 -1.608842310459882019e-02 0.000000000000000000e+00
8.749580108419692248e-01 -1.792040654913210768e-02 0.000000000000000000e+00
8.655615890425818471e-01 -1.964907576501979253e-02 0.000000000000000000e+00
8.566087763698945201e-01 -2.125537444657095085e-02 0.000000000000000000e+00
8.479854710671194118e-01 -2.272491821602311626e-02 0.000000000000000000e+00
8.396241663696966118e-01 -2.406540618478172217e-02 0.000000000000000000e+00
8.314711094928141089e-01 -2.529105610173422447e-02 0.000000000000000000e+00
8.234725496580775905e-01 -2.641608666669993319e-02 0.000000000000000000e+00
8.155747360870918561e-01 -2.745471657949813057e-02 0.000000000000000000e+00
8.077239180014614828e-01 -2.842116453994809541e-02 0.000000000000000000e+00
7.998663446227908258e-01 -2.932964924786912037e-02 0.000000000000000000e+00
7.919482651726853506e-01 -3.019438940308048422e-02 0.000000000000000000e+00
7.839159288727495234e-01 -3.102960370540147617e-02 0.000000000000000000e+00
7.757155849445881435e-01 -3.184951085465138887e-02 0.000000000000000000e+00
7.672934826098062322e-01 -3.266832955064950111e-02 0.000000000000000000e+00
7.586042640156009931e-01 -3.349604613982520157e-02 0.000000000000000000e+00
7.496495356291394963e-01 -3.431896397551800759e-02 0.000000000000000000e+00
7.404472307806548859e-01 -3.511515316111368107e-02 0.000000000000000000e+00
7.310152991928137167e-01 -3.586267553368271965e-02 0.000000000000000000e+00
7.213716905882828767e-01 -3.653959293029565569e-02 0.000000000000000000e+00
7.115343546897289206e-01 -3.712396718802301460e-02 0.000000000000000000e+00
7.015212412198182923e-01 -3.759386014393533565e-02 0.000000000000000000e+00
6.913502999012178796e-01 -3.792733363510314426e-02 0.000000000000000000e+00
6.810394804565937932e-01 -3.810244949859695890e-02 0.000000000000000000e+00
6.706067326086128100e-01 -3.809726957148730497e-02 0.000000000000000000e+00
6.600700060799418178e-01 -3.788985569084472871e-02 0.000000000000000000e+00
6.494459941813889303e-01 -3.746738150198564155e-02 0.000000000000000000e+00
6.387430375977282138e-01 -3.687759595144526198e-02 0.000000000000000000e+00
6.279660696247751916e-01 -3.619295920972166736e-02 0.000000000000000000e+00
6.171200135070495918e-01 -3.548600434177894003e-02 0.000000000000000000e+00
6.062097924890715861e-01 -3.482926441258115541e-02 0.000000000000000000e+00
5.952403298153609024e-01 -3.429527248709234727e-02 0.000000000000000000e+00
5.842165487304379345e-01 -3.395656163027661878e-02 0.000000000000000000e+00
5.731433724788225215e-01 -3.388566490709800372e-02 0.000000000000000000e+00
5.620257243050346130e-01 -3.415511538252059137e-02 0.000000000000000000e+00
5.508685274535940479e-01 -3.483744612150841552e-02 0.000000000000000000e+00
5.396767051690214423e-01 -3.600519018902557933e-02 0.000000000000000000e+00
5.284552948916257931e-01 -3.771594085222271242e-02 0.000000000000000000e+00
5.172102409693859482e-01 -3.990864412098008018e-02 0.000000000000000000e+00
5.059479202293778455e-01 -4.246566642103909162e-02 0.000000000000000000e+00
4.946747121621366539e-01 -4.526902572804641228e-02 0.000000000000000000e+00
4.833969962581970425e-01 -4.820074001764867305e-02 0.000000000000000000e+00
4.721211520080942914e-01 -5.114282726549250480e-02 0.000000000000000000e+00
4.608535589023632917e-01 -5.397730544722459389e-02 0.000000000000000000e+00
4.496005964315386572e-01 -5.658619253849152958e-02 0.000000000000000000e+00
4.383686440861558342e-01 -5.885150651493997048e-02 0.000000000000000000e+00
4.271640813567492145e-01 -6.065526535221660298e-02 0.000000000000000000e+00
4.159932877338540780e-01 -6.187948702596800243e-02 0.000000000000000000e+00
4.048625369694656140e-01 -6.241962296445735525e-02 0.000000000000000000e+00
3.937770919705427808e-01 -6.229954644633663857e-02 0.000000000000000000e+00
3.827416541276402739e-01 -6.161446807009248600e-02 0.000000000000000000e+00
3.717609188152372068e-01 -6.046036274080098666e-02 0.000000000000000000e+00
3.608395814078126929e-01 -5.893320536353821582e-02 0.000000000000000000e+00
3.499823372798459564e-01 -5.712897084338028342e-02 0.000000000000000000e+00
3.391938818058163885e-01 -5.514363408540325084e-02 0.000000000000000000e+00
3.284789103602032134e-01 -5.307316999468327662e-02 0.000000000000000000e+00
3.178421183174856002e-01 -5.101355347629638742e-02 0.000000000000000000e+00
3.072882010521424401e-01 -4.906075943531869321e-02 0.000000000000000000e+00
2.968218539386536237e-01 -4.731076277682630393e-02 0.000000000000000000e+00
2.864462124980217683e-01 -4.585208408537513186e-02 0.000000000000000000e+00
2.761462789545939822e-01 -4.468658746947437588e-02 0.000000000000000000e+00
2.658953566316476502e-01 -4.376022963373207147e-02 0.000000000000000000e+00
2.556665538707757479e-01 -4.301803549269125199e-02 0.000000000000000000e+00
2.454329790135715561e-01 -4.240502996089494381e-02 0.000000000000000000e+00
2.351677404016281892e-01 -4.186623795288614558e-02 0.000000000000000000e+00
2.248439463765386226e-01 -4.134668438320792533e-02 0.000000000000000000e+00
2.144347052798960263e-01 -4.079139416640328170e-02 0.000000000000000000e+00
2.039131254532932647e-01 -4.014539221701523414e-02 0.000000000000000000e+00
1.932523152383240350e-01 -3.935370344958684374e-02 0.000000000000000000e+00
1.824253829765808133e-01 -3.836135277866108834e-02 0.000000000000000000e+00
1.714088832749951496e-01 -3.711689239678432617e-02 0.000000000000000000e+00
1.602287344134270541e-01 -3.561939857999844861e-02 0.000000000000000000e+00
1.489477589691533543e-01 -3.390571942506728081e-02 0.000000000000000000e+00
1.376296676253954965e-01 -3.201361201174128535e-02 0.000000000000000000e+00
1.263381710653738443e-01 -2.998083341977077210e-02 0.000000000000000000e+00
1.151369799723094833e-01 -2.784514072890623831e-02 0.000000000000000000e+00
1.040898050294231381e-01 -2.564429101889799736e-02 0.000000000000000000e+00
9.326035691993557475e-02 -2.341604136949649098e-02 0.000000000000000000e+00
8.271234632706808698e-02 -2.119814886045214009e-02 0.000000000000000000e+00
7.250948393404081649e-02 -1.902837057151528927e-02 0.000000000000000000e+00
6.271548042407494583e-02 -1.694446358243637679e-02 0.000000000000000000e+00
5.339401916103037743e-02 -1.498190888304765968e-02 0.000000000000000000e+00
4.460829307159655532e-02 -1.313532709697045990e-02 0.000000000000000000e+00
3.642107086742417399e-02 -1.136399572357696050e-02 0.000000000000000000e+00
2.889510727265105425e-02 -9.626026904201164663e-03 0.000000000000000000e+00
2.209315701141513141e-02 -7.879532780177124149e-03 0.000000000000000000e+00
1.607797480785424019e-02 -6.082625492838906328e-03 0.000000000000000000e+00
1.091231538610619618e-02 -4.193417183520503112e-03 0.000000000000000000e+00
6.658933470308954668e-03 -2.170019993555997919e-03 0.000000000000000000e+00
3.380583784600323886e-03 2.945393572061864168e-05 0.000000000000000000e+00
1.140021053118027081e-03 2.446892462975280499e-03 0.000000000000000000e+00
0.000000000000000000e+00 5.124183446873921584e-03 0.000000000000000000e+00
101
0.000000000000000000e+00 5.124183446873921584e-03 0.000000000000000000e+00
2.065468264496113330e-05 8.100621136455704932e-03 0.000000000000000000e+00
1.201843823449825436e-03 1.135584675934281189e-02 0.000000000000000000e+00
3.483150809809714907e-03 1.480984852174036144e-02 0.000000000000000000e+00
6.801538362380527697e-03 1.838002102022668477e-02 0.000000000000000000e+00
1.109396920181838879e-02 2.198375885138011132e-02 0.000000000000000000e+00
1.629740604877919635e-02 2.553845661177888901e-02 0.000000000000000000e+00
2.234881162391918336e-02 2.896150889800149994e-02 0.000000000000000000e+00
2.918514864789403460e-02 3.217031030662620417e-02 0.000000000000000000e+00
3.674337984135985641e-02 3.508225543423132420e-02 0.000000000000000000e+00
4.496046792497266492e-02 3.761473887739518601e-02 0.000000000000000000e+00
5.377337561938803218e-02 3.968515523269607742e-02 0.000000000000000000e+00
6.311906170227241097e-02 4.121351191808097364e-02 0.000000000000000000e+00
7.293436536779022983e-02 4.219905832456447015e-02 0.000000000000000000e+00
8.315598755901083827e-02 4.273265589239574197e-02 0.000000000000000000e+00
9.372062151785051642e-02 4.291026922855937370e-02 0.000000000000000000e+00
1.045649604862258358e-01 4.282786294003996380e-02 0.000000000000000000e+00
1.156256977060537983e-01 4.258140163382210380e-02 0.000000000000000000e+00
1.268395264192505312e-01 4.226684991689039217e-02 0.000000000000000000e+00
1.381431398677325784e-01 4.198017239622942737e-02 0.000000000000000000e+00
1.494732312934163865e-01 4.181733367882376623e-02 0.000000000000000000e+00
1.607664939382183744e-01 4.187429837165802804e-02 0.000000000000000000e+00
1.719596210440554329e-01 4.224703108171681126e-02 0.000000000000000000e+00
1.829901888513830455e-01 4.302985143181844996e-02 0.000000000000000000e+00
1.938324656653216960e-01 4.424872347824703595e-02 0.000000000000000000e+00
2.045097995786030187e-01 4.583817797370308422e-02 0.000000000000000000e+00
2.150489651301858984e-01 4.772636236498255941e-02 0.000000000000000000e+00
2.254767368590284426e-01 4.984142409888143305e-02 0.000000000000000000e+00
2.358198893040897859e-01 5.211151062219575303e-02 0.000000000000000000e+00
2.461051970043280634e-01 5.446476938172147703e-02 0.000000000000000000e+00
2.563594344987021878e-01 5.682934782425459741e-02 0.000000000000000000e+00
2.666093763261705996e-01 5.913339339659110655e-02 0.000000000000000000e+00
2.768817970256915451e-01 6.130505354552692049e-02 0.000000000000000000e+00
2.872034711362240755e-01 6.327247571785814262e-02 0.000000000000000000e+00
2.976009764713312689e-01 6.496448787343010733e-02 0.000000000000000000e+00
3.080890873208497194e-01 6.635074875505186931e-02 0.000000000000000000e+00
3.186642825128402357e-01 6.746420481912612788e-02 0.000000000000000000e+00
3.293214670722001136e-01 6.834324662645079040e-02 0.000000000000000000e+00
3.400555460238269823e-01 6.902626473782375038e-02 0.000000000000000000e+00
3.508614243926179155e-01 6.955164971404288743e-02 0.000000000000000000e+00
3.617340072034705423e-01 6.995779211590605340e-02 0.000000000000000000e+00
3.726681994812820475e-01 7.028308250421116954e-02 0.000000000000000000e+00
3.836589062509493941e-01 7.056591143975608771e-02 0.000000000000000000e+00
3.947010325373704331e-01 7.084466948333874303e-02 0.000000000000000000e+00
4.057894833654424604e-01 7.115774719575697349e-02 0.000000000000000000e+00
4.169191615107070148e-01 7.154331363336648153e-02 0.000000000000000000e+00
4.280847598028388323e-01 7.201886351390547614e-02 0.000000000000000000e+00
4.392805931257650065e-01 7.256467349271547573e-02 0.000000000000000000e+00
4.505009368287368199e-01 7.315712706306184976e-02 0.000000000000000000e+00
4.617400662610051665e-01 7.377260771820998153e-02 0.000000000000000000e+00
4.729922567718206627e-01 7.438749895142521273e-02 0.000000000000000000e+00
4.842517837104339251e-01 7.497818425597289893e-02 0.000000000000000000e+00
4.955129224260960141e-01 7.552104712511836793e-02 0.000000000000000000e+00
5.067699482680581013e-01 7.599247105212701692e-02 0.000000000000000000e+00
5.180171365855708032e-01 7.636883953026422922e-02 0.000000000000000000e+00
5.292487627278849027e-01 7.662653605279530489e-02 0.000000000000000000e+00
5.404591027342579013e-01 7.674200817931785268e-02 0.000000000000000000e+00
5.516425446838069124e-01 7.670210624012373246e-02 0.000000000000000000e+00
5.627937116029737563e-01 7.651549515162583970e-02 0.000000000000000000e+00
5.739072561022442454e-01 7.619358667423102582e-02 0.000000000000000000e+00
5.849778307921031928e-01 7.574779256834614227e-02 0.000000000000000000e+00
5.960000882830357449e-01 7.518952459437798497e-02 0.000000000000000000e+00
6.069686811855267150e-01 7.453019451273346085e-02 0.000000000000000000e+00
6.178782621100618044e-01 7.378121408381935198e-02 0.000000000000000000e+00
6.287234836671257154e-01 7.295399506804252365e-02 0.000000000000000000e+00
6.394989984672043715e-01 7.205994922580984119e-02 0.000000000000000000e+00
6.501994591207816976e-01 7.111048831752811439e-02 0.000000000000000000e+00
6.608195086559243148e-01 7.011701877628957746e-02 0.000000000000000000e+00
6.713505416604587106e-01 6.908914107551636374e-02 0.000000000000000000e+00
6.817759897315399664e-01 6.803202869014764176e-02 0.000000000000000000e+00
6.920780866638750473e-01 6.695018918079000125e-02 0.000000000000000000e+00
7.022390662521704741e-01 6.584813010804994871e-02 0.000000000000000000e+00
7.122411622911328788e-01 6.473035903253412937e-02 0.000000000000000000e+00
7.220666085754696706e-01 6.360138351484898034e-02 0.000000000000000000e+00
7.316976388998873704e-01 6.246571111560111911e-02 0.000000000000000000e+00
7.411164870590927212e-01 6.132784939539709379e-02 0.000000000000000000e+00
7.503053868477929100e-01 6.019230591484348025e-02 0.000000000000000000e+00
7.592465720606941249e-01 5.906358823454679885e-02 0.000000000000000000e+00
7.679222927916934394e-01 5.794619874462738490e-02 0.000000000000000000e+00
7.763310331274279052e-01 5.683949003084960705e-02 0.000000000000000000e+00
7.845179743324506294e-01 5.572800123572566044e-02 0.000000000000000000e+00
7.925366428563378474e-01 5.459362421278159822e-02 0.000000000000000000e+00
8.004405651486663498e-01 5.341825081554346655e-02 0.000000000000000000e+00
8.082832676590119281e-01 5.218377289753732551e-02 0.000000000000000000e+00
8.161182768369515950e-01 5.087208231228916577e-02 0.000000000000000000e+00
8.239991191320613639e-01 4.946507091332506822e-02 0.000000000000000000e+00
8.319793209939178036e-01 4.794463055417108599e-02 0.000000000000000000e+00
8.401124088720974825e-01 4.629265308835323750e-02 0.000000000000000000e+00
8.484519092161765252e-01 4.449103036939763833e-02 0.000000000000000000e+00
8.570513504846885011e-01 4.252165366612053327e-02 0.000000000000000000e+00
8.659780325369430543e-01 4.036240606234171857e-02 0.000000000000000000e+00
8.753459092424923371e-01 3.797759192850740789e-02 0.000000000000000000e+00
8.852788044770164566e-01 3.532864295630543799e-02 0.000000000000000000e+00
8.959005421161960747e-01 3.237699083742377748e-02 0.000000000000000000e+00
9.073349460357132967e-01 2.908406726355017985e-02 0.000000000000000000e+00
9.197058401112471193e-01 2.541130392637254778e-02 0.000000000000000000e+00
9.331370482184796478e-01 2.132013251757879091e-02 0.000000000000000000e+00
9.477523942330906559e-01 1.677198472885676334e-02 0.000000000000000000e+00
9.636757020307613608e-01 1.172829225189446489e-02 0.000000000000000000e+00
1.000000000000000000e+00 0.000000000000000000e+00 0.000000000000000000e+00
