100
1.000000000000000000e+00 0.000000000000000000e+00 0.000000000000000000e+00
9.809980619282103742e-01 1.431628702880831123e-03 0.000000000000000000e+00
9.636072480777507776e-01 1.862026668913399196e-03 0.000000000000000000e+00
9.476458922349126901e-01 1.422772245634657895e-03 0.000000000000000000e+00
9.329908158386360784e-01 2.454437805815573733e-04 0.000000000000000000e+00
9.195188403278621303e-01 -1.538380378708948315e-03 0.000000000000000000e+00
9.071067871415304795e-01 -3.797121884699904571e-03 0.000000000000000000e+00
8.956314777185817588e-01 -6.399202389854365472e-03 0.000000000000000000e+00
8.849697334979558239e-01 -9.213043546635371270e-03 0.000000000000000000e+00
8.749983759185939736e-01 -1.210706700750597414e-02 0.000000000000000000e+00
8.655942264194360636e-01 -1.494969442492922497e-02 0.000000000000000000e+00
8.566341064394222826e-01 -1.760934745136815555e-02 0.000000000000000000e+00
8.480045673736789080e-01 -1.997750527269641363e-02 0.000000000000000000e+00
8.396381526329043110e-01 -2.205463651065046188e-02 0.000000000000000000e+00
8.314809816199908443e-01 -2.387338145224854324e-02 0.000000000000000000e+00
8.234791757182829963e-01 -2.546638507767675155e-02 0.000000000000000000e+00
8.155788563111248113e-01 -2.686629236712115634e-02 0.000000000000000000e+00
8.077261447818604445e-01 -2.810574830076782368e-02 0.000000000000000000e+00
7.998671625138336072e-01 -2.921739785880282311e-02 0.000000000000000000e+00
7.919480308903885657e-01 -3.023388602141223458e-02 0.000000000000000000e+00
7.839148712948690312e-01 -3.118785776878212762e-02 0.000000000000000000e+00
7.757138051106199361e-01 -3.211195808109857525e-02 0.000000000000000000e+00
7.672909537209846587e-01 -3.303883193854764699e-02 0.000000000000000000e+00
7.586008514778976863e-01 -3.399400276204388172e-02 0.000000000000000000e+00
7.496451092079251532e-01 -3.496314384103119816e-02 0.000000000000000000e+00
7.404417035905938027e-01 -3.591807480668313124e-02 0.000000000000000000e+00
7.310086277370098085e-01 -3.683060138087772273e-02 0.000000000000000000e+00
7.213638747582794553e-01 -3.767252928549303520e-02 0.000000000000000000e+00
7.115254377655083617e-01 -3.841566424240713123e-02 0.000000000000000000e+00
7.015113098698033678e-01 -3.903181197349807341e-02 0.000000000000000000e+00
6.913394841822702030e-01 -3.949277820064394512e-02 0.000000000000000000e+00
6.810279538140148192e-01 -3.977036864572278813e-02 0.000000000000000000e+00
6.705947118761436121e-01 -3.983638903061265113e-02 0.000000000000000000e+00
6.600577514797627554e-01 -3.966264507719162447e-02 0.000000000000000000e+00
6.494338011095632801e-01 -3.923123940441796548e-02 0.000000000000000000e+00
6.387311820138262819e-01 -3.859272840303909491e-02 0.000000000000000000e+00
6.279547857739957717e-01 -3.782559364868395835e-02 0.000000000000000000e+00
6.171094938545034214e-01 -3.700839909215816043e-02 0.000000000000000000e+00
6.062001877197819022e-01 -3.621970868426727108e-02 0.000000000000000000e+00
5.952317488342626639e-01 -3.553808637581687413e-02 0.000000000000000000e+00
5.842090586623784887e-01 -3.504209611761256726e-02 0.000000000000000000e+00
5.731369986685609375e-01 -3.481030186045992736e-02 0.000000000000000000e+00
5.620204503172425703e-01 -3.492126755516453129e-02 0.000000000000000000e+00
5.508642950728549481e-01 -3.545355715253195594e-02 0.000000000000000000e+00
5.396734143998304090e-01 -3.648573460336781288e-02 0.000000000000000000e+00
5.284527962536196277e-01 -3.808253256389274727e-02 0.000000000000000000e+00
5.172082743084270851e-01 -4.019883982312814907e-02 0.000000000000000000e+00
5.059460855382612587e-01 -4.273716367835833640e-02 0.000000000000000000e+00
4.946724694008861611e-01 -4.559968883107556187e-02 0.000000000000000000e+00
4.833936653540650830e-01 -4.868859998277207113e-02 0.000000000000000000e+00
4.721159128555619255e-01 -5.190608183494006822e-02 0.000000000000000000e+00
4.608454513631405347e-01 -5.515431908907186820e-02 0.000000000000000000e+00
4.495885203345643677e-01 -5.833549644665966122e-02 0.000000000000000000e+00
4.383513592275976034e-01 -6.135179860919568601e-02 0.000000000000000000e+00
4.271402075000034770e-01 -6.410541027817223680e-02 0.000000000000000000e+00
4.159613046095461120e-01 -6.649851615508149683e-02 0.000000000000000000e+00
4.048208220535449708e-01 -6.844129142593584347e-02 0.000000000000000000e+00
3.937242816373763832e-01 -6.992029914492013665e-02 0.000000000000000000e+00
3.826768442676918291e-01 -7.096453522142896764e-02 0.000000000000000000e+00
3.716836669844814089e-01 -7.160345018960205532e-02 0.000000000000000000e+00
3.607499068277349452e-01 -7.186649458357910469e-02 0.000000000000000000e+00
3.498807208374422606e-01 -7.178311893749982076e-02 0.000000000000000000e+00
3.390812660535935663e-01 -7.138277378550390850e-02 0.000000000000000000e+00
3.283566995161788515e-01 -7.069490966173110069e-02 0.000000000000000000e+00
3.177121782651882165e-01 -6.974897710032108844e-02 0.000000000000000000e+00
3.071528593406110397e-01 -6.857442663541354899e-02 0.000000000000000000e+00
2.966838997824379764e-01 -6.720070880114825673e-02 0.000000000000000000e+00
2.863088511102972467e-01 -6.565640051135594735e-02 0.000000000000000000e+00
2.760126006696160816e-01 -6.395992284377655102e-02 0.000000000000000000e+00
2.657679944031111074e-01 -6.212314472383315134e-02 0.000000000000000000e+00
2.555476775634537012e-01 -6.015782587441029228e-02 0.000000000000000000e+00
2.453242954033153234e-01 -5.807572601839251086e-02 0.000000000000000000e+00
2.350704931753674620e-01 -5.588860487866426779e-02 0.000000000000000000e+00
2.247589161322813278e-01 -5.360822217811015561e-02 0.000000000000000000e+00
2.143622095267285754e-01 -5.124633763961464195e-02 0.000000000000000000e+00
2.038530186113802212e-01 -4.881471098606223608e-02 0.000000000000000000e+00
1.932039886389083083e-01 -4.632510194033753748e-02 0.000000000000000000e+00
1.823877648619837144e-01 -4.378927022532497215e-02 0.000000000000000000e+00
1.713804623412319428e-01 -4.121911025980126708e-02 0.000000000000000000e+00
1.602078970303171257e-01 -3.862844582180963854e-02 0.000000000000000000e+00
1.489330412861810671e-01 -3.603254307898822589e-02 0.000000000000000000e+00
1.376197616386650724e-01 -3.344670291023819214e-02 0.000000000000000000e+00
1.263319246176097532e-01 -3.088622619446054762e-02 0.000000000000000000e+00
1.151333967528557489e-01 -2.836641381055649350e-02 0.000000000000000000e+00
1.040880445742438515e-01 -2.590256663742704704e-02 0.000000000000000000e+00
9.325973461161481126e-02 -2.350998555397336431e-02 0.000000000000000000e+00
8.271233339480971170e-02 -2.120397143909655974e-02 0.000000000000000000e+00
7.250970745366878967e-02 -1.899982517169769569e-02 0.000000000000000000e+00
6.271572331803310085e-02 -1.691284763067789354e-02 0.000000000000000000e+00
5.339421572236187352e-02 -1.495670840957171246e-02 0.000000000000000000e+00
4.460844861041920323e-02 -1.311579226701264748e-02 0.000000000000000000e+00
3.642119220728153028e-02 -1.134915336246195179e-02 0.000000000000000000e+00
2.889520045878890206e-02 -9.615010637273107771e-03 0.000000000000000000e+00
2.209322731078171981e-02 -7.871583032799635976e-03 0.000000000000000000e+00
1.607802670910073520e-02 -6.077089490395082977e-03 0.000000000000000000e+00
1.091235259958612397e-02 -4.189748951412917283e-03 0.000000000000000000e+00
6.658958928078297784e-03 -2.167780357206694139e-03 0.000000000000000000e+00
3.380599640417770221e-03 3.059735087011881266e-05 0.000000000000000000e+00
1.140028682444943400e-03 2.447165231463981506e-03 0.000000000000000000e+00
0.000000000000000000e+00 5.123704343221352139e-03 0.000000000000000000e+00
101
0.000000000000000000e+00 5.123704343221352139e-03 0.000000000000000000e+00
2.064677513705386299e-05 8.099387814725080362e-03 0.000000000000000000e+00
1.201824622817982292e-03 1.135340638309379618e-02 0.000000000000000000e+00
3.483111590912415893e-03 1.480496839398182628e-02 0.000000000000000000e+00
6.801464963503929539e-03 1.837067426297987749e-02 0.000000000000000000e+00
1.109384202467587378e-02 2.196712440567864452e-02 0.000000000000000000e+00
1.629720005851135675e-02 2.551091923766874575e-02 0.000000000000000000e+00
2.234849634909406857e-02 2.891865917454103027e-02 0.000000000000000000e+00
2.918468818050724486e-02 3.210694463188613901e-02 0.000000000000000000e+00
3.674273283683399810e-02 3.499237602529475799e-02 0.000000000000000000e+00
4.495958760215779809e-02 3.749155377035759407e-02 0.000000000000000000e+00
5.377220976056185792e-02 3.952107828266530204e-02 0.000000000000000000e+00
6.311755249689392222e-02 4.100014061891089912e-02 0.000000000000000000e+00
7.293244467386682250e-02 4.192650112296601034e-02 0.000000000000000000e+00
8.315357142473880914e-02 4.238875449234945358e-02 0.000000000000000000e+00
9.371760987644832397e-02 4.248055527048283375e-02 0.000000000000000000e+00
1.045612371559338921e-01 4.229555800078777655e-02 0.000000000000000000e+00
1.156211303901348020e-01 4.192741722668588689e-02 0.000000000000000000e+00
1.268339667059890929e-01 4.146978749159879046e-02 0.000000000000000000e+00
1.381364232304352901e-01 4.101632333894809218e-02 0.000000000000000000e+00
1.494651770904123489e-01 4.066067931215538306e-02 0.000000000000000000e+00
1.607569054128583919e-01 4.049650995464230269e-02 0.000000000000000000e+00
1.719482853247125687e-01 4.061746980983046984e-02 0.000000000000000000e+00
1.829768778538083396e-01 4.111569827382617615e-02 0.000000000000000000e+00
1.938169735890939160e-01 4.202037440837798343e-02 0.000000000000000000e+00
2.044919930628712468e-01 4.327646070507150389e-02 0.000000000000000000e+00
2.150287867552322096e-01 4.482304017713480832e-02 0.000000000000000000e+00
2.254542051462682106e-01 4.659919583779593977e-02 0.000000000000000000e+00
2.357950987160714051e-01 4.854401070028303150e-02 0.000000000000000000e+00
2.460783179447331437e-01 5.059656777782410575e-02 0.000000000000000000e+00
2.563307133123455261e-01 5.269595008364725414e-02 0.000000000000000000e+00
2.665791352989997920e-01 5.478124063098054747e-02 0.000000000000000000e+00
2.768504343847877913e-01 5.679152243305201492e-02 0.000000000000000000e+00
2.871714610498014020e-01 5.866587850308978974e-02 0.000000000000000000e+00
2.975688680894268967e-01 6.034393419666032182e-02 0.000000000000000000e+00
3.080574472167297850e-01 6.179785540963441542e-02 0.000000000000000000e+00
3.186336054671777274e-01 6.305024587535450198e-02 0.000000000000000000e+00
3.292921683985958747e-01 6.412804806587030226e-02 0.000000000000000000e+00
3.400279615688096557e-01 6.505820445323155787e-02 0.000000000000000000e+00
3.508358105356437218e-01 6.586765750948794795e-02 0.000000000000000000e+00
3.617105408569237790e-01 6.658334970668917940e-02 0.000000000000000000e+00
3.726469780904745344e-01 6.723222351688498688e-02 0.000000000000000000e+00
3.836399477941207503e-01 6.784122141212502177e-02 0.000000000000000000e+00
3.946842755256882995e-01 6.843728586445906037e-02 0.000000000000000000e+00
4.057747868430020000e-01 6.904735934593676794e-02 0.000000000000000000e+00
4.169063054337154295e-01 6.969821744478994774e-02 0.000000000000000000e+00
4.280734804311456809e-01 7.040105948121760937e-02 0.000000000000000000e+00
4.392706467348977961e-01 7.113904428879073982e-02 0.000000000000000000e+00
4.504921063744414811e-01 7.189239755109594343e-02 0.000000000000000000e+00
4.617321613792456647e-01 7.264134495171981065e-02 0.000000000000000000e+00
4.729851137787793314e-01 7.336611217424893194e-02 0.000000000000000000e+00
4.842452656025113544e-01 7.404692490226981449e-02 0.000000000000000000e+00
4.955069188799108848e-01 7.466400881936910428e-02 0.000000000000000000e+00
5.067643756404475175e-01 7.519758960913335011e-02 0.000000000000000000e+00
5.180119379135901259e-01 7.562789295514917021e-02 0.000000000000000000e+00
5.292439077288078053e-01 7.593514454100314115e-02 0.000000000000000000e+00
5.404545877482049843e-01 7.609962585638606336e-02 0.000000000000000000e+00
5.516383833581068874e-01 7.611067990716943732e-02 0.000000000000000000e+00
5.627899153572896163e-01 7.597665167772821304e-02 0.000000000000000000e+00
5.739038316687854469e-01 7.570827883915778878e-02 0.000000000000000000e+00
5.849747802156256560e-01 7.531629906255365992e-02 0.000000000000000000e+00
5.959974089208416315e-01 7.481145001901122471e-02 0.000000000000000000e+00
6.069663657074652052e-01 7.420446937962596468e-02 0.000000000000000000e+00
6.178762984985282092e-01 7.350609481549326418e-02 0.000000000000000000e+00
6.287218552170620312e-01 7.272706399770860475e-02 0.000000000000000000e+00
6.394976837860991692e-01 7.187811459736745401e-02 0.000000000000000000e+00
6.501984321286700119e-01 7.096998428556518246e-02 0.000000000000000000e+00
6.608187385913837364e-01 7.001340626962991587e-02 0.000000000000000000e+00
6.713499951134074273e-01 6.901760053973136910e-02 0.000000000000000000e+00
6.817756356262866246e-01 6.798807769530661183e-02 0.000000000000000000e+00
6.920778970086750581e-01 6.692979036486403077e-02 0.000000000000000000e+00
7.022390161392267904e-01 6.584769117691209595e-02 0.000000000000000000e+00
7.122412298965951072e-01 6.474673275995923571e-02 0.000000000000000000e+00
7.220667751594350703e-01 6.363186774251387845e-02 0.000000000000000000e+00
7.316978888063998543e-01 6.250804875308446640e-02 0.000000000000000000e+00
7.411168077161435219e-01 6.138022842017943487e-02 0.000000000000000000e+00
7.503057687673202469e-01 6.025335937230724692e-02 0.000000000000000000e+00
7.592470088385838700e-01 5.913239423797631011e-02 0.000000000000000000e+00
7.679227811066343667e-01 5.802228030975475209e-02 0.000000000000000000e+00
7.763315716022261004e-01 5.692265028358808876e-02 0.000000000000000000e+00
7.845185602585889040e-01 5.581784938622186970e-02 0.000000000000000000e+00
7.925372716086263036e-01 5.468949084292500096e-02 0.000000000000000000e+00
8.004412301852422695e-01 5.351918787896639551e-02 0.000000000000000000e+00
8.082839605213404388e-01 5.228855371961500104e-02 0.000000000000000000e+00
8.161189871498248927e-01 5.097920159013964031e-02 0.000000000000000000e+00
8.239998346035992682e-01 4.957274471580926101e-02 0.000000000000000000e+00
8.319800274155674247e-01 4.805079632189277611e-02 0.000000000000000000e+00
8.401130901186333322e-01 4.639496963365909860e-02 0.000000000000000000e+00
8.484525472457008499e-01 4.458687787637717614e-02 0.000000000000000000e+00
8.570519253388844128e-01 4.260813372709412045e-02 0.000000000000000000e+00
8.659785240802516659e-01 4.043659180308602219e-02 0.000000000000000000e+00
8.753463030540024059e-01 3.803737536902997152e-02 0.000000000000000000e+00
8.852790930969383076e-01 3.537291427637825891e-02 0.000000000000000000e+00
8.959007250458616012e-01 3.240563837658329976e-02 0.000000000000000000e+00
9.073350297375750717e-01 2.909797752109728047e-02 0.000000000000000000e+00
9.197058380088797280e-01 2.541236156137255398e-02 0.000000000000000000e+00
9.331369806965783553e-01 2.131122034886147668e-02 0.000000000000000000e+00
9.477522886374727396e-01 1.675698373501634253e-02 0.000000000000000000e+00
9.636755926683647777e-01 1.171208157128959988e-02 0.000000000000000000e+00
1.000000000000000000e+00 0.000000000000000000e+00 0.000000000000000000e+00
