100
1.0 0.0 0.0
0.9913752567822665 0.00018597859612786628 0.0
0.982465443294943 0.00040778452771589226 0.0
0.9733033889752962 0.000678609944244086 0.0
0.9639309223417363 0.001011646995192455 0.0
0.9543898719126745 0.0014200878300410077 0.0
0.944722066206522 0.0019171245982697507 0.0
0.9349693337416893 0.0025159494493586926 0.0
0.9251732222397074 0.003229096185433789 0.0
0.915359887978283 0.004033012323407564 0.0
0.9055324322319925 0.004850091359785383 0.0
0.8956920638816214 0.005598289945324375 0.0
0.8858399918079557 0.0061955647307816745 0.0
0.87597742489178 0.00655987236691441 0.0
0.8661055720138804 0.006609169504479714 0.0
0.8562256420550425 0.006261412794234721 0.0
0.846334675957876 0.005442608482658912 0.0
0.8363855082205882 0.004164139323948177 0.0
0.8263043477061569 0.00248881052398428 0.0
0.8160170373680361 0.00048013397469321263 0.0
0.8054494201596797 -0.0017983784319990572 0.0
0.794527339034542 -0.004283214804166534 0.0
0.7831766369460759 -0.0069108632498832475 0.0
0.771323158047756 -0.009617812255895773 0.0
0.7589163616809623 -0.012348002206431256 0.0
0.7459898897698727 -0.015071937745087643 0.0
0.7325961345466601 -0.017766040274349706 0.0
0.7187874882434978 -0.020406731196702183 0.0
0.7046163430925592 -0.022970431914629833 0.0
0.6901350913260177 -0.02543356383061744 0.0
0.6753961251760463 -0.027772548347149744 0.0
0.6604514914997439 -0.02996394630196681 0.0
0.6453385048350369 -0.03199026628305793 0.0
0.6300745501965606 -0.033842062850383166 0.0
0.6146755979426448 -0.035510461690708206 0.0
0.5991576184316197 -0.03698658849079873 0.0
0.583536582021816 -0.03826156893742045 0.0
0.5678284590715641 -0.03932652871733905 0.0
0.5520492199391939 -0.04017259351732019 0.0
0.5362148677954884 -0.04079359963183001 0.0
0.5203417104900933 -0.041208552606512946 0.0
0.5044462212265581 -0.04145011772679547 0.0
0.4885448748492954 -0.04155109582824859 0.0
0.47265414620271684 -0.04154428774644329 0.0
0.4567905101312346 -0.04146249431695061 0.0
0.4409704414792608 -0.04133851637534152 0.0
0.42521041504233775 -0.04120515311687179 0.0
0.4095267717146199 -0.0410907092730303 0.0
0.3939354265936175 -0.04100919750859039 0.0
0.37845221033100124 -0.04097179602358484 0.0
0.36309295357844235 -0.04098968301804639 0.0
0.34787348698761156 -0.041074036692007806 0.0
0.3328096412101795 -0.04123603524550186 0.0
0.3179172468978177 -0.04148685687856131 0.0
0.3032121145831907 -0.04183740570149976 0.0
0.2887093696190895 -0.042289251329604934 0.0
0.27442329963071765 -0.04283255066116589 0.0
0.26036814122776836 -0.043456765588609864 0.0
0.24655813101993457 -0.04415135800436405 0.0
0.23300750561690875 -0.044905789800855675 0.0
0.21973050162838445 -0.04570952287051191 0.0
0.20674135566405408 -0.04655201910576002 0.0
0.19405802992521118 -0.047417604917997576 0.0
0.18172891351974416 -0.04824866524505308 0.0
0.16981725321484217 -0.04896710472640891 0.0
0.15838639636866772 -0.049494689343559634 0.0
0.14749969033938337 -0.04975318507799978 0.0
0.13722048248515106 -0.04966435791122393 0.0
0.12761212016413337 -0.04914997382472661 0.0
0.11873790838195004 -0.04813185427598841 0.0
0.11062306465953377 -0.04658171007125642 0.0
0.10318460204595971 -0.04461298494240943 0.0
0.0963204482797226 -0.042364121744362326 0.0
0.08992853109931771 -0.03997356333203014 0.0
0.08390677824324014 -0.0375797525603278 0.0
0.07815311744998482 -0.03532113228417027 0.0
0.07256547645804706 -0.03333614535847255 0.0
0.06704409704662885 -0.03175928780314373 0.0
0.061553446337703446 -0.03061551269429732 0.0
0.056128998220865 -0.0298086637449979 0.0
0.05080990119664547 -0.029236317240499948 0.0
0.045635303765576264 -0.028796049466057936 0.0
0.040644354428189346 -0.028385436706926295 0.0
0.03587620168501646 -0.027902055248359505 0.0
0.03136999403658913 -0.027243481375612017 0.0
0.027161512270156615 -0.026319739891240077 0.0
0.023262253345595178 -0.02513061907225158 0.0
0.019673062706772094 -0.023715279781799162 0.0
0.01639474034197075 -0.022113050906430665 0.0
0.013428086239474992 -0.020363261332693963 0.0
0.010773900387568106 -0.018505239947136834 0.0
0.008432982774533592 -0.01657831563630718 0.0
0.006406122678518561 -0.01462181403014754 0.0
0.004689633879416063 -0.012673699904685748 0.0
0.0032684506371788414 -0.010768477892881835 0.0
0.0021257253128135374 -0.008940110809998916 0.0
0.0012446102673269056 -0.00722256147130018 0.0
0.0006082578617258112 -0.005649792692048746 0.0
0.00019982045701678555 -0.004255767287507792 0.0
0.0 0.0 0.0
100
1.0 0.0 0.0
0.00019241931214777306 -0.0014261074406484429 0.0
0.0005957562794476941 -0.0008700963044391242 0.0
0.0012267587363950412 -0.00039743357867424084 0.0
0.002102174517485425 6.400153761577931e-05 0.0
0.0032387514572141222 0.0005863298454004954 0.0
0.0046532373900765225 0.0012416721456495012 0.0
0.006362380150568125 0.002102149239332359 0.0
0.008381185027724286 0.0032253778324887986 0.0
0.01071352910891999 0.004576348931005556 0.0
0.013358912825277331 0.006083624397756219 0.0
0.016316826134316967 0.007675678918484913 0.0
0.01958675899355933 0.009280987178935683 0.0
0.02316820136052496 0.010828023864852581 0.0
0.02706064319273452 0.012245263661979684 0.0
0.03126352804525226 0.013461375247765632 0.0
0.035765426078469074 0.014450484987816275 0.0
0.04053011777598196 0.01529035582407293 0.0
0.04551794575623954 0.016073123155887863 0.0
0.0506892526376899 0.01689092238261331 0.0
0.05600438103878109 0.017835888903601525 0.0
0.06142367357796197 0.019000158118204796 0.0
0.0669074728736805 0.020475865425775376 0.0
0.07241982811692978 0.022349193858000733 0.0
0.07799641288012166 0.024591305184521316 0.0
0.08373768470769613 0.02706932489465588 0.0
0.08974643531222663 0.02964663004794008 0.0
0.09612545640628657 0.03218659770390973 0.0
0.10297753970244927 0.03455260492210047 0.0
0.11040547691328799 0.036608028762048016 0.0
0.11851205975137609 0.03821624628328804 0.0
0.127380852757719 0.039269872753052576 0.0
0.1369864117183356 0.039827289922102785 0.0
0.14726492183053452 0.04000522859364286 0.0
0.15815252562427523 0.039920484453889016 0.0
0.16958536562951765 0.039689853189057496 0.0
0.18149958437622113 0.03943013048536455 0.0
0.19383132439434583 0.03925811202902639 0.0
0.20651682989506367 0.039290315336033894 0.0
0.21950736378120955 0.03960217114982842 0.0
0.23278494563937274 0.04018496887197281 0.0
0.2463353610269705 0.04101969530308969 0.0
0.2601443955014208 0.04208733724380174 0.0
0.2741978346201405 0.04336888149473155 0.0
0.28848146394054747 0.044845314856501825 0.0
0.3029810690200587 0.04649762412973516 0.0
0.3176823899804608 0.048305357780544345 0.0
0.3325704208433619 0.05022444533078428 0.0
0.3476295453928251 0.052191498297866276 0.0
0.3628441294944463 0.054142560962688255 0.0
0.37819853901382167 0.05601367760614814 0.0
0.3936771398165475 0.057740892509143854 0.0
0.4092642977682205 0.0592602499525734 0.0
0.42494437873443647 0.060507794217334654 0.0
0.4407016415940553 0.06143102204980442 0.0
0.4565198057725575 0.06203517633739939 0.0
0.4723824210521035 0.062343659548214546 0.0
0.4882730371529395 0.06237988077792902 0.0
0.5041752037953123 0.062167249122221976 0.0
0.5200724706994679 0.061729173676772546 0.0
0.5359483875856527 0.06108906353725989 0.0
0.5517865056060188 0.060270272138640744 0.0
0.5675705202096303 0.0592905438404492 0.0
0.5832843927250776 0.05815728779595307 0.0
0.5989121131149032 0.05687680010624827 0.0
0.6144376713416491 0.05545537687243063 0.0
0.6298450573678569 0.053899314195596064 0.0
0.6451182611560696 0.05221490817684039 0.0
0.6602412726688288 0.05040845491725946 0.0
0.6751966653197817 0.04848640298013302 0.0
0.689947056336678 0.0464573487993108 0.0
0.7044403109185402 0.04433147655935379 0.0
0.7186239484272593 0.04211900766703564 0.0
0.7324454882247255 0.03983016352913022 0.0
0.7458524496728293 0.037475165552411274 0.0
0.758792352133461 0.035064235143652554 0.0
0.7712127149685107 0.03260759370962789 0.0
0.7830797774808699 0.030121156029848342 0.0
0.7944438252186234 0.027646398214442 0.0
0.8053787206718681 0.02523196692599129 0.0
0.8159583275287784 0.022926509191454437 0.0
0.8262565094775274 0.020778672037789672 0.0
0.836347130206289 0.018837102491955266 0.0
0.8463040534032372 0.017150447580909365 0.0
0.8562007802987104 0.01576674134267374 0.0
0.8660844376521245 0.01468941329218756 0.0
0.8759583627856666 0.013847836218498952 0.0
0.8858217644002433 0.01316440058355125 0.0
0.8956738511967621 0.012561496849287729 0.0
0.90551383187613 0.011961515477651724 0.0
0.915340915139253 0.011286846930586535 0.0
0.925154309687039 0.010459881670035484 0.0
0.9349513023637827 0.009409837752942398 0.0
0.9447057660655928 0.008149113716355837 0.0
0.9543759426142188 0.00674563911068182 0.0
0.9639197886627824 0.0052683565774632075 0.0
0.9732952608644057 0.0037862087582428592 0.0
0.9824603158722108 0.002368138294563663 0.0
0.9913729103393198 0.0010830878279684127 0.0
0.9999910009188546 0.0 0.0
