100
1.0 0.0 0.0
0.9913845966793013 0.0003134363490220308 0.0
0.9824750883065815 0.0007377627550054675 0.0
0.9733134405110107 0.0012068846533112522 0.0
0.963941554794599 0.0016547074793003256 0.0
0.9544013326593574 0.0020151366683336305 0.0
0.9447346756072966 0.0022220776557721057 0.0
0.9349834851404271 0.0022094358769766953 0.0
0.9251893798100256 0.0019118596956694959 0.0
0.9153784686634185 0.0013047199370039432 0.0
0.9055536289013159 0.0004243860229194938 0.0
0.8957158308150224 -0.0006877657562790167 0.0
0.8858660446958437 -0.001990359110286751 0.0
0.8760052408350841 -0.0034420177487988765 0.0
0.8661343895240495 -0.00500136538151055 0.0
0.8562544610540449 -0.006627025718116941 0.0
0.8463622802490932 -0.008280087682442244 0.0
0.8364107038220799 -0.009947787023613305 0.0
0.8263261063992918 -0.011633107779095642 0.0
0.8160344986702449 -0.013339250411189132 0.0
0.8054618913244554 -0.015069415382193663 0.0
0.7945342950514398 -0.01682680315440912 0.0
0.7831777205407133 -0.018614614190135378 0.0
0.7713181796807048 -0.02043604874253002 0.0
0.7589052777456993 -0.022290191353263034 0.0
0.7459727248736074 -0.024161455021925782 0.0
0.7325729641996483 -0.026030984899540425 0.0
0.71875843885904 -0.027879926137129085 0.0
0.704581591987002 -0.029689423885713925 0.0
0.690094866718753 -0.03144062329631711 0.0
0.6753507061895111 -0.03311466951996076 0.0
0.6604012081046692 -0.03469324391902189 0.0
0.6452837355149375 -0.036180900487429106 0.0
0.6300157187883157 -0.0376131347591302 0.0
0.6146131734122338 -0.039027638589782324 0.0
0.5990921148741212 -0.04046210383504266 0.0
0.583468558661408 -0.04195422235056836 0.0
0.5677585202615243 -0.0435416859920166 0.0
0.5519780151618994 -0.04526218661504453 0.0
0.5361430810667442 -0.047147372548711076 0.0
0.5202699619733926 -0.04917277517127823 0.0
0.5043750138376308 -0.05128347032858798 0.0
0.4884745937262453 -0.053424231646096956 0.0
0.472585058706023 -0.05553983274926181 0.0
0.4567227658437509 -0.05757504726353924 0.0
0.4409040722062159 -0.05947464881438583 0.0
0.42514533481892214 -0.061183416709736586 0.0
0.4094627975936645 -0.06266170024825102 0.0
0.3938723447488966 -0.06391936016259676 0.0
0.3783897891671264 -0.06497607650805902 0.0
0.3630309437308624 -0.06585152933992285 0.0
0.34781162132261256 -0.06656539871347343 0.0
0.33274763482488495 -0.0671373646839959 0.0
0.31785479712018805 -0.06758710730677538 0.0
0.30314890114846327 -0.06793337512051222 0.0
0.2886450606786622 -0.06816319261035868 0.0
0.27435755909884396 -0.0682247971986224 0.0
0.26030062922895264 -0.06806406427269465 0.0
0.24648850388893243 -0.06762686921996666 0.0
0.23293541589872677 -0.06685908742782963 0.0
0.2196555980782802 -0.0657065942836748 0.0
0.20666328324753616 -0.06411526517489342 0.0
0.19397644904329236 -0.06204094055202317 0.0
0.18164365702158658 -0.05952084553631859 0.0
0.16972840306806702 -0.05663194592086209 0.0
0.15829428417843755 -0.05345147655544118 0.0
0.1474048973484018 -0.050056672289843285 0.0
0.13712383957366325 -0.04652476797385579 0.0
0.12751470784992552 -0.04293299845726619 0.0
0.11864105667692855 -0.03935860172249174 0.0
0.1105282240916066 -0.03588163291441 0.0
0.10309297723921787 -0.03259015058318115 0.0
0.09623293332461637 -0.029573624934813546 0.0
0.08984570955265586 -0.026921526175315708 0.0
0.08382892312819064 -0.024723324510696035 0.0
0.07808019125607425 -0.02306849014696302 0.0
0.07249713114116116 -0.022046493290125115 0.0
0.0669796817353721 -0.02174228036823935 0.0
0.061492221220573316 -0.022115242027795093 0.0
0.05607037101734211 -0.022985955951106425 0.0
0.050753439394607795 -0.024167816228647932 0.0
0.04558073462130005 -0.02547421695089421 0.0
0.04059156496634809 -0.026718552208319868 0.0
0.03582523869868147 -0.027714216091399475 0.0
0.03132106408722963 -0.028274602690607654 0.0
0.027114963158956965 -0.028237311546728025 0.0
0.023218440507270094 -0.027614482289755726 0.0
0.019632290606430725 -0.026494812356078517 0.0
0.01635726222502706 -0.024967325894241443 0.0
0.013394104131647313 -0.023121047052789605 0.0
0.010743565094879571 -0.021044999980267987 0.0
0.00840639388331171 -0.01882820882522171 0.0
0.0063833285341387295 -0.016559646471057166 0.0
0.004670622703530629 -0.014306863381387624 0.0
0.0032531279421512717 -0.012082940810061947 0.0
0.0021139103650845226 -0.009892430773494075 0.0
0.0012360360874140298 -0.0077398852880980334 0.0
0.0006025712242238834 -0.005629856370287756 0.0
0.00019658189059783995 -0.0035668960364772513 0.0
0.0 0.0 0.0
100
1.0 0.0 0.0
0.00019318286386669752 0.0022922354732594933 0.0
0.0005969181067636393 0.004114803280689707 0.0
0.0012281467698621754 0.005859463206244443 0.0
0.002103809894333544 0.0075184315471874 0.0
0.0032408485213486506 0.00908392460078224 0.0
0.004656203692078846 0.010548158664292734 0.0
0.006366816447695257 0.01190335003498254 0.0
0.008387842652196564 0.013149798813051316 0.0
0.01072303771431129 0.014339429685442285 0.0
0.013371673310771073 0.01554447098539083 0.0
0.016333010388467947 0.01683719963397875 0.0
0.019606309894293288 0.018289892552287808 0.0
0.023190832775139014 0.019974826661399735 0.0
0.02708583997789673 0.02196427888239632 0.0
0.03129054668938015 0.024330293204086802 0.0
0.03579344522887249 0.02709033106174204 0.0
0.040558581417727765 0.030137414016857517 0.0
0.04554661080464981 0.033347306144727515 0.0
0.05071818893834203 0.036595771520646275 0.0
0.05603397136750836 0.03975857421990805 0.0
0.06145461364085253 0.0427114783178072 0.0
0.06694077130707826 0.04533024788963799 0.0
0.07245678811888098 0.04749549379522632 0.0
0.07803827726352457 0.049181484293452836 0.0
0.0837853148522682 0.05044720039324845 0.0
0.0898002995971351 0.051354675306048 0.0
0.09618563021014905 0.05196594224328633 0.0
0.10304370540333316 0.05234303441639821 0.0
0.1104769238887112 0.052547985036818484 0.0
0.11858768437830625 0.052642827315981945 0.0
0.12745923844881138 0.05268334751508103 0.0
0.13706628268865226 0.05268991471155936 0.0
0.14734530282137753 0.05267043129437242 0.0
0.15823274208079646 0.0526327857897604 0.0
0.16966504370071842 0.052584866723963494 0.0
0.18157865091495265 0.052534562623221925 0.0
0.19391000695730903 0.05248976201377586 0.0
0.2065956559524425 0.052458462231360845 0.0
0.21958704397656265 0.052464732177169106 0.0
0.23286613471830464 0.052565553609736186 0.0
0.24641862856428576 0.052821938268905695 0.0
0.2602302259011243 0.053294897894521305 0.0
0.2742866271154373 0.05404544422642661 0.0
0.28857353259384244 0.05513458900446528 0.0
0.30307664272295715 0.05662334396848092 0.0
0.31778161339994215 0.05856460470020532 0.0
0.3326733699589388 0.06087799104841734 0.0
0.34773624020443106 0.06337411624528795 0.0
0.3629545343955793 0.0658603927507076 0.0
0.37831256279154396 0.06814423302456664 0.0
0.39379463565148526 0.07003304952675551 0.0
0.4093850632345644 0.07133425471716467 0.0
0.42506815579994134 0.07185526105568456 0.0
0.44082811685360135 0.07145471274639148 0.0
0.4566486116258245 0.0702495770182994 0.0
0.47251313607391626 0.06843805662071714 0.0
0.4884051860934035 0.06621838395095349 0.0
0.5043082575798135 0.0637887914063174 0.0
0.5202058464286722 0.06134751138411771 0.0
0.5360814485355073 0.059092776281663345 0.0
0.55191856172614 0.05722170844460345 0.0
0.5677008783472116 0.055819567432522164 0.0
0.5834124491667845 0.05476549595322639 0.0
0.5990373635531908 0.05391643891762966 0.0
0.6145597108747619 0.053129341236645415 0.0
0.6299635804998294 0.052261147821187195 0.0
0.6452330617967258 0.051168803582168486 0.0
0.6603522441337819 0.04970925343050276 0.0
0.6753037935912631 0.04775173852548094 0.0
0.6900503251228188 0.04533872822863252 0.0
0.7045396314712116 0.042640745800604785 0.0
0.7187191578967689 0.03983131651580886 0.0
0.7325363496598154 0.03708396564865608 0.0
0.7459386520206773 0.03457221847355766 0.0
0.7588735102396802 0.032469600264924854 0.0
0.7712883695771499 0.030949636297168945 0.0
0.7831494402803444 0.030133977020528523 0.0
0.7945071810828155 0.029911372354648004 0.0
0.8054356843934952 0.030105238160618678 0.0
0.8160090438222767 0.03053898697954306 0.0
0.8263013529790516 0.031036031352523672 0.0
0.8363867054737122 0.03141978382066304 0.0
0.8463391949161512 0.03151365692506369 0.0
0.8562325501228784 0.031142323380409703 0.0
0.8661139554919595 0.03022215321965584 0.0
0.875986523820984 0.028821761196579074 0.0
0.8858492126829235 0.027024116229658873 0.0
0.8957009796507504 0.024912187237374567 0.0
0.9055407822974363 0.022568943138205618 0.0
0.915367578195952 0.020077352850631443 0.0
0.9251803249192708 0.01752038529313147 0.0
0.9349760777235863 0.014978099629651702 0.0
0.9447287159703944 0.012495105531445028 0.0
0.9543966468705534 0.01009234670570939 0.0
0.9639379953656501 0.00779033510489917 0.0
0.9733108863972717 0.005609582681468741 0.0
0.9824734449070056 0.0035706013878725232 0.0
0.991383795836439 0.001693903176564802 0.0
1.000000064127159 0.0 0.0
