51
0.0 0.0 0.0
0.005766653643876785 0.009450334710743802 0.0
0.013767146506386177 0.013026049586776856 0.0
0.023336276483846733 0.013318028925619835 0.0
0.033812229777109945 0.01289996205860255 0.0
0.044736490859003254 0.013313840345604806 0.0
0.05596565652391686 0.014502523290758827 0.0
0.0673834300025044 0.016271310668670172 0.0
0.07892518294515405 0.018453519283746556 0.0
0.09112693238166791 0.021208163911845733 0.0
0.10491220848985724 0.024904387052341593 0.0
0.121211 0.029914833333333328 0.0
0.14070213410969196 0.03639023754069622 0.0
0.1630597918858002 0.04359369509140997 0.0
0.1877069928625094 0.05056639156023039 0.0
0.21406951878287003 0.05635798660155272 0.0
0.24173888392186327 0.060526584648134235 0.0
0.2705634879789632 0.06341837953919359 0.0
0.300413828324568 0.06544735775106436 0.0
0.3311597131229651 0.06701163298271975 0.0
0.3626629385174055 0.06832479789631855 0.0
0.39478013160530934 0.06948139932381668 0.0
0.4273678333333333 0.070574 0.0
0.4602816954670674 0.07156530503380917 0.0
0.4933738130478337 0.0718985890308039 0.0
0.5264953919358879 0.07088726897069872 0.0
0.5594976601552717 0.06785431179564236 0.0
0.5922331755572251 0.06269568219383923 0.0
0.624556557225144 0.05619549135987978 0.0
0.6563226015527173 0.04921425018782869 0.0
0.6873697583270724 0.04257528349611819 0.0
0.7173464480340597 0.0366696279739544 0.0
0.7457784916103178 0.03160942474330075 0.0
0.7721896666666666 0.02750216666666666 0.0
0.7962950802654646 0.024358784247433003 0.0
0.8185751572752316 0.02180395855246681 0.0
0.8397016520160282 0.01936580828950663 0.0
0.8603390106436263 0.01657832444277484 0.0
0.8807131894565489 0.01332783458552467 0.0
0.9003704854745805 0.01004678800400701 0.0
0.9187987304032055 0.007214612196343597 0.0
0.9355086730528424 0.005269242048585019 0.0
0.9502774735787629 0.004166260831455044 0.0
0.9630541704232405 0.0035500572251439995 0.0
0.9737906666666666 0.0030598333333333337 0.0
0.9824690130227899 0.002417721763085399 0.0
0.9891918507387928 0.0016775771349862242 0.0
0.9940919686952167 0.0009761845730027529 0.0
0.9973013360881542 0.0004493777861257183 0.0
0.9989027410468319 0.0001759055847733526 0.0
1.0 0.0 0.0
51
1.0 0.0 0.0
0.9989027410468319 0.00014603518657650932 0.0
0.9973013360881543 0.00034242248935637383 0.0
0.9940919686952167 0.0007460815176559012 0.0
0.9891918507387929 0.0013189395191585288 0.0
0.9824690130227899 0.0020106096919609295 0.0
0.9737906666666665 0.002770500000000002 0.0
0.9630541704232406 0.003491868144252441 0.0
0.9502774735787627 0.0038433707738542463 0.0
0.9355086730528424 0.0034375142749812175 0.0
0.9187987304032057 0.0018916576508890652 0.0
0.9003704854745804 -0.0008856830703731614 0.0
0.880713189456549 -0.0045346984723265635 0.0
0.8603390106436264 -0.008656758201853262 0.0
0.8397016520160281 -0.012846787628349612 0.0
0.8185751572752316 -0.016624797395442047 0.0
0.7962950802654645 -0.01946246606561483 0.0
0.7721896666666666 -0.020830666666666664 0.0
0.745778491610318 -0.020550778612572 0.0
0.7173464480340596 -0.01984620686200852 0.0
0.6873697583270723 -0.020290862759829716 0.0
0.6563226015527172 -0.023438884172301534 0.0
0.624556557225144 -0.02965800025043824 0.0
0.592233175557225 -0.037477006636614095 0.0
0.5594976601552718 -0.04526651114450288 0.0
0.5264953919358876 -0.051484456423741574 0.0
0.4933738130478337 -0.05560405259203606 0.0
0.4602816954670675 -0.057753521036814415 0.0
0.42736783333333317 -0.058071999999999985 0.0
0.3947801316053092 -0.05674561570247934 0.0
0.3626629385174053 -0.05414844628099172 0.0
0.3311597131229652 -0.05070155785123967 0.0
0.3004138283245678 -0.046828742299023264 0.0
0.27056348797896307 -0.043117337716003 0.0
0.24173888392186332 -0.04040817881292262 0.0
0.2140695187828699 -0.0395639064613073 0.0
0.1877069928625094 -0.041300155271725515 0.0
0.1630597918858 -0.04462361207112449 0.0
0.1407021341096919 -0.047438416729276234 0.0
0.12121100000000004 -0.04763033333333333 0.0
0.10491220848985722 -0.043828467818682666 0.0
0.09112693238166791 -0.03763529351364889 0.0
0.07892518294515395 -0.03139662559479086 0.0
0.06738343000250438 -0.027432167104933628 0.0
0.05596565652391676 -0.026494893062859997 0.0
0.044736490859003226 -0.026909350050087655 0.0
0.03381222977710996 -0.026791187578261964 0.0
0.023336276483846688 -0.02435639876033056 0.0
0.01376714650638618 -0.018987471074380168 0.0
0.005766653643876747 -0.010819469008264408 0.0
0.0 0.0 0.0
