51
0.0 0.0 0.0
0.005766653643876785 0.006668313673929377 0.0
0.013767146506386177 0.008651021788129225 0.0
0.023336276483846733 0.00874486589030804 0.0
0.033812229777109945 0.009722036188329577 0.0
0.044736490859003254 0.012881642499373902 0.0
0.05596565652391686 0.017239520035061358 0.0
0.0673834300025044 0.021615093288254447 0.0
0.07892518294515405 0.024930370272977714 0.0
0.09112693238166791 0.027299892436764336 0.0
0.10491220848985724 0.029607577635862754 0.0
0.121211 0.032750166666666664 0.0
0.14070213410969196 0.03730686463811671 0.0
0.1630597918858002 0.042586733909341354 0.0
0.1877069928625094 0.047581301152016024 0.0
0.21406951878287003 0.05129217555722514 0.0
0.24173888392186327 0.05332591748059104 0.0
0.2705634879789632 0.054226761582769845 0.0
0.300413828324568 0.05461960267968946 0.0
0.3311597131229651 0.055092442023541195 0.0
0.3626629385174055 0.055804393188079136 0.0
0.39478013160530934 0.056637868019033304 0.0
0.4273678333333333 0.05747066666666666 0.0
0.4602816954670674 0.05820863398447283 0.0
0.4933738130478337 0.05886979363886801 0.0
0.5264953919358879 0.059500213999499126 0.0
0.5594976601552717 0.06014352754820936 0.0
0.5922331755572251 0.06069721349862259 0.0
0.624556557225144 0.0608322134986226 0.0
0.6563226015527173 0.06019998209366391 0.0
0.6873697583270724 0.05845876571500124 0.0
0.7173464480340597 0.055345766466316046 0.0
0.7457784916103178 0.050649125594790845 0.0
0.7721896666666666 0.04415783333333334 0.0
0.7962950802654646 0.03596796180816428 0.0
0.8185751572752316 0.027403910718757807 0.0
0.8397016520160282 0.02009716165790131 0.0
0.8603390106436263 0.015658638868019017 0.0
0.8807131894565489 0.014465825569747057 0.0
0.9003704854745805 0.01498437139994991 0.0
0.9187987304032055 0.015515467192587026 0.0
0.9355086730528424 0.014489419734535429 0.0
0.9502774735787629 0.011837508765339334 0.0
0.9630541704232405 0.008459383671424976 0.0
0.9737906666666666 0.005270833333333332 0.0
0.9824690130227899 0.0029942176308539927 0.0
0.9891918507387928 0.0015781804407713476 0.0
0.9940919686952167 0.0007779366391184555 0.0
0.9973013360881542 0.00035017255196593904 0.0
0.9989027410468319 0.00013986150763836659 0.0
1.0 0.0 0.0
51
1.0 0.0 0.0
0.9989027410468319 0.00012882168795391982 0.0
0.9973013360881543 0.000310642875031305 0.0
0.9940919686952167 0.0006798434760831488 0.0
0.9891918507387929 0.0012417371650388196 0.0
0.9824690130227899 0.002008602304032054 0.0
0.9737906666666665 0.0029928333333333365 0.0
0.9630541704232406 0.0041882533183070355 0.0
0.9502774735787627 0.00551439982469322 0.0
0.9355086730528424 0.006872239043325819 0.0
0.9187987304032057 0.008158393188079134 0.0
0.9003704854745804 0.00900884585524668 0.0
0.880713189456549 0.008655590783871774 0.0
0.8603390106436264 0.006295869897320292 0.0
0.8397016520160281 0.001255503130478338 0.0
0.8185751572752316 -0.005644970197846278 0.0
0.7962950802654645 -0.01262067568244429 0.0
0.7721896666666666 -0.017870666666666653 0.0
0.745778491610318 -0.02022116666666667 0.0
0.7173464480340596 -0.021007079889807163 0.0
0.6873697583270723 -0.022190480716253458 0.0
0.6563226015527172 -0.02570898134234912 0.0
0.624556557225144 -0.03203246293513646 0.0
0.592233175557225 -0.03935582356624095 0.0
0.5594976601552718 -0.04567826383671426 0.0
0.5264953919358876 -0.04917715113949413 0.0
0.4933738130478337 -0.050101041823190584 0.0
0.4602816954670675 -0.05003474317555722 0.0
0.42736783333333317 -0.05058533333333333 0.0
0.3947801316053092 -0.052878796143250674 0.0
0.3626629385174053 -0.05611673829201103 0.0
0.3311597131229652 -0.05901967217630854 0.0
0.3004138283245678 -0.06031856448785374 0.0
0.27056348797896307 -0.05937163961933383 0.0
0.24173888392186332 -0.05650937139994992 0.0
0.2140695187828699 -0.05214586801903329 0.0
0.1877069928625094 -0.04673781617831204 0.0
0.1630597918858 -0.041236877786125684 0.0
0.1407021341096919 -0.03691405359378912 0.0
0.12121100000000004 -0.03504566666666666 0.0
0.10491220848985722 -0.036285173804157286 0.0
0.09112693238166791 -0.038794566741798146 0.0
0.07892518294515395 -0.04011297094916103 0.0
0.06738343000250438 -0.03781012941397445 0.0
0.05596565652391676 -0.03129283621337334 0.0
0.044736490859003226 -0.02281531461307285 0.0
0.03381222977710996 -0.014876728024042081 0.0
0.023336276483846688 -0.009744864951164521 0.0
0.01376714650638618 -0.006997780616078137 0.0
0.005766653643876747 -0.004478218444778344 0.0
0.0 0.0 0.0
