100
1.0 0.0 0.0
0.9913846923879963 -0.0002914439333862819 0.0
0.9824752863764051 -0.0009698358538481654 0.0
0.9733136972064422 -0.0019799694594281473 0.0
0.9639417996397817 -0.003266638448168724 0.0
0.9544014684380993 -0.004774636518112393 0.0
0.9447345783630696 -0.006448757367301648 0.0
0.9349830041763678 -0.008233794693778988 0.0
0.9251883381127894 -0.010074575975569879 0.0
0.9153766861360805 -0.011917780287873209 0.0
0.9055509571641744 -0.013712860232473022 0.0
0.8957121560621093 -0.01540949606692334 0.0
0.8858612876949232 -0.016957368048778187 0.0
0.8759993569276533 -0.018306156435591595 0.0
0.866127368625338 -0.01940554148491758 0.0
0.8562463276530151 -0.020205203454310178 0.0
0.8463530905775036 -0.020661488312394356 0.0
0.8364005158286887 -0.02080144062587544 0.0
0.8263149616652565 -0.020694686877038158 0.0
0.8160224221605906 -0.02041143874090874 0.0
0.8054488913880742 -0.020021907892513416 0.0
0.7945203634210911 -0.019596306006878412 0.0
0.7831628323330239 -0.01920484475902995 0.0
0.7713022933963829 -0.018917735382826442 0.0
0.7588883394842869 -0.018796507370632612 0.0
0.7459546833580807 -0.018871741851201072 0.0
0.732553774122903 -0.0191671267061256 0.0
0.7187380608838934 -0.019706349816999952 0.0
0.7045599927461906 -0.020513099065417907 0.0
0.6900720188149343 -0.021611062332973247 0.0
0.6753265881952629 -0.02302392750125973 0.0
0.6603758044046378 -0.024774652811903428 0.0
0.6452570295725297 -0.02685507298406716 0.0
0.6299876840370408 -0.029214919592216275 0.0
0.6145837726091441 -0.03180093560550832 0.0
0.5990613000998131 -0.03455986399310086 0.0
0.5834362713200211 -0.037438447724151426 0.0
0.5677246910807418 -0.04038342976781757 0.0
0.5519425641929481 -0.043341553093256824 0.0
0.5361059213873035 -0.04625862328618674 0.0
0.5202310340708317 -0.04907174189180713 0.0
0.5043343042693182 -0.05171328663863835 0.0
0.4884321353047228 -0.05411558837919554 0.0
0.47254093049900425 -0.05621097796599386 0.0
0.4566770931741224 -0.057931786251548475 0.0
0.4408570266520366 -0.05921034408837451 0.0
0.4250971342071584 -0.05997899646023101 0.0
0.4094136888341836 -0.06020880795920462 0.0
0.3938225492478178 -0.059993968705614895 0.0
0.37833949200095984 -0.05945308760926676 0.0
0.3629802936465091 -0.05870477357996518 0.0
0.3477607307373643 -0.05786763552751511 0.0
0.33269657982642437 -0.0570602823617215 0.0
0.31780361746658853 -0.05640132299238929 0.0
0.3030976014894169 -0.05600612519094889 0.0
0.28859365214602806 -0.055879675390453604 0.0
0.27430611015687284 -0.05589200350265251 0.0
0.2602492687709384 -0.055904920925384814 0.0
0.24643742123721152 -0.05578023905648967 0.0
0.23288486080467866 -0.05537976929380622 0.0
0.21960588072232706 -0.05456532303517368 0.0
0.2066147742391433 -0.05319871167843121 0.0
0.19392956844298428 -0.051166489749023734 0.0
0.181598784683755 -0.04855728889555225 0.0
0.16968583486077315 -0.04555841635950938 0.0
0.15825423168700584 -0.04235784744683324 0.0
0.14736748787542042 -0.039143557463461855 0.0
0.13708911613898356 -0.03610352171533322 0.0
0.12748262919066267 -0.03342571550838544 0.0
0.11861149726411535 -0.03129802618424057 0.0
0.11050098910734882 -0.029829235101016215 0.0
0.10306784512597793 -0.028903387821429146 0.0
0.09620966329013626 -0.028364890581096695 0.0
0.08982404156995785 -0.02805814961563624 0.0
0.0838085779355765 -0.027827571160665157 0.0
0.07806087035712579 -0.0275175614518008 0.0
0.07247851680474009 -0.026972526724660564 0.0
0.06696143873114688 -0.026041106127613733 0.0
0.06147404498792213 -0.02468942173471417 0.0
0.05605204092031414 -0.023013483331681607 0.0
0.050734821477875336 -0.02111602241291133 0.0
0.04556178161015848 -0.019099770472798674 0.0
0.04057231626671588 -0.017067459005738864 0.0
0.03580582039710033 -0.015121819506127234 0.0
0.03130168895086422 -0.013365583468359029 0.0
0.027095919415136737 -0.011888047123088823 0.0
0.023200010935272693 -0.010681628018610435 0.0
0.019614717049041837 -0.009696250202490955 0.0
0.016340745437092248 -0.008881656380329292 0.0
0.013378803780072567 -0.008187589257724363 0.0
0.010729599758630552 -0.0075637915402750455 0.0
0.008393841053414619 -0.006960005933580263 0.0
0.00637222463615157 -0.006326009735533216 0.0
0.004660972488091382 -0.005626035499014729 0.0
0.0032449283616303795 -0.004861070089617132 0.0
0.00210715431238823 -0.004037855665899677 0.0
0.0012307123959844858 -0.0031631343864216457 0.0
0.0005986646680388123 -0.0022436484097422883 0.0
0.00019407318417087312 -0.001286139894420881 0.0
0.0 0.0 0.0
100
1.0 0.0 0.0
0.00019471012863581737 0.001746058032411831 0.0
0.0005997208731958865 0.00278445570899285 0.0
0.0012321798084069422 0.0038225372852368268 0.0
0.00210902165727862 0.004851709464111391 0.0
0.0032471811428205558 0.005863378948584148 0.0
0.004663592988042496 0.006848952441622773 0.0
0.006375191915954078 0.007799836646194875 0.0
0.00839713367719087 0.008714652592673058 0.0
0.010733213192048755 0.00963809327457216 0.0
0.013382757233079986 0.01063297151749928 0.0
0.016345081880290376 0.011762143508909237 0.0
0.019619503213685968 0.01308846543625682 0.0
0.02320533731327258 0.01467479348699679 0.0
0.02710190025905625 0.016583983848583953 0.0
0.031308462180925985 0.018878631344034454 0.0
0.035813525809842456 0.021560085790200283 0.0
0.040581045854060485 0.024490067757180222 0.0
0.04557157266959459 0.027510933846547302 0.0
0.050745656612458646 0.030465040659874564 0.0
0.056063848038667194 0.03319474479873503 0.0
0.06148669730423454 0.035542402864701846 0.0
0.06697475476517499 0.037350371459348025 0.0
0.07249226347340007 0.03846900311941178 0.0
0.07807482271524648 0.038903160755610074 0.0
0.08382257321117535 0.038797461305817814 0.0
0.08983798111113402 0.0383015570490052 0.0
0.09622351256507015 0.03756510026414236 0.0
0.10308163372293133 0.03673774323019946 0.0
0.11051481073466494 0.03596913822614668 0.0
0.11862550975021846 0.03540893753095417 0.0
0.127497041349317 0.035183904322057244 0.0
0.13710411330166597 0.035291031651718346 0.0
0.14738320567905291 0.03568163407508743 0.0
0.15827075604480767 0.036306975353713605 0.0
0.16970320196226077 0.037118319249145916 0.0
0.18161698099474224 0.038066929522933474 0.0
0.19394853070558274 0.03910406993662538 0.0
0.20663438963361844 0.04018110671149491 0.0
0.2196260107739101 0.041264539749558814 0.0
0.23290539034217775 0.042351861121999325 0.0
0.24645826438769763 0.04344435770459834 0.0
0.26027036895974687 0.0445433163731378 0.0
0.2743274401076017 0.04565002400339957 0.0
0.28861521388053896 0.046765767471165585 0.0
0.3031194263278348 0.04789183365221773 0.0
0.3178257639876859 0.04902801826823908 0.0
0.3327191003750124 0.05014963074422811 0.0
0.34778364403058765 0.05121195309062167 0.0
0.36300358396948235 0.05216967925086236 0.0
0.37836310920676736 0.05297750316839283 0.0
0.3938464087575132 0.05359011878665568 0.0
0.40943767163679134 0.05396222004909356 0.0
0.4251210868596721 0.05404850089914908 0.0
0.4408807706613271 0.053823899410438206 0.0
0.4567004723028156 0.053365429528220716 0.0
0.4725638256418843 0.052782205265276584 0.0
0.48845446449416224 0.0521833523497389 0.0
0.5043560226752779 0.05167799650974078 0.0
0.5202521340008599 0.051375263473415325 0.0
0.536126432286537 0.05138427896889564 0.0
0.5519625524423506 0.051813255113729285 0.0
0.5677442396652156 0.052678337116167595 0.0
0.5834554423651388 0.05382602894661517 0.0
0.599080130837204 0.05508456502735389 0.0
0.6146022753764943 0.05628217978066559 0.0
0.630005846278093 0.057247107628832096 0.0
0.6452748138370843 0.05780758299413536 0.0
0.660393148348551 0.05779184029885715 0.0
0.6753434063514999 0.0570395337293523 0.0
0.6900882275439547 0.05555119785919826 0.0
0.704575528679793 0.05344629339876325 0.0
0.7187528813576017 0.05084706908675345 0.0
0.7325678571759666 0.04787577366187521 0.0
0.7459680277334736 0.0446546558628348 0.0
0.7589009646287087 0.041305964428338476 0.0
0.7713142394602581 0.0379519480970926 0.0
0.783174155177964 0.034697981692191196 0.0
0.7945311122050779 0.031573681825264814 0.0
0.8054591022775782 0.02858741315368286 0.0
0.8160321183302509 0.025747539254884044 0.0
0.8263241532978811 0.023062423706307077 0.0
0.836409200115254 0.020540430085390745 0.0
0.8463612517171558 0.01818992196957365 0.0
0.8562539369750265 0.016019258328861384 0.0
0.8661343934634537 0.014036462870504298 0.0
0.876005775354133 0.012249002666231324 0.0
0.8858670899097187 0.010664292306227835 0.0
0.8957173443928661 0.009289746380679108 0.0
0.9055555460662295 0.008132779479770513 0.0
0.9153807021924627 0.007200806193687388 0.0
0.9251918200342212 0.006501241112615083 0.0
0.9349860015183994 0.006035164052969413 0.0
0.94473713589698 0.005726478384193895 0.0
0.9544036157169593 0.005447564735032622 0.0
0.9639435508081001 0.005069863768815881 0.0
0.9733150510001655 0.0044648161488739565 0.0
0.9824762261229183 0.0035038625385371627 0.0
0.9913851860061222 0.002058443601135743 0.0
1.0000000404795397 0.0 0.0
