51
0.0 0.0 0.0
0.005766653643876785 0.0075333888054094685 0.0
0.013767146506386177 0.014238135236664161 0.0
0.023336276483846733 0.020180836589030804 0.0
0.033812229777109945 0.02542609278737791 0.0
0.044736490859003254 0.02991866153268219 0.0
0.05596565652391686 0.03341754507888805 0.0
0.0673834300025044 0.03566576671675432 0.0
0.07892518294515405 0.03646057062359129 0.0
0.09112693238166791 0.036229518782870014 0.0
0.10491220848985724 0.03580682982719759 0.0
0.121211 0.036033499999999996 0.0
0.14070213410969196 0.03750298159278738 0.0
0.1630597918858002 0.039818551089406455 0.0
0.1877069928625094 0.04233594102178813 0.0
0.21406951878287003 0.044416951915852744 0.0
0.24173888392186327 0.04578746393688955 0.0
0.2705634879789632 0.04673768069120962 0.0
0.300413828324568 0.047606349737039824 0.0
0.3311597131229651 0.048714928374655644 0.0
0.3626629385174055 0.05018387465564739 0.0
0.39478013160530934 0.0520039696969697 0.0
0.4273678333333333 0.05416383333333333 0.0
0.4602816954670674 0.056562470823941904 0.0
0.4933738130478337 0.05874042912597045 0.0
0.5264953919358879 0.06014864062108691 0.0
0.5594976601552717 0.06024184573002754 0.0
0.5922331755572251 0.058703267217630854 0.0
0.624556557225144 0.05557027548209366 0.0
0.6563226015527173 0.050910705234159775 0.0
0.6873697583270724 0.044825249686952146 0.0
0.7173464480340597 0.03779658214375154 0.0
0.7457784916103178 0.030553814675682404 0.0
0.7721896666666666 0.023830166666666666 0.0
0.7962950802654646 0.018262788755321807 0.0
0.8185751572752316 0.014104556599048327 0.0
0.8397016520160282 0.011512277109942393 0.0
0.8603390106436263 0.010635638993238165 0.0
0.8807131894565489 0.011197238542449283 0.0
0.9003704854745805 0.012257678812922614 0.0
0.9187987304032055 0.01282061720510894 0.0
0.9355086730528424 0.011975447157525665 0.0
0.9502774735787629 0.009808243551214615 0.0
0.9630541704232405 0.00704810155271724 0.0
0.9737906666666666 0.004434833333333333 0.0
0.9824690130227899 0.002552921612822438 0.0
0.9891918507387928 0.001365531304783369 0.0
0.9940919686952167 0.0006804978712747292 0.0
0.9973013360881542 0.00030661019283746444 0.0
0.9989027410468319 0.00010986225895316742 0.0
1.0 0.0 0.0
51
1.0 0.0 0.0
0.9989027410468319 4.491597796143242e-05 0.0
0.9973013360881543 7.40606060606061e-05 0.0
0.9940919686952167 0.00015149123466065656 0.0
0.9891918507387929 0.0001373082895066363 0.0
0.9824690130227899 -0.0001690940395692448 0.0
0.9737906666666665 -0.0009693333333333366 0.0
0.9630541704232406 -0.002389007262709739 0.0
0.9502774735787627 -0.004249633859253703 0.0
0.9355086730528424 -0.006296711244678187 0.0
0.9187987304032057 -0.0082777012271475 0.0
0.9003704854745804 -0.010057886801903334 0.0
0.880713189456549 -0.011685173804157272 0.0
0.8603390106436264 -0.013223177560731287 0.0
0.8397016520160281 -0.014735313047833706 0.0
0.8185751572752316 -0.016282666165790143 0.0
0.7962950802654645 -0.01792482018532432 0.0
0.7721896666666666 -0.019721333333333323 0.0
0.745778491610318 -0.021748506135737547 0.0
0.7173464480340596 -0.024149608314550465 0.0
0.6873697583270723 -0.02708465189080894 0.0
0.6563226015527172 -0.030710050212872535 0.0
0.624556557225144 -0.03496629626846981 0.0
0.592233175557225 -0.03945920648635113 0.0
0.5594976601552718 -0.043765807913849236 0.0
0.5264953919358876 -0.047495341973453564 0.0
0.4933738130478337 -0.05063154219884798 0.0
0.4602816954670675 -0.05339974993739042 0.0
0.42736783333333317 -0.05602933333333333 0.0
0.3947801316053092 -0.058655620335587265 0.0
0.3626629385174053 -0.06103777811169547 0.0
0.3311597131229652 -0.06284093363385924 0.0
0.3004138283245678 -0.06372989281242174 0.0
0.27056348797896307 -0.0633501978462309 0.0
0.24173888392186332 -0.06131753218131731 0.0
0.2140695187828699 -0.05724501076884546 0.0
0.1877069928625094 -0.050866811419984975 0.0
0.1630597918858 -0.043324467693463514 0.0
0.1407021341096919 -0.036667484598046564 0.0
0.12121100000000004 -0.0329605 0.0
0.10491220848985722 -0.03347221975957928 0.0
0.09112693238166791 -0.03628762171299774 0.0
0.07892518294515395 -0.03869575169045831 0.0
0.06738343000250438 -0.03801553355872778 0.0
0.05596565652391676 -0.033358573378412165 0.0
0.044736490859003226 -0.026615134610568476 0.0
0.03381222977710996 -0.019914505008765345 0.0
0.023336276483846688 -0.01516883734034559 0.0
0.01376714650638618 -0.011766090157776108 0.0
0.005766653643876747 -0.00746570961682942 0.0
0.0 0.0 0.0
