51
0.0 0.0 0.0
0.006290843772211797 0.007910737750940689 0.0
0.015101878429913528 0.01423606362368713 0.0
0.025608858984704715 0.019242464729944068 0.0
0.037010375482712035 0.023183668444469178 0.0
0.04886608388136028 0.026111646105994132 0.0
0.06102385053009434 0.027917323148843806 0.0
0.07334068074858024 0.02848871776603569 0.0
0.08601736266844895 0.02820452083052062 0.0
0.10008376233408464 0.028626745554720754 0.0
0.11669221908109426 0.03149220824165197 0.0
0.13685920027434842 0.03818625925925925 0.0
0.16045199091465617 0.04712160898238583 0.0
0.18676003731736301 0.05521624733097736 0.0
0.21507219804359273 0.05941342065761859 0.0
0.24488693745999945 0.058679837678901045 0.0
0.276017801195817 0.05502389326520313 0.0
0.30830432389345963 0.05070487128263214 0.0
0.3415837141247182 0.047621960931630354 0.0
0.3756817310366872 0.04590188727667107 0.0
0.41042061695810594 0.04512694327556076 0.0
0.4456224608064112 0.04487829522497704 0.0
0.4811061131687242 0.04471628806584363 0.0
0.5166873287388732 0.04418136120463899 0.0
0.5521817390711522 0.042813319999814484 0.0
0.5874059686818187 0.04034910922423569 0.0
0.6221795629336936 0.037105568956407584 0.0
0.656322601552717 0.033505629977460566 0.0
0.6896327409362131 0.02996632660430789 0.0
0.7216675705224196 0.026841564870897186 0.0
0.7518390514418751 0.024446956224318486 0.0
0.7795620784174085 0.023094008346568082 0.0
0.8047240131734308 0.022755659989687028 0.0
0.8280671975308641 0.022792172839506172 0.0
0.8504239952610827 0.022499299028100272 0.0
0.8724701308117396 0.02127912335321381 0.0
0.8939293224392687 0.019179988229401448 0.0
0.914167589346686 0.01649305564521864 0.0
0.9325587151723336 0.01350857665351953 0.0
0.9487263305089462 0.01047678192856017 0.0
0.9625800354931829 0.007602095665013226 0.0
0.9740451040771969 0.005086430127379979 0.0
0.9830993249019118 0.003088053584513638 0.0
0.9899099273759945 0.0016077935541862157 0.0
0.9946868436213991 0.0006109881115683609 0.0
0.9976513976959679 5.877598297019873e-05 0.0
0.9991821485476814 -0.0001456647682827663 0.0
0.9997722698759179 -0.00014140590632372093 0.0
0.9999168034894399 -6.826020535937897e-05 0.0
0.9999684596469747 -2.3760955128264592e-05 0.0
1.0 0.0 0.0
51
1.0 0.0 0.0
0.999968459646975 -1.2913873970806954e-05 0.0
0.9999168034894399 -2.847992319893139e-05 0.0
0.999772269875918 -5.927014250246586e-05 0.0
0.9991821485476814 -6.424796789443265e-05 0.0
0.997651397695968 1.126170798898001e-05 0.0
0.9946868436213991 0.00022028715134888037 0.0
0.9899099273759944 0.000540165739976371 0.0
0.9830993249019119 0.0008443978814777727 0.0
0.9740451040771967 0.0009989608179196993 0.0
0.9625800354931829 0.0008855592100991555 0.0
0.9487263305089462 0.0004556687953919335 0.0
0.9325587151723336 -0.0003198935173590809 0.0
0.9141675893466857 -0.0014688867945172972 0.0
0.8939293224392687 -0.00299309854745805 0.0
0.8724701308117394 -0.004871625361014159 0.0
0.8504239952610828 -0.007083006446294734 0.0
0.8280671975308642 -0.009720660493827148 0.0
0.8047240131734308 -0.013183754768547301 0.0
0.7795620784174089 -0.017921763193441735 0.0
0.751839051441875 -0.024268938721466304 0.0
0.7216675705224196 -0.031465227466138446 0.0
0.6896327409362132 -0.03814585518158146 0.0
0.6563226015527172 -0.04295377948910595 0.0
0.6221795629336937 -0.04553700573379958 0.0
0.5874059686818185 -0.0472003514189956 0.0
0.5521817390711523 -0.04940338772017698 0.0
0.5166873287388735 -0.053276152832443045 0.0
0.48110611316872426 -0.058147446730681306 0.0
0.4456224608064114 -0.06273372601589819 0.0
0.41042061695810583 -0.06577945337468141 0.0
0.3756817310366873 -0.06674118226546662 0.0
0.341583714124718 -0.0658203190583521 0.0
0.3083043238934595 -0.06325335298397709 0.0
0.2760178011958171 -0.05932872813019494 0.0
0.24488693745999932 -0.054504033864818974 0.0
0.21507219804359273 -0.04927122319202638 0.0
0.1867327853175497 -0.044112598814214275 0.0
0.16001258966617504 -0.039393466714899225 0.0
0.13504531527206226 -0.035401301554641065 0.0
0.11196471737698029 -0.03242011237738744 0.0
0.09093560242925122 -0.030462116829451543 0.0
0.07218453026936365 -0.02899900474424207 0.0
0.05594536206382433 -0.027438557404641937 0.0
0.042379951484542336 -0.02524172410050921 0.0
0.031162700427394024 -0.022229372760355307 0.0
0.021765885584237477 -0.018371614031344997 0.0
0.013675708267245444 -0.013649905742456697 0.0
0.00690141748883593 -0.008435645574542842 0.0
0.0021075290379563264 -0.0035887423512408543 0.0
0.0 0.0 0.0
