51
0.0 0.0 0.0
0.005766653643876785 0.009298916979714503 0.0
0.013767146506386177 0.016777798647633357 0.0
0.023336276483846733 0.022022841096919613 0.0
0.033812229777109945 0.024631404833458548 0.0
0.044736490859003254 0.02487071512647132 0.0
0.05596565652391686 0.024046287628349608 0.0
0.0673834300025044 0.02355295329326321 0.0
0.07892518294515405 0.024668811795642377 0.0
0.09112693238166791 0.027314961682945154 0.0
0.10491220848985724 0.030537016904583016 0.0
0.121211 0.033366 0.0
0.14070213410969196 0.03519079000751314 0.0
0.1630597918858002 0.036831691960931626 0.0
0.1877069928625094 0.039466867392937637 0.0
0.21406951878287003 0.044254711369897316 0.0
0.24173888392186327 0.05116763097921363 0.0
0.2705634879789632 0.058339751940896564 0.0
0.300413828324568 0.06374706824442776 0.0
0.3311597131229651 0.06554415339343851 0.0
0.3626629385174055 0.06396156774355122 0.0
0.39478013160530934 0.06056921800651138 0.0
0.4273678333333333 0.056959333333333334 0.0
0.4602816954670674 0.05433983070373152 0.0
0.4933738130478337 0.052381378412221374 0.0
0.5264953919358879 0.05037033258201852 0.0
0.5594976601552717 0.04760438855497118 0.0
0.5922331755572251 0.04406159479088405 0.0
0.624556557225144 0.04077454708239418 0.0
0.6563226015527173 0.03886655497119959 0.0
0.6873697583270724 0.0393107471825695 0.0
0.7173464480340597 0.041334400450788886 0.0
0.7457784916103178 0.043038435386927115 0.0
0.7721896666666666 0.042505 0.0
0.7962950802654646 0.0384226705484598 0.0
0.8185751572752316 0.03190573628850487 0.0
0.8397016520160282 0.024674914725770075 0.0
0.8603390106436263 0.018436919734535415 0.0
0.8807131894565489 0.01405824730778863 0.0
0.9003704854745805 0.011103055722514398 0.0
0.9187987304032055 0.0090234742048585 0.0
0.9355086730528424 0.007299482719759574 0.0
0.9502774735787629 0.005734826070623585 0.0
0.9630541704232405 0.004342129601803149 0.0
0.9737906666666666 0.0031374999999999997 0.0
0.9824690130227899 0.0021341397445529668 0.0
0.9891918507387928 0.0013336344853493599 0.0
0.9940919686952167 0.0007346656649135973 0.0
0.9973013360881542 0.00033566616579013144 0.0
0.9989027410468319 0.00012015527172551896 0.0
1.0 0.0 0.0
51
1.0 0.0 0.0
0.9989027410468319 4.853618832957666e-05 0.0
0.9973013360881543 7.922364137240175e-05 0.0
0.9940919686952167 0.00017019358878036638 0.0
0.9891918507387929 0.00027432131229651916 0.0
0.9824690130227899 0.0003411913348359629 0.0
0.9737906666666665 0.0003203333333333331 0.0
0.9630541704232406 0.00016289306286000559 0.0
0.9502774735787627 -0.00017351940896569173 0.0
0.9355086730528424 -0.0007296779363886799 0.0
0.9187987304032057 -0.0015466023040320521 0.0
0.9003704854745804 -0.0026800681192086185 0.0
0.880713189456549 -0.004208722514400198 0.0
0.8603390106436264 -0.006213180065113961 0.0
0.8397016520160281 -0.0087477513148009 0.0
0.8185751572752316 -0.011560962434259973 0.0
0.7962950802654645 -0.014204059353869274 0.0
0.7721896666666666 -0.01622499999999999 0.0
0.745778491610318 -0.017394771224643127 0.0
0.7173464480340596 -0.018376475582268972 0.0
0.6873697583270723 -0.020056244552967714 0.0
0.6563226015527172 -0.023310556849486613 0.0
0.624556557225144 -0.02843672514400198 0.0
0.592233175557225 -0.03483435474580518 0.0
0.5594976601552718 -0.04182582882544453 0.0
0.5264953919358876 -0.04875098710242928 0.0
0.4933738130478337 -0.05515260167793639 0.0
0.4602816954670675 -0.0607043687703481 0.0
0.42736783333333317 -0.06508216666666668 0.0
0.3947801316053092 -0.06802540783871776 0.0
0.3626629385174053 -0.06952764149762085 0.0
0.3311597131229652 -0.06964595103931881 0.0
0.3004138283245678 -0.06844126922113698 0.0
0.27056348797896307 -0.06620549048334586 0.0
0.24173888392186332 -0.06358849987478088 0.0
0.2140695187828699 -0.06127097733533684 0.0
0.1877069928625094 -0.05985991084397697 0.0
0.1630597918858 -0.05910561933383421 0.0
0.1407021341096919 -0.058205732031054336 0.0
0.12121100000000004 -0.056348666666666665 0.0
0.10491220848985722 -0.05289480115201601 0.0
0.09112693238166791 -0.04789235411970949 0.0
0.07892518294515395 -0.04156150438266963 0.0
0.06738343000250438 -0.03412904157275231 0.0
0.05596565652391676 -0.026218404457801086 0.0
0.044736490859003226 -0.019067837966441247 0.0
0.03381222977710996 -0.013968473578762838 0.0
0.023336276483846688 -0.011971589030803902 0.0
0.01376714650638618 -0.011340162283996993 0.0
0.005766653643876747 -0.008538268219383891 0.0
0.0 0.0 0.0
