51
0.0 0.0 0.0
0.005766653643876785 0.003973919233658904 0.0
0.013767146506386177 0.011582411720510895 0.0
0.023336276483846733 0.020722216003005264 0.0
0.033812229777109945 0.029304569496619085 0.0
0.044736490859003254 0.03611064199849736 0.0
0.05596565652391686 0.041269998497370404 0.0
0.0673834300025044 0.045028194966190836 0.0
0.07892518294515405 0.047619212121212125 0.0
0.09112693238166791 0.04914246831955922 0.0
0.10491220848985724 0.04961056749311294 0.0
0.121211 0.049034666666666664 0.0
0.14070213410969196 0.04760101715502128 0.0
0.1630597918858002 0.04619624743300776 0.0
0.1877069928625094 0.04588208026546456 0.0
0.21406951878287003 0.04770490345604809 0.0
0.24173888392186327 0.051791007137490616 0.0
0.2705634879789632 0.05684053005259203 0.0
0.300413828324568 0.06143093125469571 0.0
0.3311597131229651 0.06425360418231904 0.0
0.3626629385174055 0.06532442950162783 0.0
0.39478013160530934 0.06551379576759328 0.0
0.4273678333333333 0.06570633333333332 0.0
0.4602816954670674 0.0665508840470824 0.0
0.4933738130478337 0.06775313573754069 0.0
0.5264953919358879 0.06878298772852492 0.0
0.5594976601552717 0.06911288454795893 0.0
0.5922331755572251 0.06836798297019783 0.0
0.624556557225144 0.06641014375156523 0.0
0.6563226015527173 0.06312158928124217 0.0
0.6873697583270724 0.058416135236664155 0.0
0.7173464480340597 0.052574869271224636 0.0
0.7457784916103178 0.046115828700225354 0.0
0.7721896666666666 0.039561000000000006 0.0
0.7962950802654646 0.03335599135987978 0.0
0.8185751572752316 0.027640897821187064 0.0
0.8397016520160282 0.022479436138241913 0.0
0.8603390106436263 0.017934979338842957 0.0
0.8807131894565489 0.014050276859504135 0.0
0.9003704854745805 0.010836111570247931 0.0
0.9187987304032055 0.008300516528925616 0.0
0.9355086730528424 0.006440918231905832 0.0
0.9502774735787629 0.0051314418983220604 0.0
0.9630541704232405 0.004166663536188324 0.0
0.9737906666666666 0.0033398333333333335 0.0
0.9824690130227899 0.0024936000500876527 0.0
0.9891918507387928 0.0016682067367893797 0.0
0.9940919686952167 0.0009532950162784854 0.0
0.9973013360881542 0.00043763686451289593 0.0
0.9989027410468319 0.000157825444527923 0.0
1.0 0.0 0.0
51
1.0 0.0 0.0
0.9989027410468319 6.957675932882536e-05 0.0
0.9973013360881543 0.00012164963686451298 0.0
0.9940919686952167 0.0002684578011520174 0.0
0.9891918507387929 0.0005301531430002512 0.0
0.9824690130227899 0.0009692992737290243 0.0
0.9737906666666665 0.0016491666666666688 0.0
0.9630541704232406 0.002502833458552466 0.0
0.9502774735787627 0.0029426084397695985 0.0
0.9355086730528424 0.0022506080641121976 0.0
0.9187987304032057 -0.00027834234911092853 0.0
0.9003704854745804 -0.004586885549712007 0.0
0.880713189456549 -0.00943573979464061 0.0
0.8603390106436264 -0.01348395241672929 0.0
0.8397016520160281 -0.0155030265464563 0.0
0.8185751572752316 -0.015571763961933379 0.0
0.7962950802654645 -0.014612384923616325 0.0
0.7721896666666666 -0.013561166666666666 0.0
0.745778491610318 -0.013202289130979214 0.0
0.7173464480340596 -0.013711543075381919 0.0
0.6873697583270723 -0.015112621963436027 0.0
0.6563226015527172 -0.017430158151765594 0.0
0.624556557225144 -0.020745117580766328 0.0
0.592233175557225 -0.025225783245679957 0.0
0.5594976601552718 -0.03104794928625093 0.0
0.5264953919358876 -0.038296409591785666 0.0
0.4933738130478337 -0.04599808014024543 0.0
0.4602816954670675 -0.05249737503130476 0.0
0.42736783333333317 -0.05612733333333333 0.0
0.3947801316053092 -0.05581035211620335 0.0
0.3626629385174053 -0.052826260455797636 0.0
0.3311597131229652 -0.04904424542950163 0.0
0.3004138283245678 -0.04631473966942148 0.0
0.27056348797896307 -0.04536290909090909 0.0
0.24173888392186332 -0.04516975619834711 0.0
0.2140695187828699 -0.04456624793388429 0.0
0.1877069928625094 -0.04247950350613574 0.0
0.1630597918858 -0.03895441222138741 0.0
0.1407021341096919 -0.03475700538442273 0.0
0.12121100000000004 -0.030665333333333336 0.0
0.10491220848985722 -0.027254456173303267 0.0
0.09112693238166791 -0.024287473077886302 0.0
0.07892518294515395 -0.021324492987728507 0.0
0.06738343000250438 -0.017933216566491356 0.0
0.05596565652391676 -0.014136847858752783 0.0
0.044736490859003226 -0.010664621149511635 0.0
0.03381222977710996 -0.008306504507888805 0.0
0.023336276483846688 -0.0076973074755822685 0.0
0.01376714650638618 -0.007668121712997744 0.0
0.005766653643876747 -0.005886349924868499 0.0
0.0 0.0 0.0
