51
0.0 0.0 0.0
0.006290843772211797 0.006443001566183894 0.0
0.015101878429913528 0.012449740108289644 0.0
0.025608858984704715 0.017914998209830165 0.0
0.037010375482712035 0.022734825989033623 0.0
0.04886608388136028 0.026825315731199006 0.0
0.06102385053009434 0.030118557800224464 0.0
0.07334068074858024 0.032547370828820116 0.0
0.08601736266844895 0.03413225546317853 0.0
0.10008376233408464 0.035105169171049326 0.0
0.11669221908109426 0.03572930630695624 0.0
0.13685920027434842 0.036252303840877916 0.0
0.16045199091465617 0.03679021699084509 0.0
0.18676003731736301 0.03739293825872231 0.0
0.21507219804359273 0.038112777003102484 0.0
0.24488693745999945 0.039163463473114994 0.0
0.276017801195817 0.041001377198849706 0.0
0.30830432389345963 0.04410291227841453 0.0
0.3415837141247182 0.04873011269722014 0.0
0.3756817310366872 0.05408994464163451 0.0
0.41042061695810594 0.05906529539726071 0.0
0.4456224608064112 0.06257064093181589 0.0
0.4811061131687242 0.06419324188385918 0.0
0.5166873287388732 0.06416355132369851 0.0
0.5521817390711522 0.06273774954318204 0.0
0.5874059686818187 0.060140107412423045 0.0
0.6221795629336936 0.05650103266450168 0.0
0.656322601552717 0.05193376095667419 0.0
0.6896327409362131 0.04658677481339945 0.0
0.7216675705224196 0.040985914125267926 0.0
0.7518390514418751 0.03588592956191855 0.0
0.7795620784174085 0.032038977772315534 0.0
0.8047240131734308 0.029646052604918684 0.0
0.8280671975308641 0.027910759259259264 0.0
0.8504239952610827 0.025931686605365982 0.0
0.8724701308117396 0.02296674940147316 0.0
0.8939293224392687 0.019242196719258697 0.0
0.914167589346686 0.015348111679492604 0.0
0.9325587151723336 0.01186412800418566 0.0
0.9487263305089462 0.009039901971969468 0.0
0.9625800354931829 0.006747404653273546 0.0
0.9740451040771969 0.004837910371613972 0.0
0.9830993249019118 0.0031999151199784796 0.0
0.9899099273759945 0.00185618783110498 0.0
0.9946868436213991 0.0008597645176040262 0.0
0.9976513976959679 0.0002564254946155782 0.0
0.9991821485476814 -8.194218998473418e-06 0.0
0.9997722698759179 -6.145948516900462e-05 0.0
0.9999168034894399 -3.2141353850720266e-05 0.0
0.9999684596469747 -4.3889855944747703e-07 0.0
1.0 0.0 0.0
51
1.0 0.0 0.0
0.999968459646975 5.9747336473946133e-05 0.0
0.9999168034894399 0.0001885839617478731 0.0
0.999772269875918 0.0004156501258890311 0.0
0.9991821485476814 0.0006905207657639554 0.0
0.997651397695968 0.0009262137490608558 0.0
0.9946868436213991 0.0010371104252400551 0.0
0.9899099273759944 0.0010059860676966588 0.0
0.9830993249019119 0.0009094425383309678 0.0
0.9740451040771967 0.0008308795953618419 0.0
0.9625800354931829 0.0008070388624193849 0.0
0.9487263305089462 0.0006676738783612049 0.0
0.9325587151723336 0.00018515921879063476 0.0
0.9141675893466857 -0.0008676873106468618 0.0
0.8939293224392687 -0.0027099213623841692 0.0
0.8724701308117394 -0.005553498560924708 0.0
0.8504239952610828 -0.009609493540994411 0.0
0.8280671975308642 -0.01473099382716047 0.0
0.8047240131734308 -0.01981831409768193 0.0
0.7795620784174089 -0.02361500356470874 0.0
0.751839051441875 -0.025073521032176683 0.0
0.7216675705224196 -0.02513043631310211 0.0
0.6896327409362132 -0.025818750567952062 0.0
0.6563226015527172 -0.029159624217380414 0.0
0.6221795629336937 -0.035507176049169704 0.0
0.5874059686818185 -0.04246742167122371 0.0
0.5521817390711523 -0.047389691552810004 0.0
0.5166873287388735 -0.048268549062883366 0.0
0.48110611316872426 -0.046625422039323274 0.0
0.4456224608064114 -0.04518072025581806 0.0
0.41042061695810583 -0.046560776471994726 0.0
0.3756817310366873 -0.05101760872061086 0.0
0.341583714124718 -0.05631968194340098 0.0
0.3083043238934595 -0.0601187320183435 0.0
0.2760178011958171 -0.06081299574753076 0.0
0.24488693745999932 -0.059231033382493435 0.0
0.21507219804359273 -0.05669515085470217 0.0
0.1867327853175497 -0.05443106507220969 0.0
0.16001258966617504 -0.05249348305367728 0.0
0.13504531527206226 -0.05015810493827161 0.0
0.11196471737698029 -0.046690191177496135 0.0
0.09093560242925122 -0.04183588367142501 0.0
0.07218453026936365 -0.03629768202653682 0.0
0.05594536206382433 -0.030891159466137075 0.0
0.042379951484542336 -0.026302152247915316 0.0
0.031162700427394024 -0.02233824757145306 0.0
0.021765885584237477 -0.018442860673531236 0.0
0.013675708267245444 -0.014071783908877563 0.0
0.00690141748883593 -0.009167057491213201 0.0
0.0021075290379563264 -0.004279886089064624 0.0
0.0 0.0 0.0
