51
0.0 0.0 0.0
0.006290843772211797 0.007588911677654689 0.0
0.015101878429913528 0.01435297814728587 0.0
0.025608858984704715 0.02077737838207604 0.0
0.037010375482712035 0.027315209730883645 0.0
0.04886608388136028 0.03391229722341601 0.0
0.06102385053009434 0.04010955047258628 0.0
0.07334068074858024 0.04543691847324038 0.0
0.08601736266844895 0.04952465964340201 0.0
0.10008376233408464 0.05224494189832205 0.0
0.11669221908109426 0.053505668579135565 0.0
0.13685920027434842 0.0533023040695016 0.0
0.16045199091465617 0.05237088938048993 0.0
0.18676003731736301 0.05181984665104948 0.0
0.21507219804359273 0.05274433849600312 0.0
0.24488693745999945 0.055349992760479 0.0
0.276017801195817 0.05850528091821868 0.0
0.30830432389345963 0.060968381072054434 0.0
0.3415837141247182 0.06176129100926623 0.0
0.3756817310366872 0.06120458629023974 0.0
0.41042061695810594 0.06001771510603089 0.0
0.4456224608064112 0.05888635704148927 0.0
0.4811061131687242 0.057776679012345684 0.0
0.5166873287388732 0.05596698282178999 0.0
0.5521817390711522 0.05270849147582342 0.0
0.5874059686818187 0.047813103672510564 0.0
0.6221795629336936 0.04274197329706271 0.0
0.656322601552717 0.03925798221888305 0.0
0.6896327409362131 0.03888507152726462 0.0
0.7216675705224196 0.040589052452044846 0.0
0.7518390514418751 0.041783935326636434 0.0
0.7795620784174085 0.03987993207815321 0.0
0.8047240131734308 0.03399365773642968 0.0
0.8280671975308641 0.026329648148148168 0.0
0.8504239952610827 0.01941757030152562 0.0
0.8724701308117396 0.015363123933447319 0.0
0.8939293224392687 0.013695264713248181 0.0
0.914167589346686 0.012974783478597833 0.0
0.9325587151723336 0.011791701141950411 0.0
0.9487263305089462 0.009656440024672811 0.0
0.9625800354931829 0.007132894449717735 0.0
0.9740451040771969 0.004842685918464308 0.0
0.9830993249019118 0.00325057815065253 0.0
0.9899099273759945 0.0022554882567126203 0.0
0.9946868436213991 0.0016287832647462292 0.0
0.9976513976959679 0.0011516624092161292 0.0
0.9991821485476814 0.0007410319635150273 0.0
0.9997722698759179 0.00041272044733977237 0.0
0.9999168034894399 0.00018476388772945262 0.0
0.9999684596469747 6.811204209561523e-05 0.0
1.0 0.0 0.0
51
1.0 0.0 0.0
0.999968459646975 5.820654784418697e-05 0.0
0.9999168034894399 0.00014843675506209908 0.0
0.999772269875918 0.0003313100736645792 0.0
0.9991821485476814 0.0005926695279839857 0.0
0.997651397695968 0.0009153129226145741 0.0
0.9946868436213991 0.001281369913123001 0.0
0.9899099273759944 0.001644205601744067 0.0
0.9830993249019119 0.001917724276743562 0.0
0.9740451040771967 0.0020129712231315633 0.0
0.9625800354931829 0.0019100060977767339 0.0
0.9487263305089462 0.0018950549480108718 0.0
0.9325587151723336 0.0023392159049255255 0.0
0.9141675893466857 0.0035645103784160076 0.0
0.8939293224392687 0.004997384047082394 0.0
0.8724701308117394 0.005281832592152863 0.0
0.8504239952610828 0.003036957884631438 0.0
0.8280671975308642 -0.002320055555555527 0.0
0.8047240131734308 -0.009247948191742971 0.0
0.7795620784174089 -0.015855973606589288 0.0
0.751839051441875 -0.020435599062247834 0.0
0.7216675705224196 -0.02300885940467835 0.0
0.6896327409362132 -0.024554111247666946 0.0
0.6563226015527172 -0.026054099173553717 0.0
0.6221795629336937 -0.02808633767718335 0.0
0.5874059686818185 -0.030560323088724896 0.0
0.5521817390711523 -0.03332315585144373 0.0
0.5166873287388735 -0.03624209427609427 0.0
0.48110611316872426 -0.03929458024691358 0.0
0.4456224608064114 -0.04249551331496785 0.0
0.41042061695810583 -0.0458420632509498 0.0
0.3756817310366873 -0.048887827768210275 0.0
0.341583714124718 -0.05072242449286251 0.0
0.3083043238934595 -0.05041374621259358 0.0
0.2760178011958171 -0.047476454549233466 0.0
0.24488693745999932 -0.04287972074278133 0.0
0.21507219804359273 -0.037888214906264296 0.0
0.1867327853175497 -0.03370398799270463 0.0
0.16001258966617504 -0.03076991922902116 0.0
0.13504531527206226 -0.029023853680841337 0.0
0.11196471737698029 -0.028392808007978294 0.0
0.09093560242925122 -0.028579502128725273 0.0
0.07218453026936365 -0.028840583612542808 0.0
0.05594536206382433 -0.028379959288150697 0.0
0.042379951484542336 -0.026505474914433582 0.0
0.031162700427394024 -0.02322858656738799 0.0
0.021765885584237477 -0.01885250714058246 0.0
0.013675708267245444 -0.013687730540019098 0.0
0.00690141748883593 -0.008272302569963842 0.0
0.0021075290379563264 -0.00342934284114139 0.0
0.0 0.0 0.0
