51
0.0 0.0 0.0
0.006290843772211797 0.006894510706665334 0.0
0.015101878429913528 0.012787627128682326 0.0
0.025608858984704715 0.01726745299180974 0.0
0.037010375482712035 0.019962786468569655 0.0
0.04886608388136028 0.021145883374952806 0.0
0.06102385053009434 0.021602620929218722 0.0
0.07334068074858024 0.02213231539710955 0.0
0.08601736266844895 0.023262965367376445 0.0
0.10008376233408464 0.024868250813924363 0.0
0.11669221908109426 0.02672519426383001 0.0
0.13685920027434842 0.028668504572473708 0.0
0.16045199091465617 0.031020791895075638 0.0
0.18676003731736301 0.03434999580936736 0.0
0.21507219804359273 0.03921625043311391 0.0
0.24488693745999945 0.045645104335364665 0.0
0.276017801195817 0.05285851245750022 0.0
0.30830432389345963 0.06001214650587087 0.0
0.3415837141247182 0.06625662371650388 0.0
0.3756817310366872 0.07071768212496009 0.0
0.41042061695810594 0.07251341784319403 0.0
0.4456224608064112 0.07083369462299766 0.0
0.4811061131687242 0.0663927432556013 0.0
0.5166873287388732 0.06136211272848198 0.0
0.5521817390711522 0.057970992032352904 0.0
0.5874059686818187 0.05758801995295608 0.0
0.6221795629336936 0.05905048442662175 0.0
0.656322601552717 0.0607325677435512 0.0
0.6896327409362131 0.061119759464522444 0.0
0.7216675705224196 0.05988921870251678 0.0
0.7518390514418751 0.05744098963927615 0.0
0.7795620784174085 0.05418316781407929 0.0
0.8047240131734308 0.05032529757906239 0.0
0.8280671975308641 0.04571762345679013 0.0
0.8504239952610827 0.04017255883014755 0.0
0.8724701308117396 0.033606844888877906 0.0
0.8939293224392687 0.02657129551715501 0.0
0.914167589346686 0.01985496590964914 0.0
0.9325587151723336 0.014231328449787141 0.0
0.9487263305089462 0.0099979966190834 0.0
0.9625800354931829 0.0069079258563597415 0.0
0.9740451040771969 0.004684224041936214 0.0
0.9830993249019118 0.0030799683659366844 0.0
0.9899099273759945 0.0019563468954758604 0.0
0.9946868436213991 0.0011989174668495675 0.0
0.9976513976959679 0.000695946656649137 0.0
0.9991821485476814 0.00037308788133005096 0.0
0.9997722698759179 0.00018324730864747207 0.0
0.9999168034894399 7.999037667770456e-05 0.0
0.9999684596469747 2.4870813189199074e-05 0.0
1.0 0.0 0.0
51
1.0 0.0 0.0
0.999968459646975 -3.075486181750868e-06 0.0
0.9999168034894399 -2.2499100277337133e-05 0.0
0.999772269875918 -4.91811675232756e-05 0.0
0.9991821485476814 -7.721988462662886e-05 0.0
0.997651397695968 -9.08056599048335e-05 0.0
0.9946868436213991 -7.461431184270688e-05 0.0
0.9899099273759944 -3.696624270800384e-05 0.0
0.9830993249019119 -1.8618809768947606e-05 0.0
0.9740451040771967 -6.267948299098202e-05 0.0
0.9625800354931829 -0.00017854227013185245 0.0
0.9487263305089462 -0.0002260391564868144 0.0
0.9325587151723336 -2.3542186308894188e-05 0.0
0.9141675893466857 0.000581931149229949 0.0
0.8939293224392687 0.001220632857500627 0.0
0.8724701308117394 0.001066113781250244 0.0
0.8504239952610828 -0.0007224429236073973 0.0
0.8280671975308642 -0.004429512345678994 0.0
0.8047240131734308 -0.00885888129500976 0.0
0.7795620784174089 -0.012570710003651786 0.0
0.751839051441875 -0.014335534963964718 0.0
0.7216675705224196 -0.014921933306640527 0.0
0.6896327409362132 -0.016202611104412127 0.0
0.6563226015527172 -0.0200433608815427 0.0
0.6221795629336937 -0.02698831661168359 0.0
0.5874059686818185 -0.035402870001927274 0.0
0.5521817390711523 -0.04344890847872666 0.0
0.5166873287388735 -0.049521570479477604 0.0
0.48110611316872426 -0.05329095221764975 0.0
0.4456224608064114 -0.05486058060865775 0.0
0.41042061695810583 -0.05434669073570793 0.0
0.3756817310366873 -0.052173953408519776 0.0
0.341583714124718 -0.04908966579013271 0.0
0.3083043238934595 -0.04585629700569962 0.0
0.2760178011958171 -0.043170048690317805 0.0
0.24488693745999932 -0.04151138070326775 0.0
0.21507219804359273 -0.04131692270097499 0.0
0.1867327853175497 -0.04292672002908383 0.0
0.16001258966617504 -0.045509865278125616 0.0
0.13504531527206226 -0.04745648216735252 0.0
0.11196471737698029 -0.04714940727394338 0.0
0.09093560242925122 -0.043868477460555985 0.0
0.07218453026936365 -0.03867744772230002 0.0
0.05594536206382433 -0.0328509921215007 0.0
0.042379951484542336 -0.02750081982821788 0.0
0.031162700427394024 -0.02263545587021801 0.0
0.021765885584237477 -0.017805982445445536 0.0
0.013675708267245444 -0.01258010355390451 0.0
0.00690141748883593 -0.007174872637540949 0.0
0.0021075290379563264 -0.0026208389541952037 0.0
0.0 0.0 0.0
