51
0.0 0.0 0.0
0.006290843772211797 0.007705632267476315 0.0
0.015101878429913528 0.01419818210675266 0.0
0.025608858984704715 0.020530401800372872 0.0
0.037010375482712035 0.02767073738215402 0.0
0.04886608388136028 0.035254590589945296 0.0
0.06102385053009434 0.04185329921343833 0.0
0.07334068074858024 0.04601143162159293 0.0
0.08601736266844895 0.04716845927543984 0.0
0.10008376233408464 0.04692203130478336 0.0
0.11669221908109426 0.04718860779563825 0.0
0.13685920027434842 0.049609232281664375 0.0
0.16045199091465617 0.05349552124087522 0.0
0.18676003731736301 0.05698779483678055 0.0
0.21507219804359273 0.05824260941163497 0.0
0.24488693745999945 0.05680547452486296 0.0
0.276017801195817 0.054309786243724865 0.0
0.30830432389345963 0.052561156874324305 0.0
0.3415837141247182 0.05291162509391436 0.0
0.3756817310366872 0.05448064168879901 0.0
0.41042061695810594 0.05570189320096176 0.0
0.4456224608064112 0.05508807654599252 0.0
0.4811061131687242 0.052833961133973484 0.0
0.5166873287388732 0.05074240339747508 0.0
0.5521817390711522 0.05067990610420086 0.0
0.5874059686818187 0.05361553636542276 0.0
0.6221795629336936 0.05787851006923296 0.0
0.656322601552717 0.061315087528174286 0.0
0.6896327409362131 0.06191858887861714 0.0
0.7216675705224196 0.059256775113307 0.0
0.7518390514418751 0.05385248725083711 0.0
0.7795620784174085 0.04624528681124751 0.0
0.8047240131734308 0.0372898775087198 0.0
0.8280671975308641 0.028411246913580265 0.0
0.8504239952610827 0.021094428514475096 0.0
0.8724701308117396 0.016541139995678307 0.0
0.8939293224392687 0.01423119171049336 0.0
0.914167589346686 0.012997418574411942 0.0
0.9325587151723336 0.011693793380356646 0.0
0.9487263305089462 0.009837047926463907 0.0
0.9625800354931829 0.0077024939619986564 0.0
0.9740451040771969 0.005607013296760414 0.0
0.9830993249019118 0.0038112912272402614 0.0
0.9899099273759945 0.0023732905188675493 0.0
0.9946868436213991 0.0013052773205304098 0.0
0.9976513976959679 0.0006147604557976471 0.0
0.9991821485476814 0.00024358672807729074 0.0
0.9997722698759179 8.573928843926816e-05 0.0
0.9999168034894399 3.4260251736835784e-05 0.0
0.9999684596469747 1.0334758838942088e-05 0.0
1.0 0.0 0.0
51
1.0 0.0 0.0
0.999968459646975 -3.2617560841211615e-06 0.0
0.9999168034894399 -1.5603226943447287e-05 0.0
0.999772269875918 -3.019816898365011e-05 0.0
0.9991821485476814 -8.499981792554097e-06 0.0
0.997651397695968 0.00010725457049837121 0.0
0.9946868436213991 0.00037357613168724355 0.0
0.9899099273759944 0.0007874002668249678 0.0
0.9830993249019119 0.0012639341347357902 0.0
0.9740451040771967 0.0017124635318597667 0.0
0.9625800354931829 0.0020262678071398597 0.0
0.9487263305089462 0.002027617385981021 0.0
0.9325587151723336 0.0015190983799839028 0.0
0.9141675893466857 0.00031381444139039595 0.0
0.8939293224392687 -0.0015832006010518384 0.0
0.8724701308117394 -0.00399922663495137 0.0
0.8504239952610828 -0.0067558873233920696 0.0
0.8280671975308642 -0.009666740740740727 0.0
0.8047240131734308 -0.012523878618858729 0.0
0.7795620784174089 -0.015115860702731833 0.0
0.751839051441875 -0.017267059219374655 0.0
0.7216675705224196 -0.0191419741000798 0.0
0.6896327409362132 -0.021093061834719665 0.0
0.6563226015527172 -0.023472661532682192 0.0
0.6221795629336937 -0.02648363758061518 0.0
0.5874059686818185 -0.03008244662538731 0.0
0.5521817390711523 -0.034202529727949835 0.0
0.5166873287388735 -0.03877913633065681 0.0
0.48110611316872426 -0.043757400548696854 0.0
0.4456224608064114 -0.04908581686006065 0.0
0.41042061695810583 -0.05469553371864414 0.0
0.3756817310366873 -0.06008441577475947 0.0
0.341583714124718 -0.06429710919108442 0.0
0.3083043238934595 -0.06635700698118141 0.0
0.2760178011958171 -0.06560413337864585 0.0
0.24488693745999932 -0.06240934359666453 0.0
0.21507219804359273 -0.0573529169656295 0.0
0.1867327853175497 -0.051028462508807375 0.0
0.16001258966617504 -0.04419119355631614 0.0
0.13504531527206226 -0.037703829675354385 0.0
0.11196471737698029 -0.0324275150295596 0.0
0.09093560242925122 -0.028758831329827206 0.0
0.07218453026936365 -0.02617045714396627 0.0
0.05594536206382433 -0.0240258346428953 0.0
0.042379951484542336 -0.021738478810139957 0.0
0.031162700427394024 -0.019060870476780865 0.0
0.021765885584237477 -0.015886044974796443 0.0
0.013675708267245444 -0.012114463795438306 0.0
0.00690141748883593 -0.007896827350469642 0.0
0.0021075290379563264 -0.0036973318393780175 0.0
0.0 0.0 0.0
