100
1.0 0.0 0.0
0.9913771682642184 0.00021500722512759928 0.0
0.9824676455901051 9.967235620879418e-05 0.0
0.9733054909675894 -0.0002248208302439953 0.0
0.9639328682778958 -0.0006372885577183493 0.0
0.9543919414022503 -0.0010165470497018481 0.0
0.9447248742218779 -0.0012414125296820713 0.0
0.9349738306180035 -0.0011907012211465988 0.0
0.9251806877877832 -0.0007449071227115269 0.0
0.9153716087874155 0.00012351113551139863 0.0
0.905549218298592 0.0013043401493126755 0.0
0.8957142089332709 0.00267605936879502 0.0
0.8858672733034096 0.004117148244061142 0.0
0.8760091040209649 0.005506086225213761 0.0
0.8661403936978951 0.006721352762355585 0.0
0.8562618349461575 0.0076414273055893335 0.0
0.8463699873005261 0.008150351423582565 0.0
0.8364175735978591 0.008191160238834637 0.0
0.8263309137388783 0.007742420816446397 0.0
0.8160359647752815 0.0067831885282239775 0.0
0.8054586837587648 0.005292518745973497 0.0
0.7945250277410258 0.0032494668415010957 0.0
0.7831609537737606 0.0006330881866128853 0.0
0.7712924201113567 -0.0025775603724623774 0.0
0.7588690527445542 -0.006374406826985267 0.0
0.7459248475697253 -0.010645946947814486 0.0
0.732512592514368 -0.015257638652552516 0.0
0.7186850755059802 -0.020074939858801766 0.0
0.7044950844720599 -0.024963308484164712 0.0
0.6899954073401056 -0.02978820244624382 0.0
0.6752388320376146 -0.03441507966264153 0.0
0.6602777979547676 -0.03871052489000731 0.0
0.6451498772739211 -0.042589189331377814 0.0
0.629872530180052 -0.04603074731015583 0.0
0.6144617892492832 -0.04901948868248043 0.0
0.5989336870577379 -0.051539703304490765 0.0
0.5833042561815398 -0.05357568103232593 0.0
0.5675895291968119 -0.05511171172212501 0.0
0.5518055386796779 -0.05613208523002714 0.0
0.5359683278014155 -0.05662718498477506 0.0
0.5200940381142357 -0.05664397606630748 0.0
0.5041988645631957 -0.056260131287037954 0.0
0.48829900262318665 -0.05555362818243047 0.0
0.47241064776910063 -0.054602444287949005 0.0
0.4565499954758291 -0.05348455713905757 0.0
0.440733241218264 -0.05227794427122016 0.0
0.4249765804403003 -0.05106057774874304 0.0
0.40929612365566004 -0.04989543866379954 0.0
0.39370771130631416 -0.04879783791141173 0.0
0.37822713027243016 -0.04777363222607402 0.0
0.3628701674341762 -0.046828678342280834 0.0
0.34765260967172 -0.0459688329945266 0.0
0.3325902438652294 -0.04519995291730574 0.0
0.3176988568948725 -0.04452789484511267 0.0
0.30299421566713935 -0.04395874574555394 0.0
0.2884914068579925 -0.043506433485364926 0.0
0.2742046854670705 -0.04319447251979195 0.0
0.2601482558470086 -0.04304696110329515 0.0
0.2463363223504418 -0.0430879974903346 0.0
0.23278308933000455 -0.0433416799353704 0.0
0.21950276113833236 -0.04383210669286264 0.0
0.20650954212805958 -0.04458337601727144 0.0
0.19382139739890472 -0.045610836235968025 0.0
0.1814870060720102 -0.04685837502178874 0.0
0.16957004512788534 -0.048234985338339545 0.0
0.15813429308721058 -0.049649423901195 0.0
0.1472435284706666 -0.051010447425929584 0.0
0.13696152979893342 -0.0522268126281179 0.0
0.12735207559269157 -0.05320727622333446 0.0
0.1184789017971399 -0.053860626275722606 0.0
0.11036745638433797 -0.054123842501248944 0.0
0.10293441327770439 -0.0540139955649522 0.0
0.09607726062704088 -0.053562282725822405 0.0
0.08969348658214925 -0.05279990124284969 0.0
0.08368057929283171 -0.05175804837502412 0.0
0.07793602690888983 -0.05046792138133577 0.0
0.07235731758012602 -0.048960717520774764 0.0
0.06684426548864471 -0.04726696231050034 0.0
0.061361242981627526 -0.045398537321951475 0.0
0.05594399713821998 -0.04334671160409254 0.0
0.05063196869071584 -0.04110168750474001 0.0
0.04546459837140862 -0.03865366737171039 0.0
0.04048132691259164 -0.03599285355282004 0.0
0.03572159504655876 -0.03310944839588549 0.0
0.0312248435056034 -0.029993654248723155 0.0
0.02702708771698052 -0.02664575617449891 0.0
0.023139643999300206 -0.023138743442006563 0.0
0.019562995002034674 -0.019577495268781817 0.0
0.01629757714173032 -0.01606702696343259 0.0
0.013343826834933405 -0.012712353834566818 0.0
0.010702180498190094 -0.009618491190792304 0.0
0.008373074548046545 -0.006890454340717008 0.0
0.006356935017094104 -0.004633130632455734 0.0
0.004649848742776295 -0.002897935923102625 0.0
0.0032368696104697185 -0.001600328045918002 0.0
0.002101323875057197 -0.0006344754071359287 0.0
0.0012265377914212191 0.00010545358700947795 0.0
0.0005958376144447195 0.0007252905302841396 0.0
0.000192549599010076 0.0013308670164539544 0.0
0.0 0.0 0.0
100
1.0 0.0 0.0
0.0001992325837200962 0.004022859629578915 0.0
0.0006071345880087396 0.0052758574857063555 0.0
0.0012426867524102183 0.00661046378504985 0.0
0.002122658021470547 0.007959194493971858 0.0
0.003263817339735182 0.0092545655788348 0.0
0.004682933651750027 0.010429093006001191 0.0
0.00639677590206065 0.011415292741833458 0.0
0.008420377110585922 0.012163629195784065 0.0
0.010757684377386762 0.012739188690352097 0.0
0.013408284775455642 0.013252137672191333 0.0
0.01637175494397829 0.013812750467403132 0.0
0.019647671522139983 0.014531301402088859 0.0
0.02323561114912656 0.015518064802349848 0.0
0.02713515046412342 0.01688331499428747 0.0
0.0313458195226353 0.018737048924495875 0.0
0.03585623251943553 0.0211242657544179 0.0
0.04063011715638834 0.023941779636632535 0.0
0.04562774984362229 0.02706585423079306 0.0
0.05080940699126518 0.030372753196552724 0.0
0.05613536500944557 0.033738740193564785 0.0
0.06156590030829203 0.03704007888148263 0.0
0.06706128929793258 0.0401530329199595 0.0
0.0725855059689617 0.042956514644297145 0.0
0.07817397493392207 0.04538061837871294 0.0
0.08392674761262608 0.04740173235562425 0.0
0.08994620393036881 0.048997912778119185 0.0
0.09633472381244565 0.05014721584928591 0.0
0.10319468718415153 0.0508276977722125 0.0
0.11062847397078183 0.051017414749987076 0.0
0.11873846409763163 0.050694422985697735 0.0
0.12760794490745397 0.04986019065758836 0.0
0.13721195804263767 0.04864892050938428 0.0
0.14748744314863677 0.047241537251504186 0.0
0.15837129750222495 0.04581901754828534 0.0
0.1698004183801765 0.044562338064065087 0.0
0.18171170305926515 0.04365247546318075 0.0
0.19404204881626536 0.0432704064099696 0.0
0.2067284522194654 0.04359643802880128 0.0
0.21972257556159022 0.04471198391103689 0.0
0.23300611497976645 0.04649593420669336 0.0
0.24656444407462 0.04880238128920571 0.0
0.26038293644677757 0.05148541753200909 0.0
0.2744469656968649 0.054399135308538515 0.0
0.28874190542550837 0.057397626992229084 0.0
0.30325312923333364 0.060334984956515805 0.0
0.31796597322510023 0.06307001522350436 0.0
0.33286515778454906 0.06553892681470024 0.0
0.3479348996953759 0.06774123689400599 0.0
0.36315940095401794 0.06967832154869617 0.0
0.3785228635569125 0.07135155686604534 0.0
0.3940094895004964 0.07276231893332812 0.0
0.4096034807812076 0.0739119838378191 0.0
0.42528903939548296 0.07480192766679283 0.0
0.44105028110730465 0.07542982050700292 0.0
0.4568708868754571 0.07577464588123314 0.0
0.4727344009243921 0.07580951089940416 0.0
0.4886243674286584 0.0755075205267603 0.0
0.504524330562805 0.07484177972854604 0.0
0.5204178345013799 0.07378539347000569 0.0
0.5362884234189325 0.07231146671638371 0.0
0.5521196436532628 0.07039345767140714 0.0
0.5678952595387016 0.06804042129726857 0.0
0.5835994370870236 0.06532700266030964 0.0
0.5992163855687405 0.06233491056667562 0.0
0.6147303142543632 0.05914585382251186 0.0
0.6301254324144022 0.05584154123396376 0.0
0.6453859493193702 0.05250368160717651 0.0
0.660496074239777 0.049213983748295435 0.0
0.6754385983994099 0.04605339267990076 0.0
0.6901763357349043 0.04309209332524509 0.0
0.704657332555681 0.04039231651779688 0.0
0.7188292889683489 0.038016106620427384 0.0
0.7326399050795149 0.0360255079960081 0.0
0.7460368809957875 0.0344825650074104 0.0
0.7589679168237742 0.03344932201750568 0.0
0.7713807126700831 0.03298782338916539 0.0
0.7832416113318966 0.03312299503462025 0.0
0.7946006550231368 0.033713113494524126 0.0
0.8055313656062245 0.0345697062541608 0.0
0.8161072661367145 0.03550429842323324 0.0
0.8264018796701604 0.036328415111444363 0.0
0.8364887292621161 0.03685358142849716 0.0
0.8464413379681364 0.03689132248409459 0.0
0.8563328686971624 0.03625474026164339 0.0
0.8662102780647929 0.03487167894515378 0.0
0.8760770124740146 0.032860488772976926 0.0
0.8859324160328077 0.030357481560496464 0.0
0.8957758328491527 0.02749896912309586 0.0
0.90560660703103 0.024421263276158758 0.0
0.9154240826864192 0.021260675835068705 0.0
0.9252276039233011 0.01815351861520931 0.0
0.9350145929325128 0.01522888588164431 0.0
0.9447590572192542 0.012527940599946802 0.0
0.954419372722047 0.010033143091026464 0.0
0.9639536302018029 0.007725882722366658 0.0
0.9733199204194344 0.005587548861450745 0.0
0.9824763341358534 0.003599530875762128 0.0
0.9913809621119724 0.0017432181327840775 0.0
0.9999918951087036 0.0 0.0
