51
0.0 0.0 0.0
0.006290843772211797 0.006272039294159155 0.0
0.015101878429913528 0.01224761646530262 0.0
0.025608858984704715 0.01829364771915667 0.0
0.037010375482712035 0.0247322028367888 0.0
0.04886608388136028 0.03117624318217031 0.0
0.06102385053009434 0.03667270489096659 0.0
0.07334068074858024 0.040255074432211095 0.0
0.08601736266844895 0.04167819363412722 0.0
0.10008376233408464 0.04243654858502379 0.0
0.11669221908109426 0.04428160961414986 0.0
0.13685920027434842 0.04868642363968907 0.0
0.16045199091465617 0.05476917901698342 0.0
0.18676003731736301 0.06046398016573586 0.0
0.21507219804359273 0.06372082777336334 0.0
0.24488693745999945 0.06386523033827718 0.0
0.276017801195817 0.06229037161569097 0.0
0.30830432389345963 0.06055998450443283 0.0
0.3415837141247182 0.05995656373653895 0.0
0.3756817310366872 0.06037828871856338 0.0
0.41042061695810594 0.061298130981961914 0.0
0.4456224608064112 0.0622044262273794 0.0
0.4811061131687242 0.06291426840420668 0.0
0.5166873287388732 0.06355904937412764 0.0
0.5521817390711522 0.06428254771776536 0.0
0.5874059686818187 0.0649892101328216 0.0
0.6221795629336936 0.06487947678533454 0.0
0.656322601552717 0.06302499123466065 0.0
0.6896327409362131 0.05862395184439711 0.0
0.7216675705224196 0.05222946853169316 0.0
0.7518390514418751 0.045216561389839635 0.0
0.7795620784174085 0.038964894407290944 0.0
0.8047240131734308 0.0342002033795768 0.0
0.8280671975308641 0.030464870370370378 0.0
0.8504239952610827 0.02717668061185264 0.0
0.8724701308117396 0.02382941341552106 0.0
0.8939293224392687 0.020378717004758323 0.0
0.914167589346686 0.01695377846656889 0.0
0.9325587151723336 0.013682917617318659 0.0
0.9487263305089462 0.010659425225626332 0.0
0.9625800354931829 0.007936498552336274 0.0
0.9740451040771969 0.005565137413312804 0.0
0.9830993249019118 0.0035904803823357525 0.0
0.9899099273759945 0.0020365222689088594 0.0
0.9946868436213991 0.0009224917695473279 0.0
0.9976513976959679 0.00026111820686200963 0.0
0.9991821485476814 -2.4575389819701354e-05 0.0
0.9997722698759179 -7.695646840132098e-05 0.0
0.9999168034894399 -3.960976616486261e-05 0.0
0.9999684596469747 -4.380149486567192e-06 0.0
1.0 0.0 0.0
51
1.0 0.0 0.0
0.999968459646975 5.011890063440938e-05 0.0
0.9999168034894399 0.0001602585264954407 0.0
0.999772269875918 0.0003514023374925333 0.0
0.9991821485476814 0.0005657354622990784 0.0
0.997651397695968 0.0007074355121462558 0.0
0.9946868436213991 0.0006821106538637404 0.0
0.9899099273759944 0.00046704862796588195 0.0
0.9830993249019119 0.0001378712005268461 0.0
0.9740451040771967 -0.00022267539456050862 0.0
0.9625800354931829 -0.0005801018174122948 0.0
0.9487263305089462 -0.0011139993414401156 0.0
0.9325587151723336 -0.0020633043161609617 0.0
0.9141675893466857 -0.0036445031806347063 0.0
0.8939293224392687 -0.005664391685449534 0.0
0.8724701308117394 -0.007571825468575503 0.0
0.8504239952610828 -0.008804233146002762 0.0
0.8280671975308642 -0.009142345679012346 0.0
0.8047240131734308 -0.009280583777440427 0.0
0.7795620784174089 -0.01006370303930369 0.0
0.751839051441875 -0.012259800975781705 0.0
0.7216675705224196 -0.01590891779475536 0.0
0.6896327409362132 -0.02064876498034796 0.0
0.6563226015527172 -0.026112710242925125 0.0
0.6221795629336937 -0.031926589101915995 0.0
0.5874059686818185 -0.03770382032754854 0.0
0.5521817390711523 -0.043056662910092657 0.0
0.5166873287388735 -0.04764516360146029 0.0
0.48110611316872426 -0.05139057864654778 0.0
0.4456224608064114 -0.05430296426153176 0.0
0.41042061695810583 -0.05639433021831416 0.0
0.3756817310366873 -0.05772364263232262 0.0
0.341583714124718 -0.05839898434760831 0.0
0.3083043238934595 -0.058530742136358664 0.0
0.2760178011958171 -0.0581974316044161 0.0
0.24488693745999932 -0.05737380794631346 0.0
0.21507219804359273 -0.05601354634155725 0.0
0.1867327853175497 -0.05405165992836571 0.0
0.16001258966617504 -0.05119691010193765 0.0
0.13504531527206226 -0.04700754572473709 0.0
0.11196471737698029 -0.0410437292240158 0.0
0.09093560242925122 -0.033477468695216644 0.0
0.07218453026936365 -0.025697586318925034 0.0
0.05594536206382433 -0.0192367725884839 0.0
0.042379951484542336 -0.01535763112298373 0.0
0.031162700427394024 -0.013494423543584674 0.0
0.021765885584237477 -0.012323276990219859 0.0
0.013675708267245444 -0.01053918837363534 0.0
0.00690141748883593 -0.007601930929194686 0.0
0.0021075290379563264 -0.00392937887762774 0.0
0.0 0.0 0.0
