51
0.0 0.0 0.0
0.006290843772211797 0.0070035021867829745 0.0
0.015101878429913528 0.013290237267756296 0.0
0.025608858984704715 0.019589638932947472 0.0
0.037010375482712035 0.02655269296320001 0.0
0.04886608388136028 0.033589972483739544 0.0
0.06102385053009434 0.039121927192030496 0.0
0.07334068074858024 0.04154502493355142 0.0
0.08601736266844895 0.040376343679113344 0.0
0.10008376233408464 0.03783546155772601 0.0
0.11669221908109426 0.036541176221453385 0.0
0.13685920027434842 0.03874027251943301 0.0
0.16045199091465617 0.04353311334186678 0.0
0.18676003731736301 0.048437959046300855 0.0
0.21507219804359273 0.050993459149705406 0.0
0.24488693745999945 0.05052908674903303 0.0
0.276017801195817 0.049066296459648 0.0
0.30830432389345963 0.04884858702162942 0.0
0.3415837141247182 0.0515549184823441 0.0
0.3756817310366872 0.056085468858740085 0.0
0.41042061695810594 0.06048688230827129 0.0
0.4456224608064112 0.06287374202075854 0.0
0.4811061131687242 0.06280850960219479 0.0
0.5166873287388732 0.06123784056151763 0.0
0.5521817390711522 0.05916362274721502 0.0
0.5874059686818187 0.05735650728933383 0.0
0.6221795629336936 0.05590695111163327 0.0
0.656322601552717 0.054780970949161026 0.0
0.6896327409362131 0.0539013624954782 0.0
0.7216675705224196 0.052728191571360994 0.0
0.7518390514418751 0.050440824943651395 0.0
0.7795620784174085 0.046222372540663574 0.0
0.8047240131734308 0.03998517866932425 0.0
0.8280671975308641 0.032961216049382736 0.0
0.8504239952610827 0.026521402767944048 0.0
0.8724701308117396 0.02180888938461237 0.0
0.8939293224392687 0.018582524668169294 0.0
0.914167589346686 0.016081031105875606 0.0
0.9325587151723336 0.013558080456986293 0.0
0.9487263305089462 0.010739400998042875 0.0
0.9625800354931829 0.007891026919193639 0.0
0.9740451040771969 0.005308600381085281 0.0
0.9830993249019118 0.0032286364100138185 0.0
0.9899099273759945 0.0016743556190754922 0.0
0.9946868436213991 0.0006208989483310497 0.0
0.9976513976959679 3.839156023040409e-05 0.0
0.9991821485476814 -0.00017227063839771715 0.0
0.9997722698759179 -0.00016065569255799855 0.0
0.9999168034894399 -7.717294617432365e-05 0.0
0.9999684596469747 -1.3217982463824722e-05 0.0
1.0 0.0 0.0
51
1.0 0.0 0.0
0.999968459646975 6.896372269441361e-05 0.0
0.9999168034894399 0.0002242179415829548 0.0
0.999772269875918 0.0004940881972120635 0.0
0.9991821485476814 0.0008195994954476234 0.0
0.997651397695968 0.0010958459804658145 0.0
0.9946868436213991 0.001219403063557385 0.0
0.9899099273759944 0.0011625572017835057 0.0
0.9830993249019119 0.0010014594753782076 0.0
0.9740451040771967 0.0008197861336213543 0.0
0.9625800354931829 0.0007353680551046639 0.0
0.9487263305089462 0.0010175552772908171 0.0
0.9325587151723336 0.0019777003145422167 0.0
0.9141675893466857 0.003888848221012297 0.0
0.8939293224392687 0.006325007387928874 0.0
0.8724701308117394 0.008249449206893966 0.0
0.8504239952610828 0.008605496706857028 0.0
0.8280671975308642 0.006670820987654333 0.0
0.8047240131734308 0.0026129513426617177 0.0
0.7795620784174089 -0.0032541691961275 0.0
0.751839051441875 -0.010597018685477397 0.0
0.7216675705224196 -0.018896125207281466 0.0
0.6896327409362132 -0.027529259799814246 0.0
0.6563226015527172 -0.03587389030803908 0.0
0.6221795629336937 -0.043363021098479254 0.0
0.5874059686818185 -0.04952120799533617 0.0
0.5521817390711523 -0.0538815581387799 0.0
0.5166873287388735 -0.05615669448695711 0.0
0.48110611316872426 -0.057040479423868314 0.0
0.4456224608064114 -0.0575603544536272 0.0
0.41042061695810583 -0.058711497476722815 0.0
0.3756817310366873 -0.060676420289862545 0.0
0.341583714124718 -0.06278757913849237 0.0
0.3083043238934595 -0.06433745225389287 0.0
0.2760178011958171 -0.06478216237726721 0.0
0.24488693745999932 -0.0641105966135181 0.0
0.21507219804359273 -0.06241987873171053 0.0
0.1867327853175497 -0.05978945422253 0.0
0.16001258966617504 -0.056084443614287965 0.0
0.13504531527206226 -0.05102738911751258 0.0
0.11196471737698029 -0.0443424302671994 0.0
0.09093560242925122 -0.03630486551465066 0.0
0.07218453026936365 -0.02828611602214023 0.0
0.05594536206382433 -0.021787201488750723 0.0
0.042379951484542336 -0.018018335814527265 0.0
0.031162700427394024 -0.016221134991550715 0.0
0.021765885584237477 -0.014820922460842833 0.0
0.013675708267245444 -0.01227308251940896 0.0
0.00690141748883593 -0.008206088933411258 0.0
0.0021075290379563264 -0.003718045398892489 0.0
0.0 0.0 0.0
