51
0.0 0.0 0.0
0.006290843772211797 0.008031837680017534 0.0
0.015101878429913528 0.014515644813265463 0.0
0.025608858984704715 0.019887862539536783 0.0
0.037010375482712035 0.024551265533957405 0.0
0.04886608388136028 0.028376296771836996 0.0
0.06102385053009434 0.030808480887850032 0.0
0.07334068074858024 0.03128378021173542 0.0
0.08601736266844895 0.029945588621995207 0.0
0.10008376233408464 0.028643365138993234 0.0
0.11669221908109426 0.02947859263965712 0.0
0.13685920027434842 0.03425764471879287 0.0
0.16045199091465617 0.04229091010657539 0.0
0.18676003731736301 0.051633731634269445 0.0
0.21507219804359273 0.06034589760252595 0.0
0.24488693745999945 0.06725899113263026 0.0
0.276017801195817 0.07236476400590608 0.0
0.30830432389345963 0.07575066280428336 0.0
0.3415837141247182 0.07747795567242675 0.0
0.3756817310366872 0.07747905480235129 0.0
0.41042061695810594 0.07564679284461112 0.0
0.4456224608064112 0.07190562181502815 0.0
0.4811061131687242 0.06685180566986741 0.0
0.5166873287388732 0.061723870852008846 0.0
0.5521817390711522 0.05778561136154937 0.0
0.5874059686818187 0.05575792906258792 0.0
0.6221795629336936 0.054764781838897075 0.0
0.656322601552717 0.053637969822188825 0.0
0.6896327409362131 0.05129948664810196 0.0
0.7216675705224196 0.04763694887950347 0.0
0.7518390514418751 0.043123734790513034 0.0
0.7795620784174085 0.03824048636330999 0.0
0.8047240131734308 0.033377169251608683 0.0
0.8280671975308641 0.02875966049382717 0.0
0.8504239952610827 0.024596560027716548 0.0
0.8724701308117396 0.021047779512981743 0.0
0.8939293224392687 0.017977318056599044 0.0
0.914167589346686 0.015137990992810803 0.0
0.9325587151723336 0.012289320192710368 0.0
0.9487263305089462 0.00939608899833969 0.0
0.9625800354931829 0.006658018693550477 0.0
0.9740451040771969 0.0042877039682269755 0.0
0.9830993249019118 0.002449133863891438 0.0
0.9899099273759945 0.0011309580730613257 0.0
0.9946868436213991 0.00028230224051211896 0.0
0.9976513976959679 -0.00015104683195592218 0.0
0.9991821485476814 -0.0002693860471531627 0.0
0.9997722698759179 -0.0002066045490445043 0.0
0.9999168034894399 -9.717691608462966e-05 0.0
0.9999684596469747 -4.1236018828560425e-05 0.0
1.0 0.0 0.0
51
1.0 0.0 0.0
0.999968459646975 -6.375877762078163e-05 0.0
0.9999168034894399 -0.00017977625195944713 0.0
0.999772269875918 -0.0003964886249839837 0.0
0.9991821485476814 -0.0006619220211158281 0.0
0.997651397695968 -0.0008970636113198091 0.0
0.9946868436213991 -0.0010232935528120717 0.0
0.9899099273759944 -0.0009854450916676205 0.0
0.9830993249019119 -0.0007605257255753107 0.0
0.9740451040771967 -0.0003278740316129349 0.0
0.9625800354931829 0.0002764720136095484 0.0
0.9487263305089462 0.0007649405858400352 0.0
0.9325587151723336 0.0007802324104906496 0.0
0.9141675893466857 -5.831074922958632e-06 0.0
0.8939293224392687 -0.0013900065113949403 0.0
0.8724701308117394 -0.002704755822517945 0.0
0.8504239952610828 -0.0032679338231479853 0.0
0.8280671975308642 -0.002962691358024694 0.0
0.8047240131734308 -0.003176699105464748 0.0
0.7795620784174089 -0.005545175471340959 0.0
0.751839051441875 -0.01144875892997935 0.0
0.7216675705224196 -0.019850224608428266 0.0
0.6896327409362132 -0.028376222207450112 0.0
0.6563226015527172 -0.034660938517405475 0.0
0.6221795629336937 -0.03787883090435698 0.0
0.5874059686818185 -0.039743478963529116 0.0
0.5521817390711523 -0.04220562767250095 0.0
0.5166873287388735 -0.0467516453634395 0.0
0.48110611316872426 -0.05232960219478739 0.0
0.4456224608064114 -0.057024656329131534 0.0
0.41042061695810583 -0.05898333598955923 0.0
0.3756817310366873 -0.057902693995012536 0.0
0.341583714124718 -0.055101644878537415 0.0
0.3083043238934595 -0.05197538372055074 0.0
0.2760178011958171 -0.049623912660770896 0.0
0.24488693745999932 -0.04818619775347599 0.0
0.21507219804359273 -0.047605960499976466 0.0
0.1867327853175497 -0.0477619775553721 0.0
0.16001258966617504 -0.0477456580821994 0.0
0.13504531527206226 -0.04612462002743484 0.0
0.11196471737698029 -0.04146616204747194 0.0
0.09093560242925122 -0.033545499624342626 0.0
0.07218453026936365 -0.024540104697108798 0.0
0.05594536206382433 -0.016911476639674995 0.0
0.042379951484542336 -0.012717116569737775 0.0
0.031162700427394024 -0.011279676009061813 0.0
0.021765885584237477 -0.01078778243905573 0.0
0.013675708267245444 -0.009458510613480995 0.0
0.00690141748883593 -0.0066608502011579335 0.0
0.0021075290379563264 -0.0032068936182729794 0.0
0.0 0.0 0.0
