51
0.0 0.0 0.0
0.006290843772211797 0.007222568705454023 0.0
0.015101878429913528 0.013536384966558417 0.0
0.025608858984704715 0.019598341273153942 0.0
0.037010375482712035 0.025996170146693618 0.0
0.04886608388136028 0.03222405169987121 0.0
0.06102385053009434 0.03690326955041693 0.0
0.07334068074858024 0.0386342028003739 0.0
0.08601736266844895 0.03707903940589447 0.0
0.10008376233408464 0.03446066040570999 0.0
0.11669221908109426 0.03338021829508223 0.0
0.13685920027434842 0.03610941152263374 0.0
0.16045199091465617 0.042133471408297846 0.0
0.18676003731736301 0.04953652135991072 0.0
0.21507219804359273 0.05640584407830301 0.0
0.24488693745999945 0.061590568434575325 0.0
0.276017801195817 0.06508503706245876 0.0
0.30830432389345963 0.06697805386363723 0.0
0.3415837141247182 0.06742673754069622 0.0
0.3756817310366872 0.0669244670802505 0.0
0.41042061695810594 0.06606790756148362 0.0
0.4456224608064112 0.06543267675376353 0.0
0.4811061131687242 0.06514676406035666 0.0
0.5166873287388732 0.06491021932260056 0.0
0.5521817390711522 0.06440599835823801 0.0
0.5874059686818187 0.06336640214562728 0.0
0.6221795629336936 0.06166888288558474 0.0
0.656322601552717 0.059217447908840475 0.0
0.6896327409362131 0.05590697471432347 0.0
0.7216675705224196 0.051534595680472375 0.0
0.7518390514418751 0.0458381494930944 0.0
0.7795620784174085 0.038561241337464004 0.0
0.8047240131734308 0.030073878594639367 0.0
0.8280671975308641 0.021879611111111127 0.0
0.8504239952610827 0.015601340872761906 0.0
0.8724701308117396 0.012527362418869509 0.0
0.8939293224392687 0.011912327948910591 0.0
0.914167589346686 0.0122467854510139 0.0
0.9325587151723336 0.012049222329233914 0.0
0.9487263305089462 0.010709287076457876 0.0
0.9625800354931829 0.008613740757402273 0.0
0.9740451040771969 0.006203987118403708 0.0
0.9830993249019118 0.003876487533739598 0.0
0.9899099273759945 0.0018655788813551248 0.0
0.9946868436213991 0.00036905281207133436 0.0
0.9976513976959679 -0.0004339266215877775 0.0
0.9991821485476814 -0.0006212990236342957 0.0
0.9997722698759179 -0.00045841705666672543 0.0
0.9999168034894399 -0.00021438127834822065 0.0
0.9999684596469747 -6.039059660991098e-05 0.0
1.0 0.0 0.0
51
1.0 0.0 0.0
0.999968459646975 4.661133939125995e-05 0.0
0.9999168034894399 0.00017803463004702628 0.0
0.999772269875918 0.0003971638226979529 0.0
0.9991821485476814 0.0007058826799780275 0.0
0.997651397695968 0.001078018532431754 0.0
0.9946868436213991 0.0014869195244627356 0.0
0.9899099273759944 0.0018911685339604938 0.0
0.9830993249019119 0.0022290926250568143 0.0
0.9740451040771967 0.0024375512936390393 0.0
0.9625800354931829 0.0023942235424338275 0.0
0.9487263305089462 0.0017142477251857369 0.0
0.9325587151723336 -6.001643926253344e-05 0.0
0.9141675893466857 -0.003349042684265384 0.0
0.8939293224392687 -0.007895065865264205 0.0
0.8724701308117394 -0.012847754525666855 0.0
0.8504239952610828 -0.017337409182118093 0.0
0.8280671975308642 -0.020811388888888872 0.0
0.8047240131734308 -0.023560895276610618 0.0
0.7795620784174089 -0.02601597248734668 0.0
0.751839051441875 -0.028577003598890666 0.0
0.7216675705224196 -0.03136266684410338 0.0
0.6896327409362132 -0.0343359687110193 0.0
0.6563226015527172 -0.03745757275231656 0.0
0.6221795629336937 -0.040638032032394134 0.0
0.5874059686818185 -0.0437052929251705 0.0
0.5521817390711523 -0.046479585969891754 0.0
0.5166873287388735 -0.04882579876374876 0.0
0.48110611316872426 -0.05085291586648377 0.0
0.4456224608064114 -0.05275290428620456 0.0
0.41042061695810583 -0.05470918603337734 0.0
0.3756817310366873 -0.05669005973467972 0.0
0.341583714124718 -0.05843880315552217 0.0
0.3083043238934595 -0.05968807753366059 0.0
0.2760178011958171 -0.06008804711348427 0.0
0.24488693745999932 -0.059020297265585143 0.0
0.21507219804359273 -0.055811848747482296 0.0
0.1867327853175497 -0.04988883613521875 0.0
0.16001258966617504 -0.0418790135839571 0.0
0.13504531527206226 -0.033209505029721094 0.0
0.11196471737698029 -0.02531844975878567 0.0
0.09093560242925122 -0.019190508765339356 0.0
0.07218453026936365 -0.014908483633910771 0.0
0.05594536206382433 -0.012448545862151772 0.0
0.042379951484542336 -0.011676007462132806 0.0
0.031162700427394024 -0.011705721713272575 0.0
0.021765885584237477 -0.011341359062344014 0.0
0.013675708267245444 -0.009417649868751791 0.0
0.00690141748883593 -0.0059198760553877475 0.0
0.0021075290379563264 -0.002274714304903252 0.0
0.0 0.0 0.0
