51
0.0 0.0 0.0
0.005766653643876785 0.01078144722013524 0.0
0.013767146506386177 0.01775770999248685 0.0
0.023336276483846733 0.021722306348610068 0.0
0.033812229777109945 0.023470038317054843 0.0
0.044736490859003254 0.023872747746055592 0.0
0.05596565652391686 0.023921688204357625 0.0
0.0673834300025044 0.024618385236664164 0.0
0.07892518294515405 0.026886416478837973 0.0
0.09112693238166791 0.030743215126471324 0.0
0.10491220848985724 0.035621605058852986 0.0
0.121211 0.040944666666666664 0.0
0.14070213410969196 0.046122311670423244 0.0
0.1630597918858002 0.05051177710994239 0.0
0.1877069928625094 0.05345713135487101 0.0
0.21406951878287003 0.05431736175807662 0.0
0.24173888392186327 0.0533465946656649 0.0
0.2705634879789632 0.0521864218632607 0.0
0.300413828324568 0.05259778700225394 0.0
0.3311597131229651 0.05615014763335838 0.0
0.3626629385174055 0.06218693538692712 0.0
0.39478013160530934 0.06861543613824193 0.0
0.4273678333333333 0.073319 0.0
0.4602816954670674 0.07476276859504132 0.0
0.4933738130478337 0.07373904958677685 0.0
0.5264953919358879 0.07162194214876032 0.0
0.5594976601552717 0.06976909892311543 0.0
0.5922331755572251 0.0685513806661658 0.0
0.624556557225144 0.06681012071124467 0.0
0.6563226015527173 0.06325508014024542 0.0
0.6873697583270724 0.05675278537440518 0.0
0.7173464480340597 0.04799215990483342 0.0
0.7457784916103178 0.03883786726771846 0.0
0.7721896666666666 0.031174166666666663 0.0
0.7962950802654646 0.026386152016028046 0.0
0.8185751572752316 0.023862256073127967 0.0
0.8397016520160282 0.022491746306035558 0.0
0.8603390106436263 0.021171869646882037 0.0
0.8807131894565489 0.019278640871525168 0.0
0.9003704854745805 0.0169301649135988 0.0
0.9187987304032055 0.014308382419233654 0.0
0.9355086730528424 0.011593547082394183 0.0
0.9502774735787629 0.008946301778111686 0.0
0.9630541704232405 0.006514637240170287 0.0
0.9737906666666666 0.004446333333333333 0.0
0.9824690130227899 0.0028524666917104924 0.0
0.9891918507387928 0.0016973010267968924 0.0
0.9940919686952167 0.0009083968194340076 0.0
0.9973013360881542 0.0004133094164788364 0.0
0.9989027410468319 0.00013928612572000908 0.0
1.0 0.0 0.0
51
1.0 0.0 0.0
0.9989027410468319 1.3096794390182368e-05 0.0
0.9973013360881543 -3.8529802153769125e-05 0.0
0.9940919686952167 -8.648873027798693e-05 0.0
0.9891918507387929 -0.00017405221637866296 0.0
0.9824690130227899 -0.00032667129977460505 0.0
0.9737906666666665 -0.0005695000000000008 0.0
0.9630541704232406 -0.0008810221637866263 0.0
0.9502774735787627 -0.0010530409466566496 0.0
0.9355086730528424 -0.0008306893313298276 0.0
0.9187987304032057 3.289869772100654e-05 0.0
0.9003704854745804 0.0013045290508389698 0.0
0.880713189456549 0.0020069144753318284 0.0
0.8603390106436264 0.0010987597044828344 0.0
0.8397016520160281 -0.0023487987728524904 0.0
0.8185751572752316 -0.007957605309291297 0.0
0.7962950802654645 -0.014506266090658661 0.0
0.7721896666666666 -0.020759333333333314 0.0
0.745778491610318 -0.025792863385925388 0.0
0.7173464480340596 -0.02992892912597045 0.0
0.6873697583270723 -0.03380110756323569 0.0
0.6563226015527172 -0.03803627848735287 0.0
0.624556557225144 -0.042859488479839704 0.0
0.592233175557225 -0.047872942649636874 0.0
0.5594976601552718 -0.05262526834460306 0.0
0.5264953919358876 -0.05668901177059857 0.0
0.4933738130478337 -0.05991477585775107 0.0
0.4602816954670675 -0.06233255497119959 0.0
0.42736783333333317 -0.06397533333333333 0.0
0.3947801316053092 -0.06482136488855497 0.0
0.3626629385174053 -0.06462998246932132 0.0
0.3311597131229652 -0.06310578863010267 0.0
0.3004138283245678 -0.05996194978712745 0.0
0.27056348797896307 -0.05542546406210868 0.0
0.24173888392186332 -0.05051976872026046 0.0
0.2140695187828699 -0.0463368119208615 0.0
0.1877069928625094 -0.043882233784122204 0.0
0.1630597918858 -0.043158343476083154 0.0
0.1407021341096919 -0.0435201398697721 0.0
0.12121100000000004 -0.044311833333333314 0.0
0.10491220848985722 -0.04489170222890058 0.0
0.09112693238166791 -0.044674296894565486 0.0
0.07892518294515395 -0.043088235662409206 0.0
0.06738343000250438 -0.039573056912096165 0.0
0.05596565652391676 -0.034223501878286954 0.0
0.044736490859003226 -0.028149876220886532 0.0
0.03381222977710996 -0.022549845980465822 0.0
0.023336276483846688 -0.01844773985725017 0.0
0.01376714650638618 -0.014852839969947407 0.0
0.005766653643876747 -0.009474398384673137 0.0
0.0 0.0 0.0
