51
0.0 0.0 0.0
0.005766653643876785 0.008422186138241925 0.0
0.013767146506386177 0.017108398196844475 0.0
0.023336276483846733 0.024641298459804662 0.0
0.033812229777109945 0.029619397069872277 0.0
0.044736490859003254 0.03159207569496619 0.0
0.05596565652391686 0.03158256686701728 0.0
0.0673834300025044 0.030740885987978965 0.0
0.07892518294515405 0.030172427873779113 0.0
0.09112693238166791 0.030463873027798648 0.0
0.10491220848985724 0.0318672475582269 0.0
0.121211 0.034629 0.0
0.14070213410969196 0.03882982268970699 0.0
0.1630597918858002 0.04388738317054846 0.0
0.1877069928625094 0.04905359278737791 0.0
0.21406951878287003 0.05358665151515152 0.0
0.24173888392186327 0.05712207713498623 0.0
0.2705634879789632 0.05988023002754822 0.0
0.300413828324568 0.062131779614325075 0.0
0.3311597131229651 0.06411848572501878 0.0
0.3626629385174055 0.06574603418482344 0.0
0.39478013160530934 0.06670328888054093 0.0
0.4273678333333333 0.0666755 0.0
0.4602816954670674 0.06545712471825695 0.0
0.4933738130478337 0.06327944815927873 0.0
0.5264953919358879 0.06048296243425995 0.0
0.5594976601552717 0.057405152642123695 0.0
0.5922331755572251 0.054203083145504635 0.0
0.624556557225144 0.05075416616579013 0.0
0.6563226015527173 0.04691175782619584 0.0
0.6873697583270724 0.04256216391184571 0.0
0.7173464480340597 0.03797473002754819 0.0
0.7457784916103178 0.03366592424242421 0.0
0.7721896666666666 0.03015633333333333 0.0
0.7962950802654646 0.027768429125970447 0.0
0.8185751572752316 0.026032223641372393 0.0
0.8397016520160282 0.024279613949411465 0.0
0.8603390106436263 0.021850088905584757 0.0
0.8807131894565489 0.01853864450288004 0.0
0.9003704854745805 0.01484631279739544 0.0
0.9187987304032055 0.011334860130227893 0.0
0.9355086730528424 0.008526739043325814 0.0
0.9502774735787629 0.006487379163536182 0.0
0.9630541704232405 0.004987356624092155 0.0
0.9737906666666666 0.0037923333333333333 0.0
0.9824690130227899 0.0027161019283746548 0.0
0.9891918507387928 0.0017649779614325048 0.0
0.9940919686952167 0.0009934077134986206 0.0
0.9973013360881542 0.00045518707738542274 0.0
0.9989027410468319 0.00016508865514650546 0.0
1.0 0.0 0.0
51
1.0 0.0 0.0
0.9989027410468319 7.739894815927869e-05 0.0
0.9973013360881543 0.0001412013523666417 0.0
0.9940919686952167 0.0003135552216378679 0.0
0.9891918507387929 0.0006442404207362896 0.0
0.9824690130227899 0.0012428564988730257 0.0
0.9737906666666665 0.0022200000000000032 0.0
0.9630541704232406 0.003604956423741545 0.0
0.9502774735787627 0.005101767092411728 0.0
0.9355086730528424 0.006333162283996995 0.0
0.9187987304032057 0.006926013273228148 0.0
0.9003704854745804 0.006755651139494113 0.0
0.880713189456549 0.006082519659403958 0.0
0.8603390106436264 0.005200190583521159 0.0
0.8397016520160281 0.004339052091159529 0.0
0.8185751572752316 0.002994983345855237 0.0
0.7962950802654645 0.0001899867267718472 0.0
0.7721896666666666 -0.005061833333333313 0.0
0.745778491610318 -0.013236506511394977 0.0
0.7173464480340596 -0.022770598923115445 0.0
0.6873697583270723 -0.031590810793889354 0.0
0.6563226015527172 -0.03764768156774356 0.0
0.624556557225144 -0.04032210380666166 0.0
0.592233175557225 -0.04121201740545956 0.0
0.5594976601552718 -0.042106076008014026 0.0
0.5264953919358876 -0.044639920485850255 0.0
0.4933738130478337 -0.04867041823190584 0.0
0.4602816954670675 -0.052906840846481326 0.0
0.42736783333333317 -0.05603933333333333 0.0
0.3947801316053092 -0.0570628945654896 0.0
0.3626629385174053 -0.056191938893062864 0.0
0.3311597131229652 -0.053945734535437016 0.0
0.3004138283245678 -0.05084216528925617 0.0
0.27056348797896307 -0.047316049586776855 0.0
0.24173888392186332 -0.04367345454545455 0.0
0.2140695187828699 -0.040209371900826435 0.0
0.1877069928625094 -0.03721019834710743 0.0
0.1630597918858 -0.03486241322314048 0.0
0.1407021341096919 -0.03328803305785123 0.0
0.12121100000000004 -0.03260799999999999 0.0
0.10491220848985722 -0.03287362960180316 0.0
0.09112693238166791 -0.03385773102930127 0.0
0.07892518294515395 -0.035263486851990995 0.0
0.06738343000250438 -0.0367885544077135 0.0
0.05596565652391676 -0.03779907713498623 0.0
0.044736490859003226 -0.03714735192837465 0.0
0.03381222977710996 -0.033641473829201116 0.0
0.023336276483846688 -0.0262864524793388 0.0
0.01376714650638618 -0.016376429752066123 0.0
0.005766653643876747 -0.006682407024793342 0.0
0.0 0.0 0.0
