100
1.0 0.0 0.0
0.9913822719676075 0.0005447673802460956 0.0
0.9824726912524128 0.0007835287038459893 0.0
0.9733113472005696 0.0007654250063986255 0.0
0.9639400359980791 0.0005395973235029469 0.0
0.9544005538309442 0.000155186690757898 0.0
0.9447346968851668 -0.00033866585623757757 0.0
0.9349842613467487 -0.0008928192818845368 0.0
0.9251907618158619 -0.001458817971260814 0.0
0.9153802782037791 -0.0020257765766916952 0.0
0.9055557706413984 -0.002639086642969652 0.0
0.8957183015487998 -0.0033487590177472553 0.0
0.8858689333460644 -0.004204804548677074 0.0
0.8760087284532715 -0.005257234083411681 0.0
0.8661387492905024 -0.0065560584696036425 0.0
0.856260058277837 -0.00815128855490553 0.0
0.8463695573073233 -0.01008292675309326 0.0
0.8364200204208776 -0.01228482292549504 0.0
0.8263376433626844 -0.014626891025944434 0.0
0.8160482566179514 -0.01697816635290033 0.0
0.8054776906718858 -0.019207684204821655 0.0
0.794551776009696 -0.021184479880167317 0.0
0.7831963431165883 -0.022777588677396224 0.0
0.7713372236809878 -0.023856048966392023 0.0
0.7589239274834335 -0.024349341684327126 0.0
0.7459903711259531 -0.024402411284704793 0.0
0.7325892714641078 -0.024208193232456064 0.0
0.7187733453534592 -0.023959622992511947 0.0
0.7045953096495698 -0.023849636029803487 0.0
0.6901078812080013 -0.024071167809261707 0.0
0.675363776884315 -0.024817153795817632 0.0
0.6604153633309008 -0.026277253540139104 0.0
0.6453000689336078 -0.028501389194082835 0.0
0.6300351139544028 -0.03135044955286182 0.0
0.6146362842230565 -0.03467190526686697 0.0
0.5991193655693393 -0.03831322698648923 0.0
0.5835001438230224 -0.04212188536211947 0.0
0.5677944048138762 -0.04594535104414863 0.0
0.5520179343716715 -0.04963109468296763 0.0
0.5361865559948044 -0.05303535629465897 0.0
0.5203164429523517 -0.05609580352783674 0.0
0.5044239583393191 -0.05879429605985535 0.0
0.4885254671344177 -0.061113132100279854 0.0
0.4726373343163589 -0.06303460985867528 0.0
0.456775924863854 -0.0645410275446067 0.0
0.4409576037556146 -0.0656146833676391 0.0
0.42519873593012325 -0.0662378787311726 0.0
0.4095155761007051 -0.06640166614665544 0.0
0.39392402847272606 -0.06612492601036206 0.0
0.3784399277372916 -0.06543205766554039 0.0
0.3630791085855074 -0.06434746045543832 0.0
0.3478574057084788 -0.0628955337233037 0.0
0.33279065379731115 -0.06110067681238444 0.0
0.31789468754311045 -0.05898728906592846 0.0
0.3031853230672733 -0.056580380920303985 0.0
0.28867774407473407 -0.05392577441222003 0.0
0.2743863610534401 -0.05109473665113103 0.0
0.26032553740436265 -0.04816008428764953 0.0
0.24650963652847244 -0.04519463397238798 0.0
0.23295302182673985 -0.04227120235595881 0.0
0.21967005670013623 -0.03946260608897455 0.0
0.20667510454963214 -0.036841661822047615 0.0
0.1939862614605041 -0.03447652564635843 0.0
0.18165210835074946 -0.032397290864205466 0.0
0.1697361120833752 -0.03061546446687195 0.0
0.15830184030386488 -0.02914242761053653 0.0
0.14741286065770207 -0.027989561451377824 0.0
0.13713274079036986 -0.02716824714557442 0.0
0.12752504834735173 -0.026689865849304942 0.0
0.11865330844648123 -0.02656577676863988 0.0
0.11054280124752039 -0.026787599458725577 0.0
0.10311015506505629 -0.027290874200362178 0.0
0.09625283399453897 -0.028001249905263127 0.0
0.08986830213141889 -0.02884437548514184 0.0
0.08385402357114644 -0.029745899851711777 0.0
0.07810746240917159 -0.030631471916686366 0.0
0.07252608274094519 -0.031426740591779044 0.0
0.06700967452273629 -0.03205844943442751 0.0
0.061522581116421636 -0.03248372348872212 0.0
0.056100515353830156 -0.032693277205514466 0.0
0.05078288344762856 -0.032679563292523826 0.0
0.04560909161048379 -0.03243503445746955 0.0
0.04061854605506233 -0.031952143408070885 0.0
0.035850652994031215 -0.031223342852047167 0.0
0.031344818640057046 -0.030241085497117674 0.0
0.02713705408267833 -0.02900161082266716 0.0
0.023238888937791854 -0.027528463871739538 0.0
0.019651114612509943 -0.025857166615232345 0.0
0.016374476688397876 -0.024023292135851596 0.0
0.013409720747021037 -0.022062413516303357 0.0
0.010757592369944599 -0.020010103839293594 0.0
0.008418837138733724 -0.017901936187528392 0.0
0.006394189917669261 -0.01577347216302974 0.0
0.004679907085795234 -0.013655475877002912 0.0
0.0032608579074340305 -0.011566513213927862 0.0
0.0021201285587087735 -0.009523239959487848 0.0
0.0012408052157424757 -0.0075423118993662025 0.0
0.000605974054658486 -0.005640384819246184 0.0
0.00019872125157981745 -0.0038341145048111105 0.0
0.0 0.0 0.0
100
1.0 0.0 0.0
0.00019231830547631503 0.0008662376868179654 0.0
0.0005952891504358082 0.002203319027166169 0.0
0.0012258183623253614 0.0034594188923752368 0.0
0.0021008117685918553 0.004657063184346787 0.0
0.0032371751966818393 0.005818777804982414 0.0
0.004651814474042194 0.00696708865618379 0.0
0.006361635428119692 0.008124521639852507 0.0
0.008381763186027206 0.009313759843572814 0.0
0.010715951009483983 0.010558490170332667 0.0
0.013363479672443454 0.011882794317813486 0.0
0.016323619245927158 0.01331075492846419 0.0
0.01959563980095617 0.014866454644733655 0.0
0.023178811408552033 0.01657397610907074 0.0
0.02707240413973605 0.01845740196392434 0.0
0.031275642333984666 0.02054069473344178 0.0
0.03577703414940824 0.022819669860417117 0.0
0.04054065648961848 0.025225971747198404 0.0
0.045527198099556375 0.027682345471412368 0.0
0.050697347724162165 0.030111536110685684 0.0
0.05601179410837684 0.03243628874264506 0.0
0.06143122599714118 0.034579348444917266 0.0
0.06691633213539588 0.03646346029512901 0.0
0.07243148846066248 0.03801417386466013 0.0
0.07801232080091787 0.0392112316828962 0.0
0.08375890023056039 0.040083393597153384 0.0
0.08977361978782901 0.04066118554993937 0.0
0.09615887251096313 0.04097513348376184 0.0
0.10301705143820188 0.04105576334112843 0.0
0.11045054960778439 0.04093360106454684 0.0
0.11856176005794981 0.040639172596524706 0.0
0.12743391484422414 0.04021051941590989 0.0
0.1370416125259108 0.0397282924543553 0.0
0.14732121316299068 0.03928814097817945 0.0
0.1582090342949764 0.03898573093155736 0.0
0.1696413934613808 0.03891672825866409 0.0
0.18155460820171643 0.03917679890367471 0.0
0.19388499605549644 0.03986160881076426 0.0
0.20656897617159614 0.04106634274850173 0.0
0.21955797577807012 0.042815114066308085 0.0
0.23283415705349034 0.0449864894034282 0.0
0.246383445486152 0.047441214080363676 0.0
0.26019176656435117 0.050040033417616266 0.0
0.2742450457763832 0.052643692735687565 0.0
0.28852920861054393 0.055112937355079245 0.0
0.3030301805551286 0.05730851259629293 0.0
0.31773382885263246 0.059097805843142975 0.0
0.33262506428910543 0.060457274047103944 0.0
0.3476880153620378 0.06145258248199154 0.0
0.3629067875985022 0.062152015854590084 0.0
0.378265486525571 0.06262385887168392 0.0
0.39374821767031676 0.0629363962400574 0.0
0.4093390865598127 0.06315791266649486 0.0
0.42502219872113095 0.06335669285778064 0.0
0.44078160613792894 0.06358377850249708 0.0
0.45660109081482375 0.063803267760526 0.0
0.4724643498554156 0.06395191743186868 0.0
0.48835508033231845 0.06396647433792788 0.0
0.5042569793181466 0.06378368530010643 0.0
0.5201537438855138 0.06334029713980711 0.0
0.5360290711070343 0.0625730566784327 0.0
0.5518666587104913 0.06141917406411621 0.0
0.5676502704467875 0.059862550081810635 0.0
0.5833637917201271 0.057973117050345205 0.0
0.5989911210361928 0.05583007247234634 0.0
0.6145161569006663 0.053512613850440385 0.0
0.6299227978192298 0.0510999386872538 0.0
0.6451949422975665 0.048671244485412865 0.0
0.6603164888413576 0.04630572874754402 0.0
0.6752699230516683 0.04408020389598556 0.0
0.6900178256838445 0.042037881602845155 0.0
0.7045080634162356 0.04019713516504268 0.0
0.718688157979776 0.038575755584505704 0.0
0.7325056311053992 0.03719153386316194 0.0
0.7459080045240388 0.036062261002938995 0.0
0.7588427999666286 0.035205728005764526 0.0
0.771257539164102 0.034639725873566216 0.0
0.7831185001674621 0.03436630580695707 0.0
0.7944761706027021 0.03431685258722085 0.0
0.8054046608556634 0.034402927408436854 0.0
0.8159780825125929 0.03453609045733707 0.0
0.8262705471597367 0.0346279019206535 0.0
0.8363561663833411 0.03458992198511814 0.0
0.8463090517696534 0.034333710837463 0.0
0.8562029501398218 0.033771344767320355 0.0
0.8660850659546566 0.03285245461442715 0.0
0.8759585354915608 0.031589022900162786 0.0
0.8858223401254915 0.029998910880505426 0.0
0.8956754612314071 0.028099979811433133 0.0
0.905516880184265 0.02591009094892407 0.0
0.9153455783590223 0.023447105548956366 0.0
0.9251605371306375 0.020728884867508155 0.0
0.9349588270240349 0.017778316251340832 0.0
0.9447142387089271 0.014679519830408858 0.0
0.9543850213006941 0.011557494538169 0.0
0.9639291403792644 0.008537985088696933 0.0
0.9733045615245665 0.005746736196068326 0.0
0.982469250316529 0.0033094925743588997 0.0
0.9913811723350809 0.0013519989376442152 0.0
0.9999982931601508 0.0 0.0
