51
0.0 0.0 0.0
0.006290843772211797 0.008180327554015137 0.0
0.015101878429913528 0.014301763988901013 0.0
0.025608858984704715 0.01896253541846379 0.0
0.037010375482712035 0.02275532270310492 0.0
0.04886608388136028 0.026185125558204222 0.0
0.06102385053009434 0.02968695476806634 0.0
0.07334068074858024 0.033692523497224396 0.0
0.08601736266844895 0.038215317369353845 0.0
0.10008376233408464 0.042260210743801645 0.0
0.11669221908109426 0.044683083610138036 0.0
0.13685920027434842 0.04453397233653407 0.0
0.16045199091465617 0.04250505541178543 0.0
0.18676003731736301 0.04011422295584488 0.0
0.21507219804359273 0.03887140262297154 0.0
0.24488693745999945 0.03950006557772399 0.0
0.276017801195817 0.04154147477667537 0.0
0.30830432389345963 0.044439380476189984 0.0
0.3415837141247182 0.04766976321061858 0.0
0.3756817310366872 0.05086724794109855 0.0
0.41042061695810594 0.05371518903193757 0.0
0.4456224608064112 0.055896535970355536 0.0
0.4811061131687242 0.0570853605395519 0.0
0.5166873287388732 0.0569472473019485 0.0
0.5521817390711522 0.05514776604428119 0.0
0.5874059686818187 0.051745682660877375 0.0
0.6221795629336936 0.047956368779451815 0.0
0.656322601552717 0.04520679476584022 0.0
0.6896327409362131 0.044742510619578776 0.0
0.7216675705224196 0.04586675722105591 0.0
0.7518390514418751 0.046704540881728214 0.0
0.7795620784174085 0.045375928592973215 0.0
0.8047240131734308 0.04110149290854329 0.0
0.8280671975308641 0.035093290123456806 0.0
0.8504239952610827 0.028773062408941306 0.0
0.8724701308117396 0.02337552034853861 0.0
0.8939293224392687 0.01899865339343851 0.0
0.914167589346686 0.015313348653696776 0.0
0.9325587151723336 0.011996901058333577 0.0
0.9487263305089462 0.008939830703731536 0.0
0.9625800354931829 0.006276710706699688 0.0
0.9740451040771969 0.0041554868117971875 0.0
0.9830993249019118 0.002667180232072793 0.0
0.9899099273759945 0.001697463406640632 0.0
0.9946868436213991 0.001085720164609055 0.0
0.9976513976959679 0.0006767928875532189 0.0
0.9991821485476814 0.00039086452303190434 0.0
0.9997722698759179 0.00020303674709204778 0.0
0.9999168034894399 8.964327851517941e-05 0.0
0.9999684596469747 2.4347856691597127e-05 0.0
1.0 0.0 0.0
51
1.0 0.0 0.0
0.999968459646975 -2.5028960660579956e-05 0.0
0.9999168034894399 -9.14398809026906e-05 0.0
0.999772269875918 -0.0001973253861266824 0.0
0.9991821485476814 -0.00028569027244866466 0.0
0.997651397695968 -0.0002632420485850246 0.0
0.9946868436213991 -3.862917238225825e-05 0.0
0.9899099273759944 0.00038570770023810453 0.0
0.9830993249019119 0.0008786585598872127 0.0
0.9740451040771967 0.00129979108312661 0.0
0.9625800354931829 0.0015135559499357062 0.0
0.9487263305089462 0.0014060661620799346 0.0
0.9325587151723336 0.0008694397122261636 0.0
0.9141675893466857 -0.00020755695959012542 0.0
0.8939293224392687 -0.0019973183070373123 0.0
0.8724701308117394 -0.0047256740650734284 0.0
0.8504239952610828 -0.008619868935245736 0.0
0.8280671975308642 -0.013693703703703678 0.0
0.8047240131734308 -0.019392904047103015 0.0
0.7795620784174089 -0.02506972681616696 0.0
0.751839051441875 -0.030102911613842764 0.0
0.7216675705224196 -0.034122716988612106 0.0
0.6896327409362132 -0.03689839232923734 0.0
0.6563226015527172 -0.038207713248184325 0.0
0.6221795629336937 -0.03833177349112663 0.0
0.5874059686818185 -0.03838138223200615 0.0
0.5521817390711523 -0.039544847779911144 0.0
0.5166873287388735 -0.0427137318108473 0.0
0.48110611316872426 -0.047157569044353 0.0
0.4456224608064114 -0.051594474932984566 0.0
0.41042061695810583 -0.0547810826028884 0.0
0.3756817310366873 -0.056447383448813206 0.0
0.341583714124718 -0.05734150976709241 0.0
0.3083043238934595 -0.05825942230556424 0.0
0.2760178011958171 -0.059597984268594875 0.0
0.24488693745999932 -0.06045474885679569 0.0
0.21507219804359273 -0.05966330082599968 0.0
0.1867327853175497 -0.05617827136171424 0.0
0.16001258966617504 -0.050421814160892676 0.0
0.13504531527206226 -0.04379234293552814 0.0
0.11196471737698029 -0.03770158555678883 0.0
0.09093560242925122 -0.03298912496869523 0.0
0.07218453026936365 -0.029356685269008136 0.0
0.05594536206382433 -0.026371457405054182 0.0
0.042379951484542336 -0.02361086415579114 0.0
0.031162700427394024 -0.020721592263999722 0.0
0.021765885584237477 -0.01737904924753437 0.0
0.013675708267245444 -0.013271226039086913 0.0
0.00690141748883593 -0.008534347354097391 0.0
0.0021075290379563264 -0.003866178864624873 0.0
0.0 0.0 0.0
