51
0.0 0.0 0.0
0.006290843772211797 0.006478354624021393 0.0
0.015101878429913528 0.012467259398048094 0.0
0.025608858984704715 0.017733657493205702 0.0
0.037010375482712035 0.022055272876882966 0.0
0.04886608388136028 0.025380294685796168 0.0
0.06102385053009434 0.02779298093422749 0.0
0.07334068074858024 0.02938154448697429 0.0
0.08601736266844895 0.030284807827106214 0.0
0.10008376233408464 0.030763645254194835 0.0
0.11669221908109426 0.03109696084213904 0.0
0.13685920027434842 0.03158601806127115 0.0
0.16045199091465617 0.03272119241079296 0.0
0.18676003731736301 0.03508794982079408 0.0
0.21507219804359273 0.039260910110182526 0.0
0.24488693745999945 0.045174853298828505 0.0
0.276017801195817 0.051802746678085834 0.0
0.30830432389345963 0.058038223835127106 0.0
0.3415837141247182 0.06286338680190333 0.0
0.3756817310366872 0.06569579850575269 0.0
0.41042061695810594 0.06608677853957046 0.0
0.4456224608064112 0.06363348309077924 0.0
0.4811061131687242 0.058905860310928225 0.0
0.5166873287388732 0.053403862342604365 0.0
0.5521817390711522 0.04866417590969381 0.0
0.5874059686818187 0.04561500401096293 0.0
0.6221795629336936 0.043394664772061664 0.0
0.656322601552717 0.04081402041071876 0.0
0.6896327409362131 0.03680048690798748 0.0
0.7216675705224196 0.031529319404293585 0.0
0.7518390514418751 0.02593273145597388 0.0
0.7795620784174085 0.020949770740084576 0.0
0.8047240131734308 0.017159993908235152 0.0
0.8280671975308641 0.014492419753086424 0.0
0.8504239952610827 0.012807571102137934 0.0
0.8724701308117396 0.011931265522792459 0.0
0.8939293224392687 0.011478392561983469 0.0
0.914167589346686 0.010984589389971544 0.0
0.9325587151723336 0.00999739608220422 0.0
0.9487263305089462 0.008422360125590155 0.0
0.9625800354931829 0.006574796724343046 0.0
0.9740451040771969 0.004792474771350549 0.0
0.9830993249019118 0.0033418544721781625 0.0
0.9899099273759945 0.0022321580521399396 0.0
0.9946868436213991 0.0014146225422953839 0.0
0.9976513976959679 0.00084053806661658 0.0
0.9991821485476814 0.00046192755325935673 0.0
0.9997722698759179 0.00023134810043089833 0.0
0.9999168034894399 0.00010137426607674548 0.0
0.9999684596469747 2.5619735256864124e-05 0.0
1.0 0.0 0.0
51
1.0 0.0 0.0
0.999968459646975 -4.0027703831499465e-05 0.0
0.9999168034894399 -0.00013937931658179558 0.0
0.999772269875918 -0.00030749802346149736 0.0
0.9991821485476814 -0.0005133398301279641 0.0
0.997651397695968 -0.0006956538943150508 0.0
0.9946868436213991 -0.0007933310470964796 0.0
0.9899099273759944 -0.0007583543251444488 0.0
0.9830993249019119 -0.0005606673808795006 0.0
0.9740451040771967 -0.00017151514395734286 0.0
0.9625800354931829 0.0003235423867625667 0.0
0.9487263305089462 0.0003318126953650341 0.0
0.9325587151723336 -0.0008799784399791521 0.0
0.9141675893466857 -0.003991221025512085 0.0
0.8939293224392687 -0.00869796781868269 0.0
0.8724701308117394 -0.013837145764518662 0.0
0.8504239952610828 -0.01821739060038882 0.0
0.8280671975308642 -0.02098956172839505 0.0
0.8047240131734308 -0.022215337420561428 0.0
0.7795620784174089 -0.0221062584741061 0.0
0.751839051441875 -0.020941730124940862 0.0
0.7216675705224196 -0.01964569756899677 0.0
0.6896327409362132 -0.01949828255362521 0.0
0.6563226015527172 -0.0217690579764588 0.0
0.6221795629336937 -0.026708377069164572 0.0
0.5874059686818185 -0.03288641858557691 0.0
0.5521817390711523 -0.03871642546215136 0.0
0.5166873287388735 -0.04286669788814237 0.0
0.48110611316872426 -0.045399687471422034 0.0
0.4456224608064114 -0.046851797223845436 0.0
0.41042061695810583 -0.047746532756226 0.0
0.3756817310366873 -0.04827550343828723 0.0
0.341583714124718 -0.048283152391685444 0.0
0.3083043238934595 -0.04759763146342863 0.0
0.2760178011958171 -0.04624752047684959 0.0
0.24488693745999932 -0.04491391661333259 0.0
0.21507219804359273 -0.044410482794307045 0.0
0.1867327853175497 -0.04541871840157863 0.0
0.16001258966617504 -0.04701782054243075 0.0
0.13504531527206226 -0.04722106492912665 0.0
0.11196471737698029 -0.04403334553713166 0.0
0.09093560242925122 -0.036896880290508416 0.0
0.07218453026936365 -0.028112379240488383 0.0
0.05594536206382433 -0.02031852225997691 0.0
0.042379951484542336 -0.015739585793657408 0.0
0.031162700427394024 -0.013794559305860016 0.0
0.021765885584237477 -0.012739200878629514 0.0
0.013675708267245444 -0.010856767841407643 0.0
0.00690141748883593 -0.007551788981884288 0.0
0.0021075290379563264 -0.0036335061449271322 0.0
0.0 0.0 0.0
