51
0.0 0.0 0.0
0.005766653643876785 0.004981298835462059 0.0
0.013767146506386177 0.011302688204357626 0.0
0.023336276483846733 0.01765758921863261 0.0
0.033812229777109945 0.022754475206611568 0.0
0.044736490859003254 0.02620495247933884 0.0
0.05596565652391686 0.029020483471074377 0.0
0.0673834300025044 0.03233294834710744 0.0
0.07892518294515405 0.037170119584272486 0.0
0.09112693238166791 0.04334951778111695 0.0
0.10491220848985724 0.04990785587277735 0.0
0.121211 0.05586883333333333 0.0
0.14070213410969196 0.06043340095166541 0.0
0.1630597918858002 0.06351151477585776 0.0
0.1877069928625094 0.06519038216879539 0.0
0.21406951878287003 0.0655592049837215 0.0
0.24173888392186327 0.06482685449536688 0.0
0.2705634879789632 0.06338768958176809 0.0
0.300413828324568 0.06165202504382669 0.0
0.3311597131229651 0.05999546594039569 0.0
0.3626629385174055 0.05839011657901327 0.0
0.39478013160530934 0.05654775820185323 0.0
0.4273678333333333 0.054175833333333326 0.0
0.4602816954670674 0.051164353994490354 0.0
0.4933738130478337 0.048133610192837455 0.0
0.5264953919358879 0.04588646143250688 0.0
0.5594976601552717 0.04521550776358627 0.0
0.5922331755572251 0.04629778199348861 0.0
0.624556557225144 0.04835618770348109 0.0
0.6563226015527173 0.05053155284247433 0.0
0.6873697583270724 0.05201451953418482 0.0
0.7173464480340597 0.052574819684447785 0.0
0.7457784916103178 0.05235579151014273 0.0
0.7721896666666666 0.05150699999999999 0.0
0.7962950802654646 0.05010282193839218 0.0
0.8185751572752316 0.047916881292261446 0.0
0.8397016520160282 0.04464761382419232 0.0
0.8603390106436263 0.039999956298522384 0.0
0.8807131894565489 0.03406890558477336 0.0
0.9003704854745805 0.02755405171550212 0.0
0.9187987304032055 0.021206992737290247 0.0
0.9355086730528424 0.015735643250688693 0.0
0.9502774735787629 0.011340097796143239 0.0
0.9630541704232405 0.007892825068870507 0.0
0.9737906666666666 0.005260833333333333 0.0
0.9824690130227899 0.003314900576008012 0.0
0.9891918507387928 0.0019408836714249911 0.0
0.9940919686952167 0.0010284092161282222 0.0
0.9973013360881542 0.00046734134735787453 0.0
0.9989027410468319 0.00016179664412722163 0.0
1.0 0.0 0.0
51
1.0 0.0 0.0
0.9989027410468319 3.798297019784589e-05 0.0
0.9973013360881543 2.4008514901076892e-05 0.0
0.9940919686952167 5.246130728775384e-05 0.0
0.9891918507387929 0.00010800751314800919 0.0
0.9824690130227899 0.00020891209616829415 0.0
0.9737906666666665 0.0003740000000000005 0.0
0.9630541704232406 0.0006098910593538687 0.0
0.9502774735787627 0.000874384673178063 0.0
0.9355086730528424 0.00111307513148009 0.0
0.9187987304032057 0.001271427122464312 0.0
0.9003704854745804 0.0012871292261457546 0.0
0.880713189456549 0.0010858170548459808 0.0
0.8603390106436264 0.0005920894064613041 0.0
0.8397016520160281 -0.0002626600300525917 0.0
0.8185751572752316 -0.0014680469571750649 0.0
0.7962950802654645 -0.002962725394440273 0.0
0.7721896666666666 -0.004684499999999994 0.0
0.745778491610318 -0.006680554845980476 0.0
0.7173464480340596 -0.00943559166040571 0.0
0.6873697583270723 -0.013543691585274261 0.0
0.6563226015527172 -0.019585078136739306 0.0
0.624556557225144 -0.027308517280240394 0.0
0.592233175557225 -0.03517401577761084 0.0
0.5594976601552718 -0.04153071938392186 0.0
0.5264953919358876 -0.044889201352366646 0.0
0.4933738130478337 -0.045636629601803154 0.0
0.4602816954670675 -0.04537087828700226 0.0
0.42736783333333317 -0.045709999999999994 0.0
0.3947801316053092 -0.047756640120210365 0.0
0.3626629385174053 -0.050551815176559 0.0
0.3311597131229652 -0.05262113448534936 0.0
0.3004138283245678 -0.05250899048334584 0.0
0.27056348797896307 -0.049886762834961164 0.0
0.24173888392186332 -0.04617266140746307 0.0
0.2140695187828699 -0.042935161031805655 0.0
0.1877069928625094 -0.041617519408965686 0.0
0.1630597918858 -0.042207345103931884 0.0
0.1407021341096919 -0.043753118206862014 0.0
0.12121100000000004 -0.04528766666666665 0.0
0.10491220848985722 -0.04599355584773353 0.0
0.09112693238166791 -0.045652300776358616 0.0
0.07892518294515395 -0.04419515389431504 0.0
0.06738343000250438 -0.04155426095667417 0.0
0.05596565652391676 -0.03771536651640366 0.0
0.044736490859003226 -0.0327472932632106 0.0
0.03381222977710996 -0.026726010393188088 0.0
0.023336276483846688 -0.01976578512396691 0.0
0.01376714650638618 -0.012426099173553721 0.0
0.005766653643876747 -0.005553669421487569 0.0
0.0 0.0 0.0
