51
0.0 0.0 0.0
0.005766653643876785 0.009671377347858756 0.0
0.013767146506386177 0.014743514650638613 0.0
0.023336276483846733 0.01700278343350864 0.0
0.033812229777109945 0.018225434259954917 0.0
0.044736490859003254 0.01958045999248685 0.0
0.05596565652391686 0.02129560405709992 0.0
0.0673834300025044 0.02351764218632607 0.0
0.07892518294515405 0.026385143250688706 0.0
0.09112693238166791 0.02994127134986226 0.0
0.10491220848985724 0.03416763911845729 0.0
0.121211 0.039044833333333334 0.0
0.14070213410969196 0.04449859216128224 0.0
0.1630597918858002 0.05023525932882545 0.0
0.1877069928625094 0.055906329952416726 0.0
0.21406951878287003 0.061163106686701725 0.0
0.24173888392186327 0.06564534447783622 0.0
0.2705634879789632 0.06897489932381667 0.0
0.300413828324568 0.0707720875281743 0.0
0.3311597131229651 0.07070839393939393 0.0
0.3626629385174055 0.06905013774104682 0.0
0.39478013160530934 0.06644740220385674 0.0
0.4273678333333333 0.06355666666666666 0.0
0.4602816954670674 0.060976336463811655 0.0
0.4933738130478337 0.05907252091159528 0.0
0.5264953919358879 0.05815325532181317 0.0
0.5594976601552717 0.058519000375657396 0.0
0.5922331755572251 0.06001573891810668 0.0
0.624556557225144 0.061785013148009015 0.0
0.6563226015527173 0.06290776821938392 0.0
0.6873697583270724 0.06250930290508387 0.0
0.7173464480340597 0.06023052679689456 0.0
0.7457784916103178 0.0560450016278487 0.0
0.7721896666666666 0.04993183333333333 0.0
0.7962950802654646 0.04210934122213873 0.0
0.8185751572752316 0.033752698096669156 0.0
0.8397016520160282 0.02627629013273226 0.0
0.8603390106436263 0.021077783370899054 0.0
0.8807131894565489 0.018551635737540696 0.0
0.9003704854745805 0.01753733258201853 0.0
0.9187987304032055 0.01674059817180065 0.0
0.9355086730528424 0.0149633691460055 0.0
0.9502774735787629 0.012126050964187318 0.0
0.9630541704232405 0.008870641873278219 0.0
0.9737906666666666 0.005851166666666666 0.0
0.9824690130227899 0.003585233533683945 0.0
0.9891918507387928 0.002044784247433005 0.0
0.9940919686952167 0.001065343976959677 0.0
0.9973013360881542 0.00048318732782368963 0.0
0.9989027410468319 0.00017955509641873186 0.0
1.0 0.0 0.0
51
1.0 0.0 0.0
0.9989027410468319 0.00010538567493112959 0.0
0.9973013360881543 0.00021761294765840233 0.0
0.9940919686952167 0.0004804906085649912 0.0
0.9891918507387929 0.0009433651389932397 0.0
0.9824690130227899 0.0017104815927873752 0.0
0.9737906666666665 0.0028870000000000037 0.0
0.9630541704232406 0.004413906461307285 0.0
0.9502774735787627 0.005575491359879794 0.0
0.9355086730528424 0.005491871149511647 0.0
0.9187987304032057 0.00329599661908341 0.0
0.9003704854745804 -0.0011091213373403586 0.0
0.880713189456549 -0.0066268786626596425 0.0
0.8603390106436264 -0.012057996619083418 0.0
0.8397016520160281 -0.0163005848985725 0.0
0.8185751572752316 -0.01938489368895569 0.0
0.7962950802654645 -0.02207158640120211 0.0
0.7721896666666666 -0.025133499999999986 0.0
0.745778491610318 -0.02911629075882797 0.0
0.7173464480340596 -0.03365689218632607 0.0
0.6873697583270723 -0.0381650570999249 0.0
0.6563226015527172 -0.042056201227147524 0.0
0.624556557225144 -0.04508551490107687 0.0
0.592233175557225 -0.04753483909341348 0.0
0.5594976601552718 -0.04973131805659905 0.0
0.5264953919358876 -0.0519669004507889 0.0
0.4933738130478337 -0.054124386175807664 0.0
0.4602816954670675 -0.055822608189331324 0.0
0.42736783333333317 -0.05667599999999999 0.0
0.3947801316053092 -0.056437802028549956 0.0
0.3626629385174053 -0.05541648234410218 0.0
0.3311597131229652 -0.054059315927873774 0.0
0.3004138283245678 -0.05280916215877785 0.0
0.27056348797896307 -0.0518439442774856 0.0
0.24173888392186332 -0.0509309345103932 0.0
0.2140695187828699 -0.049802080265464566 0.0
0.1877069928625094 -0.04819461720510894 0.0
0.1630597918858 -0.04590725694966189 0.0
0.1407021341096919 -0.04277837302779863 0.0
0.12121100000000004 -0.03864700000000001 0.0
0.10491220848985722 -0.03349263598797895 0.0
0.09112693238166791 -0.027856633358377163 0.0
0.07892518294515395 -0.022420808039068343 0.0
0.06738343000250438 -0.017860036501377408 0.0
0.05596565652391676 -0.014432827823691432 0.0
0.044736490859003226 -0.011752321625344345 0.0
0.03381222977710996 -0.00937614187327824 0.0
0.023336276483846688 -0.006897571938392175 0.0
0.01376714650638618 -0.004324435762584524 0.0
0.005766653643876747 -0.0019320028174304913 0.0
0.0 0.0 0.0
