100
1.0 0.0 0.0
0.991384793008173 0.0004972974786984256 0.0
0.9824760306914412 0.0011790699131711518 0.0
0.9733152457294112 0.00198485086882355 0.0
0.9639442570196495 0.0028541739110609903 0.0
0.9544048834597234 0.0037265726052888456 0.0
0.9447389439472003 0.004541580516912483 0.0
0.934988257379647 0.005238731211337277 0.0
0.9251943603045235 0.0057577899806431805 0.0
0.9153833126877641 0.006051223853795885 0.0
0.905557991963526 0.006090525923008306 0.0
0.8957193727044088 0.005848750972060204 0.0
0.8858684294830115 0.005298953784731339 0.0
0.8760061368719324 0.004414189144801472 0.0
0.8661334694437711 0.0031675118360503657 0.0
0.8562514017711265 0.0015319766422577821 0.0
0.8463567672575294 -0.000511535859097341 0.0
0.83640247678356 -0.002899142296459101 0.0
0.826314986601062 -0.005516966539345551 0.0
0.8160203894024552 -0.00825044541914474 0.0
0.8054447778801597 -0.010985015767244767 0.0
0.7945142447265952 -0.013606114415033677 0.0
0.7831548826341808 -0.015999178193899555 0.0
0.7712927854926108 -0.01804964633874912 0.0
0.7588776083432741 -0.019690256927994938 0.0
0.7459429961839908 -0.021022357276838977 0.0
0.7325413014161711 -0.022184849679383514 0.0
0.7187248764412246 -0.023316636429730787 0.0
0.7045460736605615 -0.02455661982198307 0.0
0.6900572454755926 -0.02604370215024264 0.0
0.6753107442877266 -0.027916785708611735 0.0
0.6603585788731685 -0.0303118822748753 0.0
0.6452381003313415 -0.03324170576278529 0.0
0.6299668312127914 -0.03655217573251729 0.0
0.6145608865792201 -0.04007737218941098 0.0
0.5990363814923297 -0.04365137513880608 0.0
0.583409431013823 -0.04710826458604225 0.0
0.5676961502054021 -0.050282120536459224 0.0
0.5519126541287696 -0.05300702299539667 0.0
0.5360750708315075 -0.055134453762101916 0.0
0.5201996489411295 -0.05667747837283689 0.0
0.5043027025257317 -0.05773685634351315 0.0
0.48840054630279883 -0.05841421740659139 0.0
0.47250949498981565 -0.0588111912945323 0.0
0.45664586330426743 -0.0590294077397966 0.0
0.44082596596363904 -0.05917049647484496 0.0
0.42506611764978175 -0.059336075009886094 0.0
0.40938253540989894 -0.05959427188472601 0.0
0.3937911258201375 -0.0599067231577405 0.0
0.3783077338826752 -0.06021394483589805 0.0
0.362948204599691 -0.060456452926167165 0.0
0.347728382973363 -0.06057476343551635 0.0
0.33266411400586937 -0.060509392370914114 0.0
0.31777124269938906 -0.060200855739328964 0.0
0.3030655931729853 -0.05959169289115375 0.0
0.2885622783430931 -0.05869335086579925 0.0
0.27427554158212675 -0.05760152592575766 0.0
0.26021957330944917 -0.0564170449000556 0.0
0.24640856394442306 -0.05524073461771964 0.0
0.23285670390641094 -0.05417342190777631 0.0
0.21957818361477574 -0.05331593359925221 0.0
0.20658719348887994 -0.05276909652117392 0.0
0.1939016741220753 -0.05261851953922963 0.0
0.1815701937786756 -0.0528255264125227 0.0
0.16965627641686074 -0.05329075166236305 0.0
0.15822354724950863 -0.05391441892505042 0.0
0.1473356314894968 -0.05459675183688447 0.0
0.13705615434970295 -0.05523797403416499 0.0
0.12744874104300472 -0.0557383091531917 0.0
0.11857697427021183 -0.05599800035523948 0.0
0.11046620578704718 -0.05593484953946182 0.0
0.10303317531418292 -0.055516542024047495 0.0
0.09617546537494065 -0.05471956165952613 0.0
0.08979065849264158 -0.05352039229642738 0.0
0.08377633719060752 -0.05189551778528086 0.0
0.0780300839921596 -0.04982142197661622 0.0
0.07244948142061962 -0.047274588720963136 0.0
0.06693443436498923 -0.044234241900160974 0.0
0.061449304113596025 -0.0407556539502264 0.0
0.05602971417574029 -0.03697817567533045 0.0
0.050714975891409296 -0.03304550894788157 0.0
0.0455444006005902 -0.029101355640288276 0.0
0.04055729964327008 -0.025289417624958885 0.0
0.035792984359436425 -0.02175339677430191 0.0
0.03129076608907618 -0.018636994960725708 0.0
0.02708657078840135 -0.016063556878269446 0.0
0.023191913168279836 -0.01400963616014469 0.0
0.019607600534745844 -0.012387400076144807 0.0
0.016334394499743367 -0.011108741125812048 0.0
0.013373056675216375 -0.01008555180868866 0.0
0.010724348673108751 -0.009229724624316838 0.0
0.008389032105364142 -0.008453152072238842 0.0
0.006367857842580406 -0.0076677808840842345 0.0
0.004657088215278381 -0.006808220024983715 0.0
0.0032415728735556335 -0.005866700052876693 0.0
0.0021043743760227555 -0.004844474389235302 0.0
0.0012285552812903392 -0.003742796455531707 0.0
0.0005971781479687539 -0.002562919673238037 0.0
0.0001933055346684805 -0.0013060974638264538 0.0
0.0 0.0 0.0
100
1.0 0.0 0.0
0.00019636887036720806 0.0028791871541955926 0.0
0.0006022062194771398 0.004306686668339977 0.0
0.0012354318566241433 0.005652329576914149 0.0
0.0021129367304040404 0.006853848488315008 0.0
0.0032516117894127667 0.007848976010939434 0.0
0.0046683479822460325 0.00857544475318437 0.0
0.006380036257499551 0.008970987323446691 0.0
0.008401802241912932 0.008994056240542968 0.0
0.010737497906492522 0.008735425013948809 0.0
0.013386541359760454 0.008337908220407277 0.0
0.016348340099739934 0.007944444974064368 0.0
0.019622301624453494 0.007697974389066113 0.0
0.02320783343192425 0.007741435579558528 0.0
0.02710434302017495 0.00821776765968764 0.0
0.03131119171429449 0.009269530293805494 0.0
0.03581692122813911 0.010950367434950054 0.0
0.040585406216791256 0.013111208813843556 0.0
0.045577100475014065 0.015574871484874879 0.0
0.05075245779756979 0.018164172502432897 0.0
0.05607193197922136 0.020701928920906453 0.0
0.061495976814731804 0.023010957794684542 0.0
0.06698504609886373 0.024914076178155994 0.0
0.07250329204551703 0.026244216535295524 0.0
0.07808633369670225 0.02702977761210369 0.0
0.0838344315601088 0.0274759566399077 0.0
0.08985017517705195 0.027794320903884756 0.0
0.09623615408884721 0.028196437689212032 0.0
0.10309495783680957 0.028893874281066705 0.0
0.11052917596225467 0.030098197964625963 0.0
0.11864139800649735 0.032020976025066976 0.0
0.12751502205219192 0.03481816767481759 0.0
0.1371246399018963 0.038330461273481005 0.0
0.14740654403970463 0.04228757126643124 0.0
0.15829698436161277 0.04641908869820686 0.0
0.16973221076361664 0.050454604613346485 0.0
0.18164847314171237 0.05412371005638868 0.0
0.19398202139189633 0.0571559960718722 0.0
0.20666920713372688 0.05928210517618439 0.0
0.21966140693369202 0.06038798617211714 0.0
0.23294076685215476 0.060677638625016544 0.0
0.2464932004888281 0.06039400550203524 0.0
0.2603046214434263 0.05978002977032584 0.0
0.27436094331566196 0.05907865439704096 0.0
0.2886480797052488 0.05853282234933327 0.0
0.3031519442119 0.05838547659435532 0.0
0.31785839123969245 0.05886590059666361 0.0
0.3327523031389662 0.05997907462277507 0.0
0.3478177672144307 0.06154652068937484 0.0
0.3630388474257904 0.06338437391005008 0.0
0.3783996077327499 0.06530876939838796 0.0
0.3938841120950136 0.06713584226797564 0.0
0.40947642447228644 0.06868172763240037 0.0
0.4251606088242728 0.06976256060524924 0.0
0.4409206820775224 0.07023546274796708 0.0
0.4567404240058754 0.07016421934895642 0.0
0.47260353980513725 0.06967760578176439 0.0
0.48849373464389506 0.06890442113894726 0.0
0.504394713690736 0.06797346451306134 0.0
0.5202901821142463 0.0670135349966629 0.0
0.5361638450830136 0.06615343168230824 0.0
0.5519994083928833 0.06552105321090863 0.0
0.5677806410501895 0.06515355737465726 0.0
0.5834914285320527 0.06492090410912926 0.0
0.5991156688589397 0.0646750469422227 0.0
0.614637260051317 0.06426793940183566 0.0
0.6300401001296504 0.06355153501586619 0.0
0.6453080871144076 0.062377787312212364 0.0
0.6604251190260539 0.060598649818772235 0.0
0.6753736866631459 0.058078280314753566 0.0
0.6901164560358739 0.05485276873697459 0.0
0.7046014382574978 0.05108530085815817 0.0
0.7187763008812414 0.04694204200456931 0.0
0.7325887114603279 0.04258915750247328 0.0
0.7459863375479802 0.03819281267813525 0.0
0.7589168466974219 0.03391917285782039 0.0
0.7713279064618761 0.029934403367793877 0.0
0.7831858993858093 0.026377481192842517 0.0
0.794541232036136 0.023265316799797424 0.0
0.8054678816877808 0.020580578135684865 0.0
0.8160398268134289 0.01830593140747719 0.0
0.8263310458857648 0.01642404282214672 0.0
0.836415517377473 0.014917578586665828 0.0
0.8463672197612389 0.01376920490800679 0.0
0.8562597672000074 0.012961249912580674 0.0
0.8661402646308334 0.012451441083454869 0.0
0.8760118038203641 0.012156661545884179 0.0
0.8858733268196207 0.011989943476229831 0.0
0.8957237756796244 0.01186431905085303 0.0
0.9055620924513957 0.011692820446114994 0.0
0.9153872191859551 0.011388479838376922 0.0
0.9251980979343244 0.01086432940400004 0.0
0.9349917720717441 0.01004068183607195 0.0
0.944742153436974 0.008926548245888427 0.0
0.9544077113315339 0.007590154515327246 0.0
0.9639466333279312 0.006100806822763935 0.0
0.9733171069986729 0.004527811346574024 0.0
0.9824773199162665 0.0029404742651330763 0.0
0.9913854596532193 0.001408101756816547 0.0
0.9999997137820388 0.0 0.0
