51
0.0 0.0 0.0
0.005766653643876785 0.0018962800525920366 0.0
0.013767146506386177 0.006222752817430503 0.0
0.023336276483846733 0.011515139932381669 0.0
0.033812229777109945 0.016321026170798898 0.0
0.044736490859003254 0.019899784435261705 0.0
0.05596565652391686 0.022614059228650136 0.0
0.0673834300025044 0.024921400137741044 0.0
0.07892518294515405 0.027266869396443776 0.0
0.09112693238166791 0.029950363761582766 0.0
0.10491220848985724 0.03317812484347608 0.0
0.121211 0.03715483333333333 0.0
0.14070213410969196 0.04188125669922364 0.0
0.1630597918858002 0.046542509516654146 0.0
0.1877069928625094 0.05011979313799148 0.0
0.21406951878287003 0.0516102277736038 0.0
0.24173888392186327 0.05096606511394941 0.0
0.2705634879789632 0.049620010643626346 0.0
0.300413828324568 0.049132120711244676 0.0
0.3311597131229651 0.05091792875031304 0.0
0.3626629385174055 0.054712889306286 0.0
0.39478013160530934 0.05916853506135737 0.0
0.4273678333333333 0.06291833333333333 0.0
0.4602816954670674 0.06482642799899825 0.0
0.4933738130478337 0.06467966917104932 0.0
0.5264953919358879 0.06249558352116202 0.0
0.5594976601552717 0.058300836839469045 0.0
0.5922331755572251 0.0526704420235412 0.0
0.624556557225144 0.04702934998747808 0.0
0.6563226015527173 0.04287562459303781 0.0
0.6873697583270724 0.04155530565990483 0.0
0.7173464480340597 0.04264715351865766 0.0
0.7457784916103178 0.044589748184322556 0.0
0.7721896666666666 0.045802666666666665 0.0
0.7962950802654646 0.04503812759829701 0.0
0.8185751572752316 0.04237891610318054 0.0
0.8397016520160282 0.0382404589281242 0.0
0.8603390106436263 0.03303892424242421 0.0
0.8807131894565489 0.027234965564738294 0.0
0.9003704854745805 0.021358188705234156 0.0
0.9187987304032055 0.015944130853994484 0.0
0.9355086730528424 0.011492565614825936 0.0
0.9502774735787629 0.008087514901076875 0.0
0.9630541704232405 0.005544773729025784 0.0
0.9737906666666666 0.0036756666666666665 0.0
0.9824690130227899 0.002309673804157274 0.0
0.9891918507387928 0.0013488973203105417 0.0
0.9940919686952167 0.0007135949161031791 0.0
0.9973013360881542 0.00032434698221888185 0.0
0.9989027410468319 0.00012109529176058041 0.0
1.0 0.0 0.0
51
1.0 0.0 0.0
0.9989027410468319 7.379176058101687e-05 0.0
0.9973013360881543 0.00015496982218883053 0.0
0.9940919686952167 0.00032580904082143866 0.0
0.9891918507387929 0.00041550025043826693 0.0
0.9824690130227899 0.00016808026546456442 0.0
0.9737906666666665 -0.0006738333333333368 0.0
0.9630541704232406 -0.002193607187578259 0.0
0.9502774735787627 -0.0037785448284497944 0.0
0.9355086730528424 -0.004641934009516655 0.0
0.9187987304032057 -0.004010376533934391 0.0
0.9003704854745804 -0.0019093171800651089 0.0
0.880713189456549 0.00039759266215877193 0.0
0.8603390106436264 0.0015401892061106934 0.0
0.8397016520160281 0.0002830745053844245 0.0
0.8185751572752316 -0.0030424964938642854 0.0
0.7962950802654645 -0.0070945250438267035 0.0
0.7721896666666666 -0.010514166666666658 0.0
0.745778491610318 -0.01243080828950664 0.0
0.7173464480340596 -0.013926762459303781 0.0
0.6873697583270723 -0.01657257312797398 0.0
0.6563226015527172 -0.021917573754069632 0.0
0.624556557225144 -0.030238468194340062 0.0
0.592233175557225 -0.03983938442273982 0.0
0.5594976601552718 -0.048854766466316035 0.0
0.5264953919358876 -0.05553303481091913 0.0
0.4933738130478337 -0.05944758627598297 0.0
0.4602816954670675 -0.06102664112196343 0.0
0.42736783333333317 -0.06071266666666665 0.0
0.3947801316053092 -0.058976776734284996 0.0
0.3626629385174053 -0.056404671174555464 0.0
0.3311597131229652 -0.053610696343601306 0.0
0.3004138283245678 -0.05120601865765088 0.0
0.27056348797896307 -0.04961100813924368 0.0
0.24173888392186332 -0.04895030040070123 0.0
0.2140695187828699 -0.04932309153518659 0.0
0.1877069928625094 -0.050780740921612826 0.0
0.1630597918858 -0.052818506135737554 0.0
0.1407021341096919 -0.054572869396443784 0.0
0.12121100000000004 -0.055174333333333325 0.0
0.10491220848985722 -0.05395675594790883 0.0
0.09112693238166791 -0.05106741672927624 0.0
0.07892518294515395 -0.046856950538442244 0.0
0.06738343000250438 -0.04167493175557225 0.0
0.05596565652391676 -0.03580730591034305 0.0
0.044736490859003226 -0.029441393814174786 0.0
0.03381222977710996 -0.02275603243175558 0.0
0.023336276483846688 -0.015951715627347828 0.0
0.01376714650638618 -0.00948069872276484 0.0
0.005766653643876747 -0.0039576637866265705 0.0
0.0 0.0 0.0
