100
1.0 0.0 0.0
0.9913748330364875 0.0005449710886190251 0.0
0.9824669425769336 0.0009924913169671492 0.0
0.9733064786735386 0.0012853103247608463 0.0
0.9639351336743576 0.001366177751716589 0.0
0.9543945999274465 0.0011778432375508512 0.0
0.9447265697808603 0.0006630564219801062 0.0
0.9349727355826548 -0.00023543305527917334 0.0
0.9251745116257646 -0.001573377995822399 0.0
0.9153580710446018 -0.00332444485334596 0.0
0.9055267570843564 -0.005339342090768311 0.0
0.8956820390741597 -0.00745868557041159 0.0
0.8858253863431425 -0.009523091154597936 0.0
0.8759582682204353 -0.011373174705649493 0.0
0.8660821540351696 -0.012849552085888396 0.0
0.8561985131164764 -0.013792839157636792 0.0
0.8463046074923015 -0.014063924274939849 0.0
0.8363530752499095 -0.013738712123807681 0.0
0.8262696773824413 -0.013022612183054446 0.0
0.815979805517776 -0.012122813683854067 0.0
0.8054088512837927 -0.011246505857380469 0.0
0.7944822063083713 -0.01060087793480758 0.0
0.7831252622193905 -0.010393119147309317 0.0
0.7712634118531332 -0.01083041558054999 0.0
0.7588458282110521 -0.012058052836296662 0.0
0.7459064549824843 -0.014000655870659911 0.0
0.7324981171556539 -0.01653370105187013 0.0
0.7186736397187843 -0.01953266474815768 0.0
0.7044858476600998 -0.022873023327752956 0.0
0.6899875659678244 -0.02643025315888635 0.0
0.6752316196301813 -0.030079830609788232 0.0
0.6602704858740363 -0.033697910444667134 0.0
0.6451418078177429 -0.03718958508657358 0.0
0.6298631613582202 -0.04049909312007882 0.0
0.6144506979618618 -0.043573451839680366 0.0
0.5989205690950616 -0.0463596785398758 0.0
0.583288926224214 -0.04880479051516261 0.0
0.567571920815713 -0.050855805060038374 0.0
0.5517857043359521 -0.05245973946900061 0.0
0.535946417701235 -0.053575781209630545 0.0
0.520070103865377 -0.05427612345785306 0.0
0.5041727526164439 -0.05469428932582833 0.0
0.48827035321492024 -0.05496441052308757 0.0
0.4723788949212901 -0.05522061875916199 0.0
0.4565143669960381 -0.05559704574358286 0.0
0.44069275869964875 -0.05622782318588135 0.0
0.42493005931774963 -0.057247059402443054 0.0
0.4092423270296847 -0.058724765490647764 0.0
0.3936458390917834 -0.0605271280700659 0.0
0.37815691620867403 -0.0624799104046321 0.0
0.36279187908498584 -0.06440887575828097 0.0
0.34756704842534736 -0.06613978739494718 0.0
0.33249874493438714 -0.06749840857856533 0.0
0.31760328931673454 -0.06831050257307006 0.0
0.30289696961401735 -0.06840628192051137 0.0
0.28839496148533916 -0.06776748532949928 0.0
0.2741110805476245 -0.06656111329859991 0.0
0.26005905959463804 -0.06496544830507173 0.0
0.24625263142014456 -0.06315877282617309 0.0
0.23270552881790782 -0.061319369339162336 0.0
0.219431484581693 -0.05962552032129791 0.0
0.206444231505264 -0.05825550824983819 0.0
0.19376131664652368 -0.05736236980537055 0.0
0.18143143815858542 -0.05689295924706992 0.0
0.16951850547994382 -0.056693450596987174 0.0
0.15808653103422513 -0.05660933624066309 0.0
0.14719952724505597 -0.05648610856363837 0.0
0.13692150653606225 -0.05616925995145377 0.0
0.12731648133087034 -0.05550428278965004 0.0
0.11844842134729132 -0.05433673932381282 0.0
0.11034289112146699 -0.052575016679167814 0.0
0.10291634815784105 -0.05030598404603085 0.0
0.09606600545505517 -0.047647991620878065 0.0
0.0896890760117512 -0.04471938960018565 0.0
0.08368277282657129 -0.04163852818042977 0.0
0.07794430889815707 -0.038523757558086624 0.0
0.07237089722515078 -0.035493427929632435 0.0
0.066862083045422 -0.03266324637875454 0.0
0.06138214203281862 -0.030075561372619034 0.0
0.05596691505379237 -0.027691616973003375 0.0
0.05065594648430994 -0.02546846007646965 0.0
0.04548878070033785 -0.023363137579579942 0.0
0.04050496207784255 -0.021332696378896242 0.0
0.0357440349927907 -0.019334183370980654 0.0
0.0312455438211486 -0.017324645452395183 0.0
0.027045609175378117 -0.015269012131290187 0.0
0.023155663674949555 -0.013189052665222542 0.0
0.019576311145809124 -0.011131467698859783 0.0
0.016308109201784292 -0.00914306427212364 0.0
0.0133516154567022 -0.007270649424935853 0.0
0.010707387524389985 -0.005561030197218086 0.0
0.008375983018674682 -0.0040610136288920925 0.0
0.006357949077398496 -0.002817331059373365 0.0
0.004649455186145272 -0.001845080479055798 0.0
0.003235540096368734 -0.0010789280905127497 0.0
0.002099499617507804 -0.0004409454246011837 0.0
0.0012246295590015116 0.00014679598782190372 0.0
0.0005942257302888889 0.0007622246158995435 0.0
0.000191583940808634 0.0014832689287747486 0.0
0.0 0.0 0.0
100
1.0 0.0 0.0
0.00020203409585562262 0.004989486669139401 0.0
0.0006117996311349571 0.006658589084831414 0.0
0.0012495626692982892 0.008512309537807142 0.0
0.0021321215863675733 0.01050432049991803 0.0
0.0032762747583644307 0.012588294443015464 0.0
0.004698820561310481 0.014717903838950986 0.0
0.006416557371227457 0.01684682115957599 0.0
0.008444516137340166 0.018933098457194278 0.0
0.010786440710620078 0.02096275655484228 0.0
0.013441635792690412 0.022932816228563333 0.0
0.01640939546202346 0.0248403245779498 0.0
0.019689013797090944 0.026682328702593978 0.0
0.023279784876365263 0.028455875702088136 0.0
0.02718100277831815 0.030158012676024602 0.0
0.03139191579006852 0.03178582150350076 0.0
0.035901042002527875 0.03334453387549177 0.0
0.04067243630041599 0.034857961807556334 0.0
0.045666760978679014 0.03635249405922911 0.0
0.0508446783322624 0.03785451939004469 0.0
0.05616685065611209 0.03939042655953774 0.0
0.06159394024517411 0.04098660432724296 0.0
0.06708660939439402 0.04266944145269498 0.0
0.07260920595121025 0.044463498951962076 0.0
0.07819729596107831 0.04635801922975654 0.0
0.08395086205018909 0.048310299145365325 0.0
0.08997220777574921 0.0502764845592744 0.0
0.09636363669496542 0.05221272133196982 0.0
0.10322745236504413 0.05407515532393752 0.0
0.11066595834319208 0.05581993239566351 0.0
0.1187814581866158 0.057403198407633756 0.0
0.1276571312354088 0.058789977264460905 0.0
0.13726773177659754 0.05999562708312739 0.0
0.14754984896893353 0.061053223395708886 0.0
0.15844002953228709 0.06199586143570221 0.0
0.16987482018652916 0.06285663643660422 0.0
0.18179076765153 0.06366864363191174 0.0
0.19412441864716076 0.06446497825512165 0.0
0.20681242016155918 0.06527850561862959 0.0
0.21980622917730036 0.06610813083662803 0.0
0.23308763197098414 0.06688321214800212 0.0
0.24664212845873798 0.06752459219529716 0.0
0.26045521855669 0.06795311362105852 0.0
0.27451240218096773 0.06808961906783143 0.0
0.28879917924769877 0.0678549511781613 0.0
0.3033010496730106 0.06716995259459337 0.0
0.3180034881038591 0.06596349439444052 0.0
0.3328915542411946 0.06429628287968127 0.0
0.3479499684004002 0.06233685277290893 0.0
0.3631634409314461 0.06025690497350941 0.0
0.37851668218430273 0.05822814038086866 0.0
0.3939944025089405 0.05642225989437269 0.0
0.4095813122553302 0.05501096441340734 0.0
0.4252621217734421 0.05416595483735861 0.0
0.441021335520798 0.05401569704959399 0.0
0.4568424197946717 0.054470655374124065 0.0
0.4727085144193575 0.05537273861187455 0.0
0.4886027590999985 0.05656383054350733 0.0
0.5045082935417382 0.05788581494968425 0.0
0.5204082574497195 0.05918057561106714 0.0
0.5362857905290859 0.06028999630831786 0.0
0.5521240360099399 0.06105671192629731 0.0
0.5679064923417391 0.061399048068934856 0.0
0.5836173124963006 0.06137479703209531 0.0
0.5992407199343628 0.061056771005816524 0.0
0.6147609381166637 0.0605177821801363 0.0
0.6301621905039412 0.059830642745092526 0.0
0.6454287005569349 0.059068164890722995 0.0
0.6605446917363821 0.058303160807065546 0.0
0.6754929498902752 0.05760124109825492 0.0
0.6902360079354724 0.05692656121389588 0.0
0.7047214273998397 0.056168278837898836 0.0
0.7188964188315697 0.055213793454490796 0.0
0.7327081927788536 0.05395050454789879 0.0
0.7461039597898832 0.05226581160234985 0.0
0.7590309304128501 0.05004711410207098 0.0
0.7714363151959466 0.04718181153128923 0.0
0.7832862067101536 0.04360669484498156 0.0
0.7946314714644227 0.0394803061062575 0.0
0.8055467570445984 0.035023393762411544 0.0
0.8161067122449762 0.030456709421792245 0.0
0.8263859858598505 0.026001004692748155 0.0
0.8364592266835159 0.02187703118362792 0.0
0.8464010835102683 0.018305540502779907 0.0
0.8562858354496187 0.015505397300805862 0.0
0.8661608612667536 0.013558160568505007 0.0
0.8760288771839531 0.01231742121387811 0.0
0.8858883884827593 0.011615276516840075 0.0
0.8957379004447152 0.01128382375730576 0.0
0.9055759183513639 0.011155160215190078 0.0
0.9154009474842467 0.0110613831704079 0.0
0.9252114931249075 0.010834589902874133 0.0
0.9350041861331125 0.010316800616298338 0.0
0.9447528213182848 0.009470926335421974 0.0
0.9544159482181752 0.008340584397201284 0.0
0.9639518382403769 0.006970864520323897 0.0
0.9733187627924821 0.005406856423477442 0.0
0.9824749932820834 0.0036936498253495884 0.0
0.9913788011167733 0.0018763344446278856 0.0
0.9999884577041447 0.0 0.0
