51
0.0 0.0 0.0
0.005766653643876785 0.004985521600300526 0.0
0.013767146506386177 0.012382552967693465 0.0
0.023336276483846733 0.020638066679188584 0.0
0.033812229777109945 0.028209439894815926 0.0
0.044736490859003254 0.03417832475582268 0.0
0.05596565652391686 0.0385939996243426 0.0
0.0673834300025044 0.04158897952667167 0.0
0.07892518294515405 0.043302936513899326 0.0
0.09112693238166791 0.043958743050338075 0.0
0.10491220848985724 0.04383294928625093 0.0
0.121211 0.043203 0.0
0.14070213410969196 0.04245305184072126 0.0
0.1630597918858002 0.04239410894064612 0.0
0.1877069928625094 0.043943887302779865 0.0
0.21406951878287003 0.048005139869772104 0.0
0.24173888392186327 0.054582835962935145 0.0
0.2705634879789632 0.06229038029050839 0.0
0.300413828324568 0.0696214730778863 0.0
0.3311597131229651 0.07516704370147759 0.0
0.3626629385174055 0.07864831041823189 0.0
0.39478013160530934 0.08051571011770597 0.0
0.4273678333333333 0.08123183333333334 0.0
0.4602816954670674 0.08114816353618833 0.0
0.4933738130478337 0.08017175594790883 0.0
0.5264953919358879 0.0780985587277736 0.0
0.5594976601552717 0.07472676383671423 0.0
0.5922331755572251 0.06998919133483596 0.0
0.624556557225144 0.06402733483596293 0.0
0.6563226015527173 0.05700063836714249 0.0
0.6873697583270724 0.049130525419484074 0.0
0.7173464480340597 0.04135893075381916 0.0
0.7457784916103178 0.035092635111445 0.0
0.7721896666666666 0.031746166666666666 0.0
0.7962950802654646 0.032112891309792134 0.0
0.8185751572752316 0.0345015257951415 0.0
0.8397016520160282 0.03659962459303782 0.0
0.8603390106436263 0.036118638367142485 0.0
0.8807131894565489 0.03220378938141748 0.0
0.9003704854745805 0.026222645880290503 0.0
0.9187987304032055 0.01973394565489606 0.0
0.9355086730528424 0.014205413223140485 0.0
0.9502774735787629 0.01004674380165288 0.0
0.9630541704232405 0.006985033057851226 0.0
0.9737906666666666 0.004736 0.0
0.9824690130227899 0.00305073478587528 0.0
0.9891918507387928 0.0018218121712997725 0.0
0.9940919686952167 0.0009771780616078117 0.0
0.9973013360881542 0.0004447168795391919 0.0
0.9989027410468319 0.00014862409216128122 0.0
1.0 0.0 0.0
51
1.0 0.0 0.0
0.9989027410468319 7.37728524918554e-06 0.0
0.9973013360881543 -6.103781617831209e-05 0.0
0.9940919686952167 -0.00012255434510393212 0.0
0.9891918507387929 -5.616215877786077e-05 0.0
0.9824690130227899 0.00037975745053844026 0.0
0.9737906666666665 0.0014288333333333373 0.0
0.9630541704232406 0.003165854745805156 0.0
0.9502774735787627 0.004990252566992245 0.0
0.9355086730528424 0.006132618081642875 0.0
0.9187987304032057 0.005834139869772105 0.0
0.9003704854745804 0.00397184422739794 0.0
0.880713189456549 0.0014083059103431063 0.0
0.8603390106436264 -0.0009091219634360209 0.0
0.8397016520160281 -0.002152725644878538 0.0
0.8185751572752316 -0.0028855990483345906 0.0
0.7962950802654645 -0.004568131354871025 0.0
0.7721896666666666 -0.008675666666666648 0.0
0.745778491610318 -0.016023634735787662 0.0
0.7173464480340596 -0.024787807913849227 0.0
0.6873697583270723 -0.03248404420235416 0.0
0.6563226015527172 -0.03666124868519911 0.0
0.624556557225144 -0.036851151389932384 0.0
0.592233175557225 -0.03565886100676182 0.0
0.5594976601552718 -0.03595386288504883 0.0
0.5264953919358876 -0.04031044978712751 0.0
0.4933738130478337 -0.047871300651139495 0.0
0.4602816954670675 -0.05556515001252188 0.0
0.42736783333333317 -0.06028383333333332 0.0
0.3947801316053092 -0.0598959700726271 0.0
0.3626629385174053 -0.056177315677435495 0.0
0.3311597131229652 -0.05188040959178562 0.0
0.3004138283245678 -0.049730429125970456 0.0
0.27056348797896307 -0.050810823566240934 0.0
0.24173888392186332 -0.05366036376158276 0.0
0.2140695187828699 -0.056598923491109454 0.0
0.1877069928625094 -0.058044856874530426 0.0
0.1630597918858 -0.057561351990984215 0.0
0.1407021341096919 -0.05545019947407964 0.0
0.12121100000000004 -0.05202550000000001 0.0
0.10491220848985722 -0.04759007888805408 0.0
0.09112693238166791 -0.04240166003005259 0.0
0.07892518294515395 -0.0367066919609316 0.0
0.06738343000250438 -0.030752826258452284 0.0
0.05596565652391676 -0.024859897069872225 0.0
0.044736490859003226 -0.01945962152516903 0.0
0.03381222977710996 -0.014993341096919615 0.0
0.023336276483846688 -0.011810466378662648 0.0
0.01376714650638618 -0.009191711495116453 0.0
0.005766653643876747 -0.005728308978211845 0.0
0.0 0.0 0.0
