100
1.0 0.0 0.0
0.9913847069162037 0.0001374123346038375 0.0
0.9824755713191434 -0.00017221103252007446 0.0
0.9733144543100661 -0.0008028566376743695 0.0
0.9639431672187353 -0.001628511017161682 0.0
0.9544035213749155 -0.0025231607072846453 0.0
0.9447373281083707 -0.003360792244345893 0.0
0.9349863987488652 -0.004015392164648059 0.0
0.9251922627257495 -0.0043624527499326726 0.0
0.9153809975360893 -0.004360001373838038 0.0
0.905555535067528 -0.0040896955790627925 0.0
0.8957169073768001 -0.0036433406824362808 0.0
0.8858661465206399 -0.0031127420007878433 0.0
0.8760042845557807 -0.0025897048509468212 0.0
0.8661323535389577 -0.00216603454974256 0.0
0.8562513855269049 -0.001933536414004401 0.0
0.8463582625940096 -0.0019765166351779434 0.0
0.836405850815347 -0.00229974335605707 0.0
0.8263205053362435 -0.0028600787840281352 0.0
0.8160282169688712 -0.00361372676704736 0.0
0.8054549765254021 -0.004516891153070978 0.0
0.7945267748180082 -0.005525775790055214 0.0
0.7831696026588608 -0.006596584525956297 0.0
0.7713094520593923 -0.007685521759428861 0.0
0.758895915264107 -0.008759629083123418 0.0
0.7459627137898466 -0.009824580133798623 0.0
0.7325623075874057 -0.010894653210857873 0.0
0.7187471566075789 -0.011984126613704533 0.0
0.7045697208011611 -0.013107278641741993 0.0
0.6900824601189474 -0.01427838759437364 0.0
0.675337834511732 -0.01551173177100285 0.0
0.6603879580878576 -0.016821342641234083 0.0
0.6452701927000171 -0.018210722902768345 0.0
0.6300019437080305 -0.01966913218658886 0.0
0.6145991999010327 -0.021184819108822393 0.0
0.5990779500681584 -0.02274603228559572 0.0
0.5834541829985428 -0.024341020333035597 0.0
0.5677438874813212 -0.025958031867268805 0.0
0.5519630523056281 -0.0275853155044221 0.0
0.5361276919167316 -0.029210957827613526 0.0
0.5202540589890094 -0.030821540868234337 0.0
0.5043585354874418 -0.03240283011430984 0.0
0.48845750466000243 -0.03394058295103372 0.0
0.47256734975466497 -0.03542055676359964 0.0
0.45670445401940324 -0.036828508937201354 0.0
0.44088520070219117 -0.03815019685703249 0.0
0.42512597300868565 -0.039371383408207096 0.0
0.4094430381968852 -0.040492901257548224 0.0
0.39385229481969786 -0.041563503877729766 0.0
0.37836956830683616 -0.04264144860375884 0.0
0.3630106840880132 -0.04378499277064259 0.0
0.34779146759294177 -0.045052393713388206 0.0
0.33272774425133456 -0.04650190876700279 0.0
0.3178353394929049 -0.04819179526649348 0.0
0.30313005808743876 -0.050177252744873835 0.0
0.28862700120306356 -0.0524093431644811 0.0
0.2743404097571279 -0.05471180583980142 0.0
0.2602844722798645 -0.05690062645517174 0.0
0.24647337730150598 -0.058791790694928986 0.0
0.23292131335228372 -0.0602012842434101 0.0
0.21964246896243084 -0.060945092784952 0.0
0.20665103266217918 -0.06083920200389167 0.0
0.19396494355933105 -0.059727656534568845 0.0
0.18163277172869877 -0.0576836584559964 0.0
0.16971804454844155 -0.054892308939798434 0.0
0.15828439066231387 -0.0515394667492492 0.0
0.1473954387140697 -0.047810990647622946 0.0
0.13711481734746286 -0.04389273939819379 0.0
0.12750615520624756 -0.039970571764236046 0.0
0.11863303841503191 -0.03623029457623293 0.0
0.1105208157879691 -0.03281101169815897 0.0
0.10308620602049916 -0.02971914640699691 0.0
0.09622676742108041 -0.026937719525402404 0.0
0.08984005829817088 -0.02444975187603126 0.0
0.08382363696022904 -0.022238264281539175 0.0
0.07807506171571267 -0.020286277564581904 0.0
0.07249189087308044 -0.018576812547815215 0.0
0.06697400713775063 -0.017092951669515643 0.0
0.06148580599188821 -0.01581948748669571 0.0
0.05606300746883 -0.014743103243103732 0.0
0.05074502265819712 -0.01385058002581191 0.0
0.0455712626496104 -0.013128698921892447 0.0
0.04058113853269099 -0.01256424101841751 0.0
0.03581406139705981 -0.012143987402459299 0.0
0.03130944233233791 -0.011854719161089997 0.0
0.02710329092633648 -0.011680257729647201 0.0
0.02320708929797956 -0.011583083156665291 0.0
0.019621561182699872 -0.011516314605357621 0.0
0.01634738440428716 -0.011433031291149313 0.0
0.013385236786531274 -0.011286312429465494 0.0
0.01073579615322173 -0.011029237235731274 0.0
0.008399740328148162 -0.010614884925371791 0.0
0.006377736454465719 -0.009996385815173018 0.0
0.004665988505059679 -0.009148224203092511 0.0
0.003249352278334348 -0.008099179583007167 0.0
0.0021109065820779666 -0.006886533437707802 0.0
0.0012337302240791096 -0.005547567249985276 0.0
0.0006009020121262403 -0.0041195625026304045 0.0
0.00019550075400759872 -0.0026398006784340397 0.0
0.0 0.0 0.0
100
1.0 0.0 0.0
0.0001936998590144463 0.0017384632003015633 0.0
0.0005979501122769607 0.0030569783467178932 0.0
0.0012297017070826651 0.004246402147159125 0.0
0.002105905590726903 0.005271676715289462 0.0
0.003243512710504798 0.006097744164773089 0.0
0.004659474013711359 0.006689546609274243 0.0
0.006370740447641929 0.00701202616245711 0.0
0.008392477099346245 0.007043186437668 0.0
0.010728444238379455 0.006844444081534916 0.0
0.013377916686662782 0.006510021596010664 0.0
0.016340158532172 0.006134219989432276 0.0
0.019614433862882558 0.005811340270136828 0.0
0.02320000676677023 0.005635683446461367 0.0
0.02709614133181057 0.005701550526742958 0.0
0.03130205581255409 0.0061030923060121 0.0
0.03580622840878803 0.0068992603956035976 0.0
0.040572651638107235 0.008068757651670897 0.0
0.04556192231133102 0.009579157926912251 0.0
0.05073463723927852 0.011398035074025906 0.0
0.056051393232768816 0.013492962945710075 0.0
0.0614727871026216 0.01583151539466309 0.0
0.06695941565965585 0.018381266273583177 0.0
0.072475566771906 0.02110968932856501 0.0
0.0780568528765676 0.023982323884220835 0.0
0.08380339920385375 0.026962959588520314 0.0
0.089817655381524 0.03001532304853982 0.0
0.09620207103733838 0.03310314087135592 0.0
0.10305909579905634 0.036190139664045 0.0
0.11049117929443787 0.0392400460336835 0.0
0.11860077115124225 0.04221658658734785 0.0
0.12747117037071193 0.04508316113610144 0.0
0.1370771011724831 0.04780131671581478 0.0
0.147355069944149 0.05033194819387038 0.0
0.15824154057581585 0.05263594971245207 0.0
0.16967297695759045 0.054674215413743746 0.0
0.18158584297957944 0.056407639439929214 0.0
0.19391660253188944 0.057797115933192394 0.0
0.2066018203908322 0.058803703800857456 0.0
0.21959296259881877 0.05941279837171431 0.0
0.23287201140694702 0.059659633378291846 0.0
0.24642468559241776 0.05958554496572322 0.0
0.2602367039324322 0.059231869279141515 0.0
0.2742937852041914 0.05863994246367989 0.0
0.2885816481848962 0.05785110066447148 0.0
0.3030860116517472 0.0569066800266494 0.0
0.31779254509009164 0.05584824524713585 0.0
0.3326861085619183 0.054721114080245256 0.0
0.34775090009945364 0.053573673917046157 0.0
0.36297109829567736 0.052454402282660656 0.0
0.37833088174356955 0.051411776702210914 0.0
0.39381442903610986 0.050494274700819075 0.0
0.4094059187662788 0.04975037380360724 0.0
0.425089529527056 0.049228551535697565 0.0
0.44084936728512775 0.04896657351363773 0.0
0.45666917180758704 0.048948193282558006 0.0
0.47253256770177876 0.04914017906959441 0.0
0.4884231795330188 0.049509292902861816 0.0
0.5043246318666231 0.05002229681047511 0.0
0.5202205492679071 0.05064595282054914 0.0
0.5360945563021869 0.05134702296119877 0.0
0.5519302788471827 0.052092205859689926 0.0
0.567711475035076 0.05284181107523255 0.0
0.5834221466883196 0.05354437575692744 0.0
0.5990463218736418 0.05414716922173895 0.0
0.6145680286577697 0.05459746078663142 0.0
0.6299712951074308 0.0548425197685692 0.0
0.6452401492893541 0.05482961548451669 0.0
0.6603586192702661 0.05450601725143821 0.0
0.6753093151447817 0.0538234124978317 0.0
0.690054870771472 0.05279573052424907 0.0
0.7045431531586954 0.051482911120884794 0.0
0.7187216831302138 0.04994597271844438 0.0
0.7325379815097876 0.048245933747633495 0.0
0.7459395691211778 0.04644381263915767 0.0
0.7588739667881452 0.044600627823722525 0.0
0.7712886953344509 0.04277739773203364 0.0
0.7831500146134274 0.04102508808761451 0.0
0.7945083164248735 0.03934953133645045 0.0
0.8054375935518151 0.03774389898215014 0.0
0.8160118399765768 0.036201361884948935 0.0
0.8263050496814831 0.034715090905082215 0.0
0.8363912166488582 0.03327825690278537 0.0
0.8463443348610271 0.031884030738293725 0.0
0.856238034309757 0.030525408719967437 0.0
0.8661194589864485 0.02918268577987113 0.0
0.8759917782733465 0.027815068801643958 0.0
0.8858540154727583 0.026379776413971424 0.0
0.895705193886992 0.024834027245538917 0.0
0.905544336818355 0.02313503992503194 0.0
0.9153704675691543 0.02124003308113592 0.0
0.9251826094416984 0.019106225342536347 0.0
0.9349778787343964 0.016698126245141214 0.0
0.9447301587478406 0.014069070330313748 0.0
0.9543978225101333 0.01133169141922673 0.0
0.9639389600846217 0.008599705171311634 0.0
0.9733116615346533 0.0059868272459999376 0.0
0.9824740169235755 0.0036067733027231614 0.0
0.991384116314736 0.0015732590009126723 0.0
1.000000049771482 0.0 0.0
