51
0.0 0.0 0.0
0.006290843772211797 0.006809438323478983 0.0
0.015101878429913528 0.01301092134142843 0.0
0.025608858984704715 0.01884547385238983 0.0
0.037010375482712035 0.024545366901508367 0.0
0.04886608388136028 0.03020445781953123 0.0
0.06102385053009434 0.035806119203977325 0.0
0.07334068074858024 0.041329802752897125 0.0
0.08601736266844895 0.04649356711814262 0.0
0.10008376233408464 0.05038508690207863 0.0
0.11669221908109426 0.051998914929143825 0.0
0.13685920027434842 0.05056555829903979 0.0
0.16045199091465617 0.04731118583910732 0.0
0.18676003731736301 0.044465436831327254 0.0
0.21507219804359273 0.04423625324994323 0.0
0.24488693745999945 0.047210840252849905 0.0
0.276017801195817 0.05154009737599785 0.0
0.30830432389345963 0.055173969079805985 0.0
0.3415837141247182 0.056446955421988486 0.0
0.3756817310366872 0.055586422613201354 0.0
0.41042061695810594 0.053401151791698576 0.0
0.4456224608064112 0.05070159577872388 0.0
0.4811061131687242 0.04833039368998629 0.0
0.5166873287388732 0.0471609552308103 0.0
0.5521817390711522 0.04806737496173859 0.0
0.5874059686818187 0.05126182890067907 0.0
0.6221795629336936 0.05500942704259202 0.0
0.656322601552717 0.05721906749311294 0.0
0.6896327409362131 0.056026489774801375 0.0
0.7216675705224196 0.05199602597498298 0.0
0.7518390514418751 0.04716522976319671 0.0
0.7795620784174085 0.04357898045842913 0.0
0.8047240131734308 0.04201526856068765 0.0
0.8280671975308641 0.04095951234567901 0.0
0.8504239952610827 0.03865574222052516 0.0
0.8724701308117396 0.033708468647980334 0.0
0.8939293224392687 0.026913090282995232 0.0
0.914167589346686 0.019888192267881667 0.0
0.9325587151723336 0.014219681939278523 0.0
0.9487263305089462 0.01047831967053455 0.0
0.9625800354931829 0.008072950074152404 0.0
0.9740451040771969 0.006348746851056564 0.0
0.9830993249019118 0.00478790414707219 0.0
0.9899099273759945 0.003366901780963048 0.0
0.9946868436213991 0.0021736387745770495 0.0
0.9976513976959679 0.001289559854745807 0.0
0.9991821485476814 0.0007070256472489417 0.0
0.9997722698759179 0.00035345984124481256 0.0
0.9999168034894399 0.00015489209357115707 0.0
0.9999684596469747 5.271526680607389e-05 0.0
1.0 0.0 0.0
51
1.0 0.0 0.0
0.999968459646975 2.1944206717036045e-05 0.0
0.9999168034894399 4.204316813683195e-05 0.0
0.999772269875918 9.14084641263503e-05 0.0
0.9991821485476814 0.00014036650008571248 0.0
0.997651397695968 0.0001555562233909343 0.0
0.9946868436213991 0.00010492866941015079 0.0
0.9899099273759944 1.5112949719622712e-05 0.0
0.9830993249019119 -6.763975846620025e-06 0.0
0.9740451040771967 0.00015225705890658517 0.0
0.9625800354931829 0.0005468559145170703 0.0
0.9487263305089462 0.0009731697136655822 0.0
0.9325587151723336 0.0011556652011390303 0.0
0.9141675893466857 0.0008228913547954437 0.0
0.8939293224392687 -0.0002220646130728754 0.0
0.8724701308117394 -0.0021109926431612082 0.0
0.8504239952610828 -0.004972994371150887 0.0
0.8280671975308642 -0.00865993827160492 0.0
0.8047240131734308 -0.012285844386798988 0.0
0.7795620784174089 -0.014843330103744647 0.0
0.751839051441875 -0.015514803215812854 0.0
0.7216675705224196 -0.015285198779276626 0.0
0.6896327409362132 -0.016135538957750807 0.0
0.6563226015527172 -0.020037987853744048 0.0
0.6221795629336937 -0.027585577903477834 0.0
0.5874059686818185 -0.03709785536090769 0.0
0.5521817390711523 -0.04668201269350994 0.0
0.5166873287388735 -0.054665276194760554 0.0
0.48110611316872426 -0.060577584362139926 0.0
0.4456224608064114 -0.06435774601385758 0.0
0.41042061695810583 -0.0659622110638061 0.0
0.3756817310366873 -0.06577957139809482 0.0
0.341583714124718 -0.06465044302529425 0.0
0.3083043238934595 -0.0634366221209476 0.0
0.2760178011958171 -0.06262096768281393 0.0
0.24488693745999932 -0.061452663197632894 0.0
0.21507219804359273 -0.05893025804245221 0.0
0.1867327853175497 -0.05414954920871466 0.0
0.16001258966617504 -0.04738532809268071 0.0
0.13504531527206226 -0.039696704618198464 0.0
0.11196471737698029 -0.03215510940991726 0.0
0.09093560242925122 -0.02558675256699225 0.0
0.07218453026936365 -0.020330159458751017 0.0
0.05594536206382433 -0.016666194732070563 0.0
0.042379951484542336 -0.014745515912105439 0.0
0.031162700427394024 -0.01383734876345676 0.0
0.021765885584237477 -0.012845427358645812 0.0
0.013675708267245444 -0.010697078271233913 0.0
0.00690141748883593 -0.007208490694792714 0.0
0.0021075290379563264 -0.003309408367764286 0.0
0.0 0.0 0.0
