51
0.0 0.0 0.0
0.005766653643876785 0.004373210555972954 0.0
0.013767146506386177 0.012016048084147258 0.0
0.023336276483846733 0.020515866829451543 0.0
0.033812229777109945 0.027480762334084648 0.0
0.044736490859003254 0.0317633079764588 0.0
0.05596565652391686 0.03414501778111695 0.0
0.0673834300025044 0.035573336150763836 0.0
0.07892518294515405 0.03694512346606562 0.0
0.09112693238166791 0.038569200851490106 0.0
0.10491220848985724 0.040375009266215865 0.0
0.121211 0.042285666666666666 0.0
0.14070213410969196 0.04419164825945404 0.0
0.1630597918858002 0.04585285825194089 0.0
0.1877069928625094 0.04699655810167793 0.0
0.21406951878287003 0.04735424517906336 0.0
0.24173888392186327 0.046911571625344345 0.0
0.2705634879789632 0.04604812947658402 0.0
0.300413828324568 0.04517739807162534 0.0
0.3311597131229651 0.0446997277736038 0.0
0.3626629385174055 0.04486284460305534 0.0
0.39478013160530934 0.04581600726270974 0.0
0.4273678333333333 0.04770683333333333 0.0
0.4602816954670674 0.05051044603055347 0.0
0.4933738130478337 0.05351199110944152 0.0
0.5264953919358879 0.055824119959929884 0.0
0.5594976601552717 0.056568184823441 0.0
0.5922331755572251 0.0553875890308039 0.0
0.624556557225144 0.052734915101427485 0.0
0.6563226015527173 0.04913235236664162 0.0
0.6873697583270724 0.045104492361632845 0.0
0.7173464480340597 0.04120385224142248 0.0
0.7457784916103178 0.0380009656899574 0.0
0.7721896666666666 0.036066666666666664 0.0
0.7962950802654646 0.03564732594540446 0.0
0.8185751572752316 0.03569146155772602 0.0
0.8397016520160282 0.034823128349611814 0.0
0.8603390106436263 0.03168436501377408 0.0
0.8807131894565489 0.025996241046831958 0.0
0.9003704854745805 0.01915232369146005 0.0
0.9187987304032055 0.01269005096418732 0.0
0.9355086730528424 0.008036973578762825 0.0
0.9502774735787629 0.005343202354119703 0.0
0.9630541704232405 0.0039346933383420934 0.0
0.9737906666666666 0.0031236666666666665 0.0
0.9824690130227899 0.002352321813173052 0.0
0.9891918507387928 0.0015827756073127958 0.0
0.9940919686952167 0.0009071242173804138 0.0
0.9973013360881542 0.0004168248184322549 0.0
0.9989027410468319 0.00016499499123465996 0.0
1.0 0.0 0.0
51
1.0 0.0 0.0
0.9989027410468319 0.00014532594540445827 0.0
0.9973013360881543 0.0003463969446531432 0.0
0.9940919686952167 0.0007525628600050121 0.0
0.9891918507387929 0.0012990699974956186 0.0
0.9824690130227899 0.0018894817180065099 0.0
0.9737906666666665 0.0024268333333333347 0.0
0.9630541704232406 0.0028539434009516645 0.0
0.9502774735787627 0.0032727634610568517 0.0
0.9355086730528424 0.003825028299524167 0.0
0.9187987304032057 0.004645654896068115 0.0
0.9003704854745804 0.0054604918607563235 0.0
0.880713189456549 0.005361331830703731 0.0
0.8603390106436264 0.003385424993739028 0.0
0.8397016520160281 -0.001294949161031803 0.0
0.8185751572752316 -0.007937795517155065 0.0
0.7962950802654645 -0.014788399198597557 0.0
0.7721896666666666 -0.02007516666666665 0.0
0.745778491610318 -0.022614807538191842 0.0
0.7173464480340596 -0.023577244052091162 0.0
0.6873697583270723 -0.024720701602804922 0.0
0.6563226015527172 -0.02778230603556224 0.0
0.624556557225144 -0.03323321024292509 0.0
0.592233175557225 -0.03958230904082145 0.0
0.5594976601552718 -0.04516970085149011 0.0
0.5264953919358876 -0.048487493112947665 0.0
0.4933738130478337 -0.04979489807162535 0.0
0.4602816954670675 -0.05049119559228649 0.0
0.42736783333333317 -0.05199466666666667 0.0
0.3947801316053092 -0.05524067906336087 0.0
0.3626629385174053 -0.05923294765840223 0.0
0.3311597131229652 -0.0624922741046832 0.0
0.3004138283245678 -0.06355681592787378 0.0
0.27056348797896307 -0.06200608302028549 0.0
0.24173888392186332 -0.059033681442524424 0.0
0.2140695187828699 -0.05597206423741547 0.0
0.1877069928625094 -0.054021826696719254 0.0
0.1630597918858 -0.05285071775607312 0.0
0.1407021341096919 -0.05113755321813173 0.0
0.12121100000000004 -0.04754466666666667 0.0
0.10491220848985722 -0.04121083383420984 0.0
0.09112693238166791 -0.03318059904833459 0.0
0.07892518294515395 -0.024974948785374363 0.0
0.06738343000250438 -0.0181018945654896 0.0
0.05596565652391676 -0.013290950538442238 0.0
0.044736490859003226 -0.010064959929877276 0.0
0.03381222977710996 -0.007842966316053095 0.0
0.023336276483846688 -0.006059785875281735 0.0
0.01376714650638618 -0.0043335912847483095 0.0
0.005766653643876747 -0.0024008497370398077 0.0
0.0 0.0 0.0
