51
0.0 0.0 0.0
0.005766653643876785 0.009259588467317807 0.0
0.013767146506386177 0.014883335837716 0.0
0.023336276483846733 0.01798762415477085 0.0
0.033812229777109945 0.01968681780616078 0.0
0.044736490859003254 0.02097422182569496 0.0
0.05596565652391686 0.0226554992486852 0.0
0.0673834300025044 0.025520171863260707 0.0
0.07892518294515405 0.03026583208114201 0.0
0.09112693238166791 0.036521393313298275 0.0
0.10491220848985724 0.04322629864763336 0.0
0.121211 0.0493085 0.0
0.14070213410969196 0.05395002178812922 0.0
0.1630597918858002 0.05734917843726521 0.0
0.1877069928625094 0.05995835687453043 0.0
0.21406951878287003 0.06222515852742299 0.0
0.24173888392186327 0.06431005484598046 0.0
0.2705634879789632 0.06592846581517656 0.0
0.300413828324568 0.06675752742299022 0.0
0.3311597131229651 0.06651755622339094 0.0
0.3626629385174055 0.06543084284998746 0.0
0.39478013160530934 0.0640435321813173 0.0
0.4273678333333333 0.06290716666666667 0.0
0.4602816954670674 0.0623625359378913 0.0
0.4933738130478337 0.06190741835712496 0.0
0.5264953919358879 0.06082883946907087 0.0
0.5594976601552717 0.05842233120460804 0.0
0.5922331755572251 0.054493808665164026 0.0
0.624556557225144 0.049640280866516395 0.0
0.6563226015527173 0.04452680791384923 0.0
0.6873697583270724 0.039785486225895304 0.0
0.7173464480340597 0.035665209366391164 0.0
0.7457784916103178 0.03216764325068868 0.0
0.7721896666666666 0.02929033333333333 0.0
0.7962950802654646 0.027018606436263456 0.0
0.8185751572752316 0.025288914850989223 0.0
0.8397016520160282 0.02402549223641372 0.0
0.8603390106436263 0.023150524042073625 0.0
0.8807131894565489 0.02246330315552216 0.0
0.9003704854745805 0.021572638993238163 0.0
0.9187987304032055 0.020070955296769343 0.0
0.9355086730528424 0.017596844603055335 0.0
0.9502774735787629 0.014325611695467056 0.0
0.9630541704232405 0.010778827322814908 0.0
0.9737906666666666 0.007483833333333333 0.0
0.9824690130227899 0.00486406586526421 0.0
0.9891918507387928 0.0029273382168795354 0.0
0.9940919686952167 0.0015775579764587997 0.0
0.9973013360881542 0.000718715627347856 0.0
0.9989027410468319 0.00025977535687452896 0.0
1.0 0.0 0.0
51
1.0 0.0 0.0
0.9989027410468319 0.0001174105935386926 0.0
0.9973013360881543 0.00020895792637114964 0.0
0.9940919686952167 0.0004589555472076156 0.0
0.9891918507387929 0.0008756602804908602 0.0
0.9824690130227899 0.0015213409717004737 0.0
0.9737906666666665 0.00245916666666667 0.0
0.9630541704232406 0.0036264686952166285 0.0
0.9502774735787627 0.004457227523165543 0.0
0.9355086730528424 0.004259585900325571 0.0
0.9187987304032057 0.002352231154520423 0.0
0.9003704854745804 -0.0013134747057350462 0.0
0.880713189456549 -0.0058055239168544855 0.0
0.8603390106436264 -0.010107552091159547 0.0
0.8397016520160281 -0.013282026796894565 0.0
0.8185751572752316 -0.015307837089907348 0.0
0.7962950802654645 -0.01675511169546707 0.0
0.7721896666666666 -0.018203833333333325 0.0
0.745778491610318 -0.020132178562484355 0.0
0.7173464480340596 -0.02261109929877285 0.0
0.6873697583270723 -0.025609741297270245 0.0
0.6563226015527172 -0.02909661069371401 0.0
0.624556557225144 -0.03300183646381166 0.0
0.592233175557225 -0.037196062985224154 0.0
0.5594976601552718 -0.04154481768094165 0.0
0.5264953919358876 -0.045919814800901605 0.0
0.4933738130478337 -0.05026469045830203 0.0
0.4602816954670675 -0.054569481968444765 0.0
0.42736783333333317 -0.058825 0.0
0.3947801316053092 -0.06286561682945153 0.0
0.3626629385174053 -0.06589995116453796 0.0
0.3311597131229652 -0.06698018332081142 0.0
0.3004138283245678 -0.06517556448785372 0.0
0.27056348797896307 -0.06057959829701978 0.0
0.24173888392186332 -0.05487337966441273 0.0
0.2140695187828699 -0.04987457049837214 0.0
0.1877069928625094 -0.04723569371399949 0.0
0.1630597918858 -0.0466895314300025 0.0
0.1407021341096919 -0.04673032331580265 0.0
0.12121100000000004 -0.045831666666666666 0.0
0.10491220848985722 -0.04282464337590782 0.0
0.09112693238166791 -0.03797027372902579 0.0
0.07892518294515395 -0.0318870626095667 0.0
0.06738343000250438 -0.025194576884547952 0.0
0.05596565652391676 -0.018576102429251132 0.0
0.044736490859003226 -0.012813689581768074 0.0
0.03381222977710996 -0.008697884547958931 0.0
0.023336276483846688 -0.0068719057099924825 0.0
0.01376714650638618 -0.006266285499624341 0.0
0.005766653643876747 -0.0047065976709241 0.0
0.0 0.0 0.0
