51
0.0 0.0 0.0
0.006290843772211797 0.008681144521087486 0.0
0.015101878429913528 0.01514455684210056 0.0
0.025608858984704715 0.020072114190574246 0.0
0.037010375482712035 0.024129925560918166 0.0
0.04886608388136028 0.027734773787942344 0.0
0.06102385053009434 0.031104424330541412 0.0
0.07334068074858024 0.03445072444524832 0.0
0.08601736266844895 0.03786997842366117 0.0
0.10008376233408464 0.04117984335086401 0.0
0.11669221908109426 0.04415681390736257 0.0
0.13685920027434842 0.0466435923639689 0.0
0.16045199091465617 0.04904285369767463 0.0
0.18676003731736301 0.052038841679557885 0.0
0.21507219804359273 0.056304822924342565 0.0
0.24488693745999945 0.06178883879196001 0.0
0.276017801195817 0.06734876575708451 0.0
0.30830432389345963 0.07175255965188737 0.0
0.3415837141247182 0.07393984911094416 0.0
0.3756817310366872 0.07369527357958731 0.0
0.41042061695810594 0.07106302698807275 0.0
0.4456224608064112 0.06612937014775858 0.0
0.4811061131687242 0.05987256995884775 0.0
0.5166873287388732 0.054123664780650095 0.0
0.5521817390711522 0.05074702092550852 0.0
0.5874059686818187 0.050618435336942526 0.0
0.6221795629336936 0.05170577942778463 0.0
0.656322601552717 0.05144492536939643 0.0
0.6896327409362131 0.047546218803001285 0.0
0.7216675705224196 0.04065855264734548 0.0
0.7518390514418751 0.033213387771192183 0.0
0.7795620784174085 0.027653460949837796 0.0
0.8047240131734308 0.02511757650923409 0.0
0.8280671975308641 0.024384932098765435 0.0
0.8504239952610827 0.023986279355813694 0.0
0.8724701308117396 0.022647807419499906 0.0
0.8939293224392687 0.02028351515151515 0.0
0.914167589346686 0.017253699365522034 0.0
0.9325587151723336 0.013917296160084 0.0
0.9487263305089462 0.010569004888183955 0.0
0.9625800354931829 0.007430000881343451 0.0
0.9740451040771969 0.0047174283937219345 0.0
0.9830993249019118 0.002600623605197984 0.0
0.9899099273759945 0.001076460504442443 0.0
0.9946868436213991 0.00010293758573388424 0.0
0.9976513976959679 -0.00036711470072627023 0.0
0.9991821485476814 -0.00045219678745074126 0.0
0.9997722698759179 -0.00032280501817824565 0.0
0.9999168034894399 -0.00015028626021463499 0.0
0.9999684596469747 -4.200890172342066e-05 0.0
1.0 0.0 0.0
51
1.0 0.0 0.0
0.999968459646975 3.467393590360645e-05 0.0
0.9999168034894399 0.00013093823450297245 0.0
0.999772269875918 0.0002902774828515067 0.0
0.9991821485476814 0.0004981323701937926 0.0
0.997651397695968 0.0007134169797144997 0.0
0.9946868436213991 0.0008952274805669872 0.0
0.9899099273759944 0.001016699643443241 0.0
0.9830993249019119 0.0010702295452226585 0.0
0.9740451040771967 0.001049608704808174 0.0
0.9625800354931829 0.0009371319017814787 0.0
0.9487263305089462 0.0006640912754728167 0.0
0.9325587151723336 0.00014764057350706762 0.0
0.9141675893466857 -0.000702045623565524 0.0
0.8939293224392687 -0.0021021342349110917 0.0
0.8724701308117394 -0.00438104838353952 0.0
0.8504239952610828 -0.00787045237258481 0.0
0.8280671975308642 -0.012622135802469112 0.0
0.8047240131734308 -0.017943009451038643 0.0
0.7795620784174089 -0.02301742468833489 0.0
0.751839051441875 -0.027138334757121272 0.0
0.7216675705224196 -0.030630135111273257 0.0
0.6896327409362132 -0.03438720220279176 0.0
0.6563226015527172 -0.039296831580265465 0.0
0.6221795629336937 -0.04531374609527576 0.0
0.5874059686818185 -0.050855330872751604 0.0
0.5521817390711523 -0.05419537681219912 0.0
0.5166873287388735 -0.054115724322262186 0.0
0.48110611316872426 -0.052175229309556474 0.0
0.4456224608064114 -0.050876813279721 0.0
0.41042061695810583 -0.05262714358649586 0.0
0.3756817310366873 -0.05740946233652377 0.0
0.341583714124718 -0.06267208852992741 0.0
0.3083043238934595 -0.06574423358057672 0.0
0.2760178011958171 -0.06485063500426161 0.0
0.24488693745999932 -0.061131523137713216 0.0
0.21507219804359273 -0.05631944124027749 0.0
0.1867327853175497 -0.05203770896891918 0.0
0.16001258966617504 -0.04858545909044532 0.0
0.13504531527206226 -0.04538091746684957 0.0
0.11196471737698029 -0.04182874879684852 0.0
0.09093560242925122 -0.03764558439769598 0.0
0.07218453026936365 -0.033168482264916956 0.0
0.05594536206382433 -0.02880785567524375 0.0
0.042379951484542336 -0.024894609283839294 0.0
0.031162700427394024 -0.02122141739900106 0.0
0.021765885584237477 -0.017357773444233872 0.0
0.013675708267245444 -0.012887813604363182 0.0
0.00690141748883593 -0.007946926100099054 0.0
0.0021075290379563264 -0.0033610999222919782 0.0
0.0 0.0 0.0
