51
0.0 0.0 0.0
0.005766653643876785 0.005282112509391436 0.0
0.013767146506386177 0.009407941397445527 0.0
0.023336276483846733 0.013566632794891061 0.0
0.033812229777109945 0.018929500500876533 0.0
0.044736490859003254 0.02559791841973453 0.0
0.05596565652391686 0.03201485361883296 0.0
0.0673834300025044 0.036480614512897566 0.0
0.07892518294515405 0.03749181855747558 0.0
0.09112693238166791 0.035827175807663404 0.0
0.10491220848985724 0.03373771412471825 0.0
0.121211 0.033498999999999994 0.0
0.14070213410969196 0.03665684598046582 0.0
0.1630597918858002 0.04183804883546206 0.0
0.1877069928625094 0.04693965138993238 0.0
0.21406951878287003 0.04988130077635863 0.0
0.24173888392186327 0.04993890257951414 0.0
0.2705634879789632 0.04849056298522414 0.0
0.300413828324568 0.04709522263961932 0.0
0.3311597131229651 0.04719484848484848 0.0
0.3626629385174055 0.048871588154269965 0.0
0.39478013160530934 0.05133028650137741 0.0
0.4273678333333333 0.053761166666666665 0.0
0.4602816954670674 0.055521421738041574 0.0
0.4933738130478337 0.056636124593037816 0.0
0.5264953919358879 0.057297318056599045 0.0
0.5594976601552717 0.057694339969947404 0.0
0.5922331755572251 0.05785422915101428 0.0
0.624556557225144 0.05755246093163035 0.0
0.6563226015527173 0.05654287077385424 0.0
0.6873697583270724 0.054618204232406695 0.0
0.7173464480340597 0.052023536689206104 0.0
0.7457784916103178 0.04929576922113696 0.0
0.7721896666666666 0.04697666666666666 0.0
0.7962950802654646 0.045407356749311296 0.0
0.8185751572752316 0.044126418732782356 0.0
0.8397016520160282 0.04247179476584022 0.0
0.8603390106436263 0.03978796794390181 0.0
0.8807131894565489 0.03581187816178313 0.0
0.9003704854745805 0.030888773353368388 0.0
0.9187987304032055 0.025416229025795132 0.0
0.9355086730528424 0.019790541447533165 0.0
0.9502774735787629 0.01439313573754068 0.0
0.9630541704232405 0.009595842724768322 0.0
0.9737906666666666 0.005770333333333332 0.0
0.9824690130227899 0.003174598547458049 0.0
0.9891918507387928 0.0016119095917856222 0.0
0.9940919686952167 0.0007718577510643608 0.0
0.9973013360881542 0.00034549248685198964 0.0
0.9989027410468319 0.0001113538692712238 0.0
1.0 0.0 0.0
51
1.0 0.0 0.0
0.9989027410468319 -1.6407588279489677e-05 0.0
0.9973013360881543 -0.00011197595792637123 0.0
0.9940919686952167 -0.0002471651640370661 0.0
0.9891918507387929 -0.0004662361632857507 0.0
0.9824690130227899 -0.0007956738041572742 0.0
0.9737906666666665 -0.0012616666666666683 0.0
0.9630541704232406 -0.0018426411219634351 0.0
0.9502774735787627 -0.0023259747057350387 0.0
0.9355086730528424 -0.002451282744803407 0.0
0.9187987304032057 -0.0019643363385925413 0.0
0.9003704854745804 -0.0009802529426496348 0.0
0.880713189456549 -0.00018663686451290008 0.0
0.8603390106436264 -0.0003203385925369443 0.0
0.8397016520160281 -0.0020388226897069864 0.0
0.8185751572752316 -0.005076692336589051 0.0
0.7962950802654645 -0.008573156273478592 0.0
0.7721896666666666 -0.011657499999999989 0.0
0.745778491610318 -0.013727423365890315 0.0
0.7173464480340596 -0.01525428362133734 0.0
0.6873697583270723 -0.016977852366641635 0.0
0.6563226015527172 -0.019631523040320564 0.0
0.624556557225144 -0.023565999373904318 0.0
0.592233175557225 -0.028538816053092927 0.0
0.5594976601552718 -0.0342564824693213 0.0
0.5264953919358876 -0.04039337277736041 0.0
0.4933738130478337 -0.04625028900576008 0.0
0.4602816954670675 -0.050887018908089145 0.0
0.42736783333333317 -0.05335933333333333 0.0
0.3947801316053092 -0.05311180177811169 0.0
0.3626629385174053 -0.05114418832957675 0.0
0.3311597131229652 -0.0488450557225144 0.0
0.3004138283245678 -0.04758837878787879 0.0
0.27056348797896307 -0.04787285812672177 0.0
0.24173888392186332 -0.04884051928374655 0.0
0.2140695187828699 -0.04951668457300277 0.0
0.1877069928625094 -0.0490148275732532 0.0
0.1630597918858 -0.04747318031555221 0.0
0.1407021341096919 -0.04569110931630352 0.0
0.12121100000000004 -0.04447899999999999 0.0
0.10491220848985722 -0.044392421487603306 0.0
0.09112693238166791 -0.044967677685950405 0.0
0.07892518294515395 -0.04548625619834711 0.0
0.06738343000250438 -0.045231466566491366 0.0
0.05596565652391676 -0.043595934635612295 0.0
0.044736490859003226 -0.040141726521412464 0.0
0.03381222977710996 -0.034445483846731795 0.0
0.023336276483846688 -0.026199412471825653 0.0
0.01376714650638618 -0.016439152516904587 0.0
0.005766653643876747 -0.007067075882794845 0.0
0.0 0.0 0.0
