51
0.0 0.0 0.0
0.006290843772211797 0.006691337544835836 0.0
0.015101878429913528 0.013033882482959721 0.0
0.025608858984704715 0.018627615087978035 0.0
0.037010375482712035 0.023098284057285437 0.0
0.04886608388136028 0.0264790865380156 0.0
0.06102385053009434 0.02912845358544119 0.0
0.07334068074858024 0.03141374602674021 0.0
0.08601736266844895 0.03366088319013005 0.0
0.10008376233408464 0.03609584272476834 0.0
0.11669221908109426 0.03892983866571025 0.0
0.13685920027434842 0.042347581161408326 0.0
0.16045199091465617 0.046309614927975806 0.0
0.18676003731736301 0.05066376849060617 0.0
0.21507219804359273 0.055252915473477764 0.0
0.24488693745999945 0.059693058463422106 0.0
0.276017801195817 0.06325916553866386 0.0
0.30830432389345963 0.06519807504903129 0.0
0.3415837141247182 0.06499432406711744 0.0
0.3756817310366872 0.06330245439326777 0.0
0.41042061695810594 0.06113638781516488 0.0
0.4456224608064112 0.059467791997106056 0.0
0.4811061131687242 0.05836881755829904 0.0
0.5166873287388732 0.057051663069837236 0.0
0.5521817390711522 0.05469451075029449 0.0
0.5874059686818187 0.05097918771189774 0.0
0.6221795629336936 0.04706901734911952 0.0
0.656322601552717 0.044398359879789635 0.0
0.6896327409362131 0.04421342870651212 0.0
0.7216675705224196 0.04574611390973298 0.0
0.7518390514418751 0.047006386078415015 0.0
0.7795620784174085 0.045999123136442124 0.0
0.8047240131734308 0.04187333940448596 0.0
0.8280671975308641 0.035848487654321005 0.0
0.8504239952610827 0.029362019776549987 0.0
0.8724701308117396 0.02367398046993762 0.0
0.8939293224392687 0.01896618745304282 0.0
0.914167589346686 0.015015334219658057 0.0
0.9325587151723336 0.011601107012546316 0.0
0.9487263305089462 0.008613741640463407 0.0
0.9625800354931829 0.006070006609131139 0.0
0.9740451040771969 0.003993604256866526 0.0
0.9830993249019118 0.0023951094090584437 0.0
0.9899099273759945 0.0012377408810754882 0.0
0.9946868436213991 0.0004740427526291742 0.0
0.9976513976959679 5.425807663411036e-05 0.0
0.9991821485476814 -0.00010312955078795289 0.0
0.9997722698759179 -0.00010278726196770281 0.0
0.9999168034894399 -4.980263609464715e-05 0.0
0.9999684596469747 -2.889924737975959e-05 0.0
1.0 0.0 0.0
51
1.0 0.0 0.0
0.999968459646975 -8.023456549647772e-05 0.0
0.9999168034894399 -0.00023806834645815302 0.0
0.999772269875918 -0.0005238993825614592 0.0
0.9991821485476814 -0.000862798176129214 0.0
0.997651397695968 -0.001135773353368394 0.0
0.9946868436213991 -0.0012253054412437131 0.0
0.9899099273759944 -0.001088749482032515 0.0
0.9830993249019119 -0.0007861775421802952 0.0
0.9740451040771967 -0.00038510371167375506 0.0
0.9625800354931829 2.8051835224673274e-05 0.0
0.9487263305089462 0.0002829964289358227 0.0
0.9325587151723336 0.00018618718800424757 0.0
0.9141675893466857 -0.00043410354265369463 0.0
0.8939293224392687 -0.0013515184072126216 0.0
0.8724701308117394 -0.00199189962956436 0.0
0.8504239952610828 -0.0017702693956536423 0.0
0.8280671975308642 -0.0005931604938271671 0.0
0.8047240131734308 0.00032475233957092713 0.0
0.7795620784174089 -0.00044644212076208655 0.0
0.751839051441875 -0.00413818239790005 0.0
0.7216675705224196 -0.01009691997277815 0.0
0.6896327409362132 -0.016627451462727788 0.0
0.6563226015527172 -0.022038197094916116 0.0
0.6221795629336937 -0.025677858339027457 0.0
0.5874059686818185 -0.028610030962620814 0.0
0.5521817390711523 -0.032058489537245737 0.0
0.5166873287388735 -0.03698860029090687 0.0
0.48110611316872426 -0.04295326085962506 0.0
0.4456224608064114 -0.04902519042583779 0.0
0.41042061695810583 -0.054290663589780075 0.0
0.3756817310366873 -0.05818441363332334 0.0
0.341583714124718 -0.06050566453794141 0.0
0.3083043238934595 -0.0610708174792856 0.0
0.2760178011958171 -0.05975718922071103 0.0
0.24488693745999932 -0.05664041454026025 0.0
0.21507219804359273 -0.05183641859914658 0.0
0.1867327853175497 -0.04551924868502728 0.0
0.16001258966617504 -0.03856760342636651 0.0
0.13504531527206226 -0.03232894627343394 0.0
0.11196471737698029 -0.028152723688952226 0.0
0.09093560242925122 -0.02653144039569246 0.0
0.07218453026936365 -0.026253349810041373 0.0
0.05594536206382433 -0.025905205577009423 0.0
0.042379951484542336 -0.0242414586637727 0.0
0.031162700427394024 -0.021151780169566287 0.0
0.021765885584237477 -0.016996567965132416 0.0
0.013675708267245444 -0.012143152574876396 0.0
0.00690141748883593 -0.007153227331643831 0.0
0.0021075290379563264 -0.0028319805514416883 0.0
0.0 0.0 0.0
