51
0.0 0.0 0.0
0.005766653643876785 0.013153576070623594 0.0
0.013767146506386177 0.02156118707738542 0.0
0.023336276483846733 0.026236793576258452 0.0
0.033812229777109945 0.02819354507888805 0.0
0.044736490859003254 0.028395928437265208 0.0
0.05596565652391686 0.0277330033809166 0.0
0.0673834300025044 0.027087341284748306 0.0
0.07892518294515405 0.027308078512396698 0.0
0.09112693238166791 0.028855669421487602 0.0
0.10491220848985724 0.03193980578512396 0.0
0.121211 0.03676599999999999 0.0
0.14070213410969196 0.043315629977460565 0.0
0.1630597918858002 0.05067353568745305 0.0
0.1877069928625094 0.0577004226145755 0.0
0.21406951878287003 0.06326385699974955 0.0
0.24173888392186327 0.06664305046331079 0.0
0.2705634879789632 0.06775526496368645 0.0
0.300413828324568 0.06657264850989231 0.0
0.3311597131229651 0.06313404082143752 0.0
0.3626629385174055 0.05825357275231654 0.0
0.39478013160530934 0.05324556298522413 0.0
0.4273678333333333 0.04943266666666666 0.0
0.4602816954670674 0.04780252391685449 0.0
0.4933738130478337 0.04800271475081391 0.0
0.5264953919358879 0.049345804157275235 0.0
0.5594976601552717 0.05114384547958928 0.0
0.5922331755572251 0.05267819333834209 0.0
0.624556557225144 0.053182619333834204 0.0
0.6563226015527173 0.05188680190333082 0.0
0.6873697583270724 0.048140459554219875 0.0
0.7173464480340597 0.04268877660906585 0.0
0.7457784916103178 0.03717723791635359 0.0
0.7721896666666666 0.03326633333333333 0.0
0.7962950802654646 0.03209432281492612 0.0
0.8185751572752316 0.03271054670673679 0.0
0.8397016520160282 0.03364211545204107 0.0
0.8603390106436263 0.033428385048835454 0.0
0.8807131894565489 0.03134344477836213 0.0
0.9003704854745805 0.02780022051089406 0.0
0.9187987304032055 0.023309602554470316 0.0
0.9355086730528424 0.018378174680691195 0.0
0.9502774735787629 0.013462457175056333 0.0
0.9630541704232405 0.008986671299774585 0.0
0.9737906666666666 0.0053745 0.0
0.9824690130227899 0.002928917355371899 0.0
0.9891918507387928 0.0014700619834710719 0.0
0.9940919686952167 0.0006973636363636347 0.0
0.9973013360881542 0.00031194665664913476 0.0
0.9989027410468319 0.00011661081893313239 0.0
1.0 0.0 0.0
51
1.0 0.0 0.0
0.9989027410468319 7.175281743050348e-05 0.0
0.9973013360881543 0.0001513260706235914 0.0
0.9940919686952167 0.0003265752566992251 0.0
0.9891918507387929 0.000537255947908841 0.0
0.9824690130227899 0.0007028081642875028 0.0
0.9737906666666665 0.0007423333333333332 0.0
0.9630541704232406 0.0005567232657150022 0.0
0.9502774735787627 -2.596869521663222e-05 0.0
0.9355086730528424 -0.0011958988229401446 0.0
0.9187987304032057 -0.003137468444778352 0.0
0.9003704854745804 -0.005689782118707744 0.0
0.880713189456549 -0.008156734410217876 0.0
0.8603390106436264 -0.009796180315552221 0.0
0.8397016520160281 -0.009957522038567493 0.0
0.8185751572752316 -0.009054398071625338 0.0
0.7962950802654645 -0.008187050964187325 0.0
0.7721896666666666 -0.008467166666666661 0.0
0.745778491610318 -0.010665732782369158 0.0
0.7173464480340596 -0.014190943526170797 0.0
0.6873697583270723 -0.018110294765840244 0.0
0.6563226015527172 -0.02150287427998999 0.0
0.624556557225144 -0.024143284497871266 0.0
0.592233175557225 -0.02688417555722515 0.0
0.5594976601552718 -0.030670932882544445 0.0
0.5264953919358876 -0.036350485599799684 0.0
0.4933738130478337 -0.043625208364638124 0.0
0.4602816954670675 -0.0514590535937891 0.0
0.42736783333333317 -0.05880366666666667 0.0
0.3947801316053092 -0.06465699461557725 0.0
0.3626629385174053 -0.0682021910843977 0.0
0.3311597131229652 -0.06866871136989733 0.0
0.3004138283245678 -0.06530258627598293 0.0
0.27056348797896307 -0.0583443770348109 0.0
0.24173888392186332 -0.049576167042324086 0.0
0.2140695187828699 -0.040912643751565204 0.0
0.1877069928625094 -0.03417495892812421 0.0
0.1630597918858 -0.030096911970949138 0.0
0.1407021341096919 -0.028710784623090402 0.0
0.12121100000000004 -0.030037166666666656 0.0
0.10491220848985722 -0.03379256148259456 0.0
0.09112693238166791 -0.038477126846982214 0.0
0.07892518294515395 -0.042286934134735804 0.0
0.06738343000250438 -0.04343421099423992 0.0
0.05596565652391676 -0.04110056148259451 0.0
0.044736490859003226 -0.035970123090408194 0.0
0.03381222977710996 -0.028856283496118216 0.0
0.023336276483846688 -0.020591455672426706 0.0
0.01376714650638618 -0.012229221637866269 0.0
0.005766653643876747 -0.00496585311795639 0.0
0.0 0.0 0.0
