100
1.000000000000000000e+00 0.000000000000000000e+00 0.000000000000000000e+00
9.810022593645909561e-01 2.029278281537464593e-03 0.000000000000000000e+00
9.636145960821855816e-01 2.914259506920401695e-03 0.000000000000000000e+00
9.476556922261236693e-01 2.828403822879472628e-03 0.000000000000000000e+00
9.330026592121675177e-01 1.945171376145340015e-03 0.000000000000000000e+00
9.195326084560814239e-01 4.380223134486678342e-04 0.000000000000000000e+00
9.071226513736280195e-01 -1.519583218479878201e-03 0.000000000000000000e+00
8.956498993805704911e-01 -3.754185072909642026e-03 0.000000000000000000e+00
8.849914638926721366e-01 -6.092323103109954785e-03 0.000000000000000000e+00
8.750244563256969199e-01 -8.360537162350157106e-03 0.000000000000000000e+00
8.656259880954074726e-01 -1.038536710389958810e-02 0.000000000000000000e+00
8.566731706175668704e-01 -1.199335278102757474e-02 0.000000000000000000e+00
8.480527633928092168e-01 -1.304590906668916771e-02 0.000000000000000000e+00
8.396971309441496611e-01 -1.356929972090658437e-02 0.000000000000000000e+00
8.315520995535649051e-01 -1.363844884564086729e-02 0.000000000000000000e+00
8.235634974668211150e-01 -1.332828764137122986e-02 0.000000000000000000e+00
8.156771529296826806e-01 -1.271374730857686812e-02 0.000000000000000000e+00
8.078388941879146579e-01 -1.186975904773699721e-02 0.000000000000000000e+00
7.999945494872822138e-01 -1.087125405933080623e-02 0.000000000000000000e+00
7.920899470735500714e-01 -9.793163543837512044e-03 0.000000000000000000e+00
7.840709151924832865e-01 -8.710418701736314176e-03 0.000000000000000000e+00
7.758832820898470262e-01 -7.697950733506419077e-03 0.000000000000000000e+00
7.674728760114059023e-01 -6.830690839627026265e-03 0.000000000000000000e+00
7.587939356870945229e-01 -6.176803283486895224e-03 0.000000000000000000e+00
7.498477624193954361e-01 -5.766586557451061634e-03 0.000000000000000000e+00
7.406520185307766679e-01 -5.617175346575797000e-03 0.000000000000000000e+00
7.312243827704330013e-01 -5.745691119243368471e-03 0.000000000000000000e+00
7.215825338875598849e-01 -6.169255343836043196e-03 0.000000000000000000e+00
7.117441506313521016e-01 -6.904989488736083987e-03 0.000000000000000000e+00
7.017269117510047671e-01 -7.970015022325759729e-03 0.000000000000000000e+00
6.915484959957126643e-01 -9.381453412987338439e-03 0.000000000000000000e+00
6.812265821146706868e-01 -1.115642612910309507e-02 0.000000000000000000e+00
6.707788488570742835e-01 -1.331205463905527422e-02 0.000000000000000000e+00
6.602229749721182372e-01 -1.586546041122616213e-02 0.000000000000000000e+00
6.495755245280329104e-01 -1.882244535507632613e-02 0.000000000000000000e+00
6.388456511939958338e-01 -2.211355895235500579e-02 0.000000000000000000e+00
6.280394856244082558e-01 -2.563865204101574077e-02 0.000000000000000000e+00
6.171631495562241998e-01 -2.929748490254079421e-02 0.000000000000000000e+00
6.062227647263974672e-01 -3.298981781841237026e-02 0.000000000000000000e+00
5.952244528718816374e-01 -3.661541107011270085e-02 0.000000000000000000e+00
5.841743357296304007e-01 -4.007402493912404912e-02 0.000000000000000000e+00
5.730785350365976694e-01 -4.326541970692855676e-02 0.000000000000000000e+00
5.619431725297373559e-01 -4.608935565500849041e-02 0.000000000000000000e+00
5.507743699460027065e-01 -4.844559306484605421e-02 0.000000000000000000e+00
5.395782490223478556e-01 -5.023389221792350090e-02 0.000000000000000000e+00
5.283608347029368213e-01 -5.136948798887446682e-02 0.000000000000000000e+00
5.171273832335100407e-01 -5.189050968890551729e-02 0.000000000000000000e+00
5.058827842888635740e-01 -5.189369157529817589e-02 0.000000000000000000e+00
4.946319252862370619e-01 -5.147612882878940810e-02 0.000000000000000000e+00
4.833796936428682578e-01 -5.073491663011616554e-02 0.000000000000000000e+00
4.721309767759962472e-01 -4.976715016001541370e-02 0.000000000000000000e+00
4.608906621028596717e-01 -4.866992459922409725e-02 0.000000000000000000e+00
4.496636370406968952e-01 -4.754033512847916781e-02 0.000000000000000000e+00
4.384547890067470588e-01 -4.647547692851760476e-02 0.000000000000000000e+00
4.272690054182483599e-01 -4.557244518007635276e-02 0.000000000000000000e+00
4.161111736924397730e-01 -4.492833506389237036e-02 0.000000000000000000e+00
4.049862401688038571e-01 -4.462994019897027070e-02 0.000000000000000000e+00
3.938997144748954682e-01 -4.466557277460871805e-02 0.000000000000000000e+00
3.828574191403279481e-01 -4.496883932661020766e-02 0.000000000000000000e+00
3.718651800471412527e-01 -4.547276027552163424e-02 0.000000000000000000e+00
3.609288230773746720e-01 -4.611035604188987863e-02 0.000000000000000000e+00
3.500541741130677731e-01 -4.681464704626187023e-02 0.000000000000000000e+00
3.392470590362603455e-01 -4.751865370918447601e-02 0.000000000000000000e+00
3.285133037289922342e-01 -4.815539645120461842e-02 0.000000000000000000e+00
3.178587340733028399e-01 -4.865789569286919913e-02 0.000000000000000000e+00
3.072891759512316190e-01 -4.895917185472507815e-02 0.000000000000000000e+00
2.968104552448185829e-01 -4.899224535731919877e-02 0.000000000000000000e+00
2.864267507368900567e-01 -4.869525810673842187e-02 0.000000000000000000e+00
2.761230936819216164e-01 -4.806588927847211395e-02 0.000000000000000000e+00
2.658721620902907978e-01 -4.714022918955955432e-02 0.000000000000000000e+00
2.556464280849737314e-01 -4.595500834273257007e-02 0.000000000000000000e+00
2.454183637889467140e-01 -4.454695724072296054e-02 0.000000000000000000e+00
2.351604413251856263e-01 -4.295280638626251118e-02 0.000000000000000000e+00
2.248451328166665708e-01 -4.120928628208304911e-02 0.000000000000000000e+00
2.144449103863658168e-01 -3.935312743091635979e-02 0.000000000000000000e+00
2.039322461572591338e-01 -3.742106033549422867e-02 0.000000000000000000e+00
1.932796122523232074e-01 -3.544981549854853142e-02 0.000000000000000000e+00
1.824594807945336683e-01 -3.347612342281099801e-02 0.000000000000000000e+00
1.714478044474408991e-01 -3.153530177253766054e-02 0.000000000000000000e+00
1.602703904997223039e-01 -2.964243097265949894e-02 0.000000000000000000e+00
1.489903175734904051e-01 -2.779746208161927232e-02 0.000000000000000000e+00
1.376715612295633662e-01 -2.599998206800462758e-02 0.000000000000000000e+00
1.263780970287589900e-01 -2.424957790040310063e-02 0.000000000000000000e+00
1.151739005318954956e-01 -2.254583654740236962e-02 0.000000000000000000e+00
1.041229472997906164e-01 -2.088834497758996697e-02 0.000000000000000000e+00
9.328921289326240485e-02 -1.927669015955353268e-02 0.000000000000000000e+00
8.273667287312912177e-02 -1.771045906188067898e-02 0.000000000000000000e+00
7.252930280020838949e-02 -1.618923865315897992e-02 0.000000000000000000e+00
6.273107823531823279e-02 -1.471261590197604774e-02 0.000000000000000000e+00
5.340593811266305252e-02 -1.327924230541359385e-02 0.000000000000000000e+00
4.461716384547161768e-02 -1.187097577607890662e-02 0.000000000000000000e+00
3.642746810891119014e-02 -1.045514822503538187e-02 0.000000000000000000e+00
2.889954482532192809e-02 -8.998612601935318880e-03 0.000000000000000000e+00
2.209608791704457953e-02 -7.468221856431047322e-03 0.000000000000000000e+00
1.607979130641978491e-02 -5.830828938174917667e-03 0.000000000000000000e+00
1.091334891578780650e-02 -4.053286796819216206e-03 0.000000000000000000e+00
6.659454667489298624e-03 -2.102448382016306860e-03 0.000000000000000000e+00
3.380802483864869638e-03 5.483335658153232206e-05 0.000000000000000000e+00
1.140086287254933606e-03 2.451705469321950430e-03 0.000000000000000000e+00
0.000000000000000000e+00 5.121315006552596555e-03 0.000000000000000000e+00
101
0.000000000000000000e+00 5.121315006552596555e-03 0.000000000000000000e+00
2.062231226838024149e-05 8.094997403640153896e-03 0.000000000000000000e+00
1.201881574265356752e-03 1.136242095138786587e-02 0.000000000000000000e+00
3.483555796233165063e-03 1.487158679603547626e-02 0.000000000000000000e+00
6.802807756241846179e-03 1.856868446884173476e-02 0.000000000000000000e+00
1.109680023236155576e-02 2.239990350106538936e-02 0.000000000000000000e+00
1.630269600266210858e-02 2.631143342396510820e-02 0.000000000000000000e+00
2.235765784521375962e-02 3.024946376879979540e-02 0.000000000000000000e+00
2.919884853808644987e-02 3.416018406682814340e-02 0.000000000000000000e+00
3.676343085935020877e-02 3.798978384930888630e-02 0.000000000000000000e+00
4.498856758707496517e-02 4.168445264750077206e-02 0.000000000000000000e+00
5.381142149933064445e-02 4.519037999266248967e-02 0.000000000000000000e+00
6.316914039443385920e-02 4.845477844446417076e-02 0.000000000000000000e+00
7.299841776285592720e-02 5.145588709611042394e-02 0.000000000000000000e+00
8.323542186745122584e-02 5.420781497447509090e-02 0.000000000000000000e+00
9.381629171374289422e-02 5.672666920879774338e-02 0.000000000000000000e+00
1.046771663072537939e-01 5.902855692831787682e-02 0.000000000000000000e+00
1.157541846535076052e-01 6.112958526227512540e-02 0.000000000000000000e+00
1.269834857580268983e-01 6.304586133990906782e-02 0.000000000000000000e+00
1.383012086263349372e-01 6.479349229045916481e-02 0.000000000000000000e+00
1.496434922639546250e-01 6.638858524316500198e-02 0.000000000000000000e+00
1.609464756764088234e-01 6.784724732726613028e-02 0.000000000000000000e+00
1.721462978692212542e-01 6.918558567200217002e-02 0.000000000000000000e+00
1.831799915156252512e-01 7.041959982777747096e-02 0.000000000000000000e+00
1.940217246995908917e-01 7.156081902098279657e-02 0.000000000000000000e+00
2.046953383182274766e-01 7.261479291389437429e-02 0.000000000000000000e+00
2.152281411162338953e-01 7.358665371272572753e-02 0.000000000000000000e+00
2.256474418383086489e-01 7.448153362369036579e-02 0.000000000000000000e+00
2.359805492291508766e-01 7.530456485300186797e-02 0.000000000000000000e+00
2.462547720334590240e-01 7.606087960687367422e-02 0.000000000000000000e+00
2.564974189959318140e-01 7.675561009151937730e-02 0.000000000000000000e+00
2.667357988612681918e-01 7.739388851315248674e-02 0.000000000000000000e+00
2.769972203741666306e-01 7.798084707798651205e-02 0.000000000000000000e+00
2.873089922793259920e-01 7.852161799223494887e-02 0.000000000000000000e+00
2.976982216155794059e-01 7.902129624272960506e-02 0.000000000000000000e+00
3.081799130698130718e-01 7.948274365339629000e-02 0.000000000000000000e+00
3.187503126833957645e-01 7.990536064565659236e-02 0.000000000000000000e+00
3.294040528507704013e-01 8.028824988587804357e-02 0.000000000000000000e+00
3.401357659663798438e-01 8.063051404042813342e-02 0.000000000000000000e+00
3.509400844246667872e-01 8.093125577567435169e-02 0.000000000000000000e+00
3.618116406200740376e-01 8.118957775798418819e-02 0.000000000000000000e+00
3.727450669470443456e-01 8.140458265372517432e-02 0.000000000000000000e+00
3.837349958000201289e-01 8.157537312926475825e-02 0.000000000000000000e+00
3.947760595734447486e-01 8.170105185097048528e-02 0.000000000000000000e+00
4.058628906617606780e-01 8.178072148520981743e-02 0.000000000000000000e+00
4.169901207573719626e-01 8.181348617056197203e-02 0.000000000000000000e+00
4.281523160271888950e-01 8.179858745595915137e-02 0.000000000000000000e+00
4.393439246787544938e-01 8.173551425723532549e-02 0.000000000000000000e+00
4.505593825805782604e-01 8.162378136581766030e-02 0.000000000000000000e+00
4.617931256011695296e-01 8.146290357313329400e-02 0.000000000000000000e+00
4.730395896090370811e-01 8.125239567060943413e-02 0.000000000000000000e+00
4.842932104726898612e-01 8.099177244967316336e-02 0.000000000000000000e+00
4.955484240606371493e-01 8.068054870175166149e-02 0.000000000000000000e+00
5.067996662413886133e-01 8.031823921827206669e-02 0.000000000000000000e+00
5.180413728834530884e-01 7.990435879066160041e-02 0.000000000000000000e+00
5.292679798553393544e-01 7.943842221034733142e-02 0.000000000000000000e+00
5.404739232992152864e-01 7.891994833991487768e-02 0.000000000000000000e+00
5.516536837925263281e-01 7.834911709630083820e-02 0.000000000000000000e+00
5.628018350933925440e-01 7.772749462588894598e-02 0.000000000000000000e+00
5.739129626930379313e-01 7.705682162598098683e-02 0.000000000000000000e+00
5.849816520826849331e-01 7.633883879387873272e-02 0.000000000000000000e+00
5.960024887535568805e-01 7.557528682688390009e-02 0.000000000000000000e+00
6.069700581968765496e-01 7.476790642229821926e-02 0.000000000000000000e+00
6.178789459038676046e-01 7.391843827742342055e-02 0.000000000000000000e+00
6.287237373657527106e-01 7.302862308956124815e-02 0.000000000000000000e+00
6.394990180737556429e-01 7.210020155601351566e-02 0.000000000000000000e+00
6.501993735190989554e-01 7.113491437408185625e-02 0.000000000000000000e+00
6.608193796625111416e-01 7.013450439782406565e-02 0.000000000000000000e+00
6.713503816270731672e-01 6.910144562156388115e-02 0.000000000000000000e+00
6.817758046949059514e-01 6.804000430381738906e-02 0.000000000000000000e+00
6.920778828363131074e-01 6.695471629759408572e-02 0.000000000000000000e+00
7.022388500215981377e-01 6.585011745590335641e-02 0.000000000000000000e+00
7.122409402210648777e-01 6.473074363175475299e-02 0.000000000000000000e+00
7.220663874050170516e-01 6.360113067815763299e-02 0.000000000000000000e+00
7.316974255437583841e-01 6.246581444812152051e-02 0.000000000000000000e+00
7.411162886075924883e-01 6.132933079465586329e-02 0.000000000000000000e+00
7.503052105668231997e-01 6.019621557077012297e-02 0.000000000000000000e+00
7.592464253917540207e-01 5.907100462947374730e-02 0.000000000000000000e+00
7.679221833504521477e-01 5.795822844424611264e-02 0.000000000000000000e+00
7.763309672832434671e-01 5.685705947652826969e-02 0.000000000000000000e+00
7.845179531223451797e-01 5.575125783385652400e-02 0.000000000000000000e+00
7.925366612547892764e-01 5.462182930432583211e-02 0.000000000000000000e+00
8.004406120676085257e-01 5.344977967603115748e-02 0.000000000000000000e+00
8.082833259478352517e-01 5.221611473706751910e-02 0.000000000000000000e+00
8.161183232825023337e-01 5.090184027552979024e-02 0.000000000000000000e+00
8.239991244586417629e-01 4.948796207951296211e-02 0.000000000000000000e+00
8.319792498632863076e-01 4.795548593711201207e-02 0.000000000000000000e+00
8.401122198834685140e-01 4.628541763642189666e-02 0.000000000000000000e+00
8.484515549062208173e-01 4.445876296553762791e-02 0.000000000000000000e+00
8.570507773285886977e-01 4.245652727968380474e-02 0.000000000000000000e+00
8.659771881849580577e-01 4.025674860848051789e-02 0.000000000000000000e+00
8.753447670356030441e-01 3.782741243559332306e-02 0.000000000000000000e+00
8.852773686333943459e-01 3.513437755312019684e-02 0.000000000000000000e+00
8.958988477312036514e-01 3.214350275315919908e-02 0.000000000000000000e+00
9.073330590819032038e-01 2.882064682780819537e-02 0.000000000000000000e+00
9.197038574383631371e-01 2.513166856916518657e-02 0.000000000000000000e+00
9.331350975534556946e-01 2.104242676932819439e-02 0.000000000000000000e+00
9.477506341800516765e-01 1.651878022039518154e-02 0.000000000000000000e+00
9.636743220710227709e-01 1.152658771446424778e-02 0.000000000000000000e+00
1.000000000000000000e+00 0.000000000000000000e+00 0.000000000000000000e+00
