100
1.000000000000000000e+00 0.000000000000000000e+00 0.000000000000000000e+00
9.810037329448214605e-01 2.239464295398059350e-03 0.000000000000000000e+00
9.636181137406464314e-01 3.419320222003797288e-03 0.000000000000000000e+00
9.476617068102276553e-01 3.693550936083847894e-03 0.000000000000000000e+00
9.330114883946717397e-01 3.216139593904841342e-03 0.000000000000000000e+00
9.195444347350870684e-01 2.141069351733411279e-03 0.000000000000000000e+00
9.071375220725800270e-01 6.223233658361905897e-04 0.000000000000000000e+00
8.956677266482582223e-01 -1.186115207520193693e-03 0.000000000000000000e+00
8.850120247032291498e-01 -3.130263212069103046e-03 0.000000000000000000e+00
8.750473924786004165e-01 -5.056137491543911087e-03 0.000000000000000000e+00
8.656508062154789629e-01 -6.809754889677982655e-03 0.000000000000000000e+00
8.566992421549720627e-01 -8.237132250204681067e-03 0.000000000000000000e+00
8.480793568882520894e-01 -9.214511784294802596e-03 0.000000000000000000e+00
8.397235645415127570e-01 -9.761006394753409671e-03 0.000000000000000000e+00
8.315777860188201531e-01 -9.937901769605073099e-03 0.000000000000000000e+00
8.235879441945965773e-01 -9.806489748994772285e-03 0.000000000000000000e+00
8.156999619432627746e-01 -9.428062173067464080e-03 0.000000000000000000e+00
8.078597621392404893e-01 -8.863910881968120950e-03 0.000000000000000000e+00
8.000132676569504664e-01 -8.175327715841699747e-03 0.000000000000000000e+00
7.921064013708146723e-01 -7.423604514833173802e-03 0.000000000000000000e+00
7.840850861552540740e-01 -6.670033119087502571e-03 0.000000000000000000e+00
7.758952448846901939e-01 -5.975905368749658518e-03 0.000000000000000000e+00
7.674828004335443321e-01 -5.402513103964601965e-03 0.000000000000000000e+00
7.588020725299213787e-01 -5.006346252572536730e-03 0.000000000000000000e+00
7.498543672023244566e-01 -4.817024666723924813e-03 0.000000000000000000e+00
7.406573249836885253e-01 -4.854826978538871046e-03 0.000000000000000000e+00
7.312286028070524857e-01 -5.140022441402506727e-03 0.000000000000000000e+00
7.215858576054563489e-01 -5.692880308699963150e-03 0.000000000000000000e+00
7.117467463119390159e-01 -6.533669833816371612e-03 0.000000000000000000e+00
7.017289258595408308e-01 -7.682660270136866879e-03 0.000000000000000000e+00
6.915500531813004725e-01 -9.160120871046579377e-03 0.000000000000000000e+00
6.812277852102577302e-01 -1.098632088993065775e-02 0.000000000000000000e+00
6.707797788794520599e-01 -1.318152958017420467e-02 0.000000000000000000e+00
6.602236911219229176e-01 -1.576601619516237313e-02 0.000000000000000000e+00
6.495760660010682086e-01 -1.874846813081958163e-02 0.000000000000000000e+00
6.388460492229079968e-01 -2.206057659467147020e-02 0.000000000000000000e+00
6.280397683909939577e-01 -2.560262279681017536e-02 0.000000000000000000e+00
6.171633422059210616e-01 -2.927479529246822254e-02 0.000000000000000000e+00
6.062228893682841679e-01 -3.297728263687810246e-02 0.000000000000000000e+00
5.952245285786776918e-01 -3.661027338527230585e-02 0.000000000000000000e+00
5.841743785376967146e-01 -4.007395609288336852e-02 0.000000000000000000e+00
5.730785579459357626e-01 -4.326851931494370834e-02 0.000000000000000000e+00
5.619431855039898061e-01 -4.609415160668587502e-02 0.000000000000000000e+00
5.507743799124531492e-01 -4.845104152334231418e-02 0.000000000000000000e+00
5.395782598719210954e-01 -5.023937762014557551e-02 0.000000000000000000e+00
5.283608454964590084e-01 -5.137508320574499243e-02 0.000000000000000000e+00
5.171273739563836402e-01 -5.189904213779147901e-02 0.000000000000000000e+00
5.058827090578670305e-01 -5.191172849168666781e-02 0.000000000000000000e+00
4.946317123076880429e-01 -5.151398333416561115e-02 0.000000000000000000e+00
4.833792452126241534e-01 -5.080664773196325729e-02 0.000000000000000000e+00
4.721301692794538374e-01 -4.989056275181462385e-02 0.000000000000000000e+00
4.608893460149552368e-01 -4.886656946045471461e-02 0.000000000000000000e+00
4.496616369259061607e-01 -4.783550892461849169e-02 0.000000000000000000e+00
4.384519035190855285e-01 -4.689822221104099353e-02 0.000000000000000000e+00
4.272650073012704275e-01 -4.615555038645718922e-02 0.000000000000000000e+00
4.161058097792398880e-01 -4.570833451760210331e-02 0.000000000000000000e+00
4.049792378633779721e-01 -4.564617843749840809e-02 0.000000000000000000e+00
3.938908437130212992e-01 -4.595125966161798386e-02 0.000000000000000000e+00
3.828465268083422468e-01 -4.654608123764877176e-02 0.000000000000000000e+00
3.718521903507017168e-01 -4.735250686224821287e-02 0.000000000000000000e+00
3.609137375414604443e-01 -4.829240023207370669e-02 0.000000000000000000e+00
3.500370715819789424e-01 -4.928762504378272208e-02 0.000000000000000000e+00
3.392280956736184461e-01 -5.026004499403265852e-02 0.000000000000000000e+00
3.284927130177396903e-01 -5.113152377948095018e-02 0.000000000000000000e+00
3.178368268157035215e-01 -5.182392509678503817e-02 0.000000000000000000e+00
3.072663402688702861e-01 -5.225911264260234279e-02 0.000000000000000000e+00
2.967871565786013299e-01 -5.235895011359029128e-02 0.000000000000000000e+00
2.864035242374558532e-01 -5.205152056919996190e-02 0.000000000000000000e+00
2.761004557481812061e-01 -5.133720716135871387e-02 0.000000000000000000e+00
2.658505532975156127e-01 -5.026303826294627186e-02 0.000000000000000000e+00
2.556262122335973830e-01 -4.887681966719160942e-02 0.000000000000000000e+00
2.453998279045652708e-01 -4.722635716732366540e-02 0.000000000000000000e+00
2.351437956585572808e-01 -4.535945655657140640e-02 0.000000000000000000e+00
2.248305108437118893e-01 -4.332392362816379211e-02 0.000000000000000000e+00
2.144323688081675727e-01 -4.116756417532977524e-02 0.000000000000000000e+00
2.039217649000624744e-01 -3.893818399129828078e-02 0.000000000000000000e+00
1.932710944675354037e-01 -3.668358886929833779e-02 0.000000000000000000e+00
1.824527528587243930e-01 -3.445158460255882960e-02 0.000000000000000000e+00
1.714426198425128833e-01 -3.228800444874905390e-02 0.000000000000000000e+00
1.602664853917649956e-01 -3.021042742778759158e-02 0.000000000000000000e+00
1.489874523635487114e-01 -2.821530968255877778e-02 0.000000000000000000e+00
1.376695215535615191e-01 -2.629859903160663287e-02 0.000000000000000000e+00
1.263766937575004634e-01 -2.445624329347508008e-02 0.000000000000000000e+00
1.151729697710628941e-01 -2.268419028670816059e-02 0.000000000000000000e+00
1.041223503899461472e-01 -2.097838782984980457e-02 0.000000000000000000e+00
9.328883640984701742e-02 -1.933478374144402198e-02 0.000000000000000000e+00
8.273642862646339580e-02 -1.774932584003480890e-02 0.000000000000000000e+00
7.252912783549200770e-02 -1.621796194416611978e-02 0.000000000000000000e+00
6.273093483263030012e-02 -1.473663987238194549e-02 0.000000000000000000e+00
5.340581306798797279e-02 -1.330047556605993241e-02 0.000000000000000000e+00
4.461705556368451148e-02 -1.188965110768699582e-02 0.000000000000000000e+00
3.642737543955473778e-02 -1.047143119111077630e-02 0.000000000000000000e+00
2.889946669449204933e-02 -9.012654589069659522e-03 0.000000000000000000e+00
2.209602332739022887e-02 -7.480160074302064088e-03 0.000000000000000000e+00
1.607973933714291342e-02 -5.840786419546442447e-03 0.000000000000000000e+00
1.091330872264352665e-02 -4.061372397541163776e-03 0.000000000000000000e+00
6.659425482785951908e-03 -2.108756781024686156e-03 0.000000000000000000e+00
3.380783616463834892e-03 5.022165726461906565e-05 0.000000000000000000e+00
1.140077122570593840e-03 2.448724144588312022e-03 0.000000000000000000e+00
0.000000000000000000e+00 5.119911908207947643e-03 0.000000000000000000e+00
101
0.000000000000000000e+00 5.119911908207947643e-03 0.000000000000000000e+00
2.063101260776167321e-05 8.095133975189071004e-03 0.000000000000000000e+00
1.201898518378690956e-03 1.136405876808770782e-02 0.000000000000000000e+00
3.483580469426703248e-03 1.487467410495029937e-02 0.000000000000000000e+00
6.802839582827666966e-03 1.857315560362724285e-02 0.000000000000000000e+00
1.109683857565778656e-02 2.240567888196895105e-02 0.000000000000000000e+00
1.630274016499291476e-02 2.631841955782572573e-02 0.000000000000000000e+00
2.235770706790915843e-02 3.025755324904814275e-02 0.000000000000000000e+00
2.919890200148237552e-02 3.416925557348653858e-02 0.000000000000000000e+00
3.676348768278864948e-02 3.799970214899129478e-02 0.000000000000000000e+00
4.498862682890398396e-02 4.169506859341282068e-02 0.000000000000000000e+00
5.381148215690408770e-02 4.520153052460144927e-02 0.000000000000000000e+00
6.316920140491875946e-02 4.846628680327259159e-02 0.000000000000000000e+00
7.299847802771101957e-02 5.146756932765276377e-02 0.000000000000000000e+00
8.323548028072746963e-02 5.421948744891825350e-02 0.000000000000000000e+00
9.381634716365944149e-02 5.673814903946577254e-02 0.000000000000000000e+00
1.046772176761982809e-01 5.903966197169202568e-02 0.000000000000000000e+00
1.157542308180357082e-01 6.114013411799383568e-02 0.000000000000000000e+00
1.269835255888630832e-01 6.305567335076792124e-02 0.000000000000000000e+00
1.383012409883716543e-01 6.480238754241096633e-02 0.000000000000000000e+00
1.496435160162529476e-01 6.639638456531972432e-02 0.000000000000000000e+00
1.609464896721980454e-01 6.785377229189093473e-02 0.000000000000000000e+00
1.721463009558990565e-01 6.919065859452137868e-02 0.000000000000000000e+00
1.831799825384322344e-01 7.042304428582615849e-02 0.000000000000000000e+00
1.940217026543083201e-01 7.156248142312426896e-02 0.000000000000000000e+00
2.046953025554270889e-01 7.261457135022014731e-02 0.000000000000000000e+00
2.152280913555372210e-01 7.358449996902531598e-02 0.000000000000000000e+00
2.256473781683873969e-01 7.447745318145132520e-02 0.000000000000000000e+00
2.359804721077266576e-01 7.529861688940976683e-02 0.000000000000000000e+00
2.462546822873033225e-01 7.605317699481212168e-02 0.000000000000000000e+00
2.564973178208663773e-01 7.674631939956999549e-02 0.000000000000000000e+00
2.667356878221645022e-01 7.738323000559492459e-02 0.000000000000000000e+00
2.769971014049461555e-01 7.796909471479843146e-02 0.000000000000000000e+00
2.873088676829603227e-01 7.850909942909206629e-02 0.000000000000000000e+00
2.976980940591960056e-01 7.900839212176616333e-02 0.000000000000000000e+00
3.081797852910421742e-01 7.946984504883378153e-02 0.000000000000000000e+00
3.187501870352085764e-01 7.989280310452863409e-02 0.000000000000000000e+00
3.294039312623256999e-01 8.027630775411406794e-02 0.000000000000000000e+00
3.401356499430239211e-01 8.061940046285345773e-02 0.000000000000000000e+00
3.509399750479330060e-01 8.092112269601017815e-02 0.000000000000000000e+00
3.618115385476836088e-01 8.118051591884759000e-02 0.000000000000000000e+00
3.727449724129054398e-01 8.139662159662910956e-02 0.000000000000000000e+00
3.837349086142286536e-01 8.156848119461800051e-02 0.000000000000000000e+00
3.947759791222837378e-01 8.169513617807773465e-02 0.000000000000000000e+00
4.058628159077006803e-01 8.177562801227164502e-02 0.000000000000000000e+00
4.169900502414563559e-01 8.180899997881586894e-02 0.000000000000000000e+00
4.281522480916762907e-01 8.179446489042935253e-02 0.000000000000000000e+00
4.393438578679214057e-01 8.173154075068991831e-02 0.000000000000000000e+00
4.505593156826443457e-01 8.161977748739190908e-02 0.000000000000000000e+00
4.617930576482977556e-01 8.145872502832958439e-02 0.000000000000000000e+00
4.730395198773338361e-01 8.124793330129727320e-02 0.000000000000000000e+00
4.842931384822048990e-01 8.098695223408919341e-02 0.000000000000000000e+00
4.955483495753633671e-01 8.067533175449967398e-02 0.000000000000000000e+00
5.067995892692621629e-01 8.031262179032294668e-02 0.000000000000000000e+00
5.180412936763536536e-01 7.989837226935338210e-02 0.000000000000000000e+00
5.292678989090900954e-01 7.943213311938521204e-02 0.000000000000000000e+00
5.404738413522968132e-01 7.891345815441579148e-02 0.000000000000000000e+00
5.516536016173876344e-01 7.834253221066642126e-02 0.000000000000000000e+00
5.628017530588275141e-01 7.772086337650464805e-02 0.000000000000000000e+00
5.739128807090809747e-01 7.705012636125475878e-02 0.000000000000000000e+00
5.849815696006109844e-01 7.633199587424108201e-02 0.000000000000000000e+00
5.960024047658810664e-01 7.556814662478787692e-02 0.000000000000000000e+00
6.069699712373550771e-01 7.476025332221943043e-02 0.000000000000000000e+00
6.178788540474965396e-01 7.390999067586004334e-02 0.000000000000000000e+00
6.287236382287691994e-01 7.301903339503398871e-02 0.000000000000000000e+00
6.394989088136371347e-01 7.208905618906562285e-02 0.000000000000000000e+00
6.501992508345630917e-01 7.112173376727914942e-02 0.000000000000000000e+00
6.608192397943932761e-01 7.011874312239758933e-02 0.000000000000000000e+00
6.713502206555269636e-01 6.908253531927818769e-02 0.000000000000000000e+00
6.817756192679412797e-01 6.801745892703700558e-02 0.000000000000000000e+00
6.920776702793842716e-01 6.692814793961843201e-02 0.000000000000000000e+00
7.022386083376029875e-01 6.581923635096682823e-02 0.000000000000000000e+00
7.122406680903451415e-01 6.469535815502658327e-02 0.000000000000000000e+00
7.220660841853588918e-01 6.356114734574201675e-02 0.000000000000000000e+00
7.316970912703913976e-01 6.242123791705750380e-02 0.000000000000000000e+00
7.411159239931903731e-01 6.128026386291740568e-02 0.000000000000000000e+00
7.503048170015035323e-01 6.014285917726611835e-02 0.000000000000000000e+00
7.592460049430784785e-01 5.901365785404798225e-02 0.000000000000000000e+00
7.679217387639772907e-01 5.789728858662844535e-02 0.000000000000000000e+00
7.763305025314326535e-01 5.679310069172872205e-02 0.000000000000000000e+00
7.845174749835160943e-01 5.568525732734975336e-02 0.000000000000000000e+00
7.925361795952857724e-01 5.455520775506497028e-02 0.000000000000000000e+00
8.004401398418002911e-01 5.338440123644781071e-02 0.000000000000000000e+00
8.082828791981178096e-01 5.215428703307171260e-02 0.000000000000000000e+00
8.161179211392970423e-01 5.084631440651005141e-02 0.000000000000000000e+00
8.239987891403961484e-01 4.944193261833627201e-02 0.000000000000000000e+00
8.319790066764738423e-01 4.792259093012380539e-02 0.000000000000000000e+00
8.401120972225885053e-01 4.626973860344605477e-02 0.000000000000000000e+00
8.484515842537986297e-01 4.446482489987652748e-02 0.000000000000000000e+00
8.570509932544879694e-01 4.248929854897259134e-02 0.000000000000000000e+00
8.659776236355769541e-01 4.032096131103398567e-02 0.000000000000000000e+00
8.753454373748640327e-01 3.792525994022277747e-02 0.000000000000000000e+00
8.852782682664959157e-01 3.526502739639557349e-02 0.000000000000000000e+00
8.958999501046198688e-01 3.230309663940910542e-02 0.000000000000000000e+00
9.073343166833841567e-01 2.900230062911989329e-02 0.000000000000000000e+00
9.197052017969347126e-01 2.532547232538460633e-02 0.000000000000000000e+00
9.331364392394195795e-01 2.123544468805992069e-02 0.000000000000000000e+00
9.477518628049855787e-01 1.669505067700245704e-02 0.000000000000000000e+00
9.636753062877803089e-01 1.166712325206898174e-02 0.000000000000000000e+00
1.000000000000000000e+00 0.000000000000000000e+00 0.000000000000000000e+00
