101
1.000000000000000000e+00 0.000000000000000000e+00 0.000000000000000000e+00
9.809710744190990317e-01 2.223778002616032864e-03 0.000000000000000000e+00
9.635701529944071808e-01 3.239272529870201173e-03 0.000000000000000000e+00
9.476120500101080646e-01 3.211330131064498317e-03 0.000000000000000000e+00
9.329715164441413355e-01 2.304797355500916387e-03 0.000000000000000000e+00
9.195233032744485335e-01 6.845207524814496403e-04 0.000000000000000000e+00
9.071421614789695331e-01 -1.484653128691905064e-03 0.000000000000000000e+00
8.957028420356450971e-01 -4.037877738717162573e-03 0.000000000000000000e+00
8.850800959224156550e-01 -6.810306528292321693e-03 0.000000000000000000e+00
8.751486741172220807e-01 -9.637092948115391633e-03 0.000000000000000000e+00
8.657833275980050258e-01 -1.235339044888438507e-02 0.000000000000000000e+00
8.568588073427043650e-01 -1.479435248129729041e-02 0.000000000000000000e+00
8.482599782846588221e-01 -1.682703450575460599e-02 0.000000000000000000e+00
8.399195124783546129e-01 -1.846928790598685588e-02 0.000000000000000000e+00
8.317841937560606080e-01 -1.978347623273257402e-02 0.000000000000000000e+00
8.238008080086577367e-01 -2.083196953011719546e-02 0.000000000000000000e+00
8.159161411270264841e-01 -2.167713784226615523e-02 0.000000000000000000e+00
8.080769790020473353e-01 -2.238135121330485713e-02 0.000000000000000000e+00
8.002301075246004425e-01 -2.300697968735873622e-02 0.000000000000000000e+00
7.923223125855666238e-01 -2.361639330855322405e-02 0.000000000000000000e+00
7.843003800758261423e-01 -2.427196212101373138e-02 0.000000000000000000e+00
7.761110958862597053e-01 -2.503605616886568977e-02 0.000000000000000000e+00
7.677012459077475759e-01 -2.597104549623452385e-02 0.000000000000000000e+00
7.590259046568230694e-01 -2.712863025660263230e-02 0.000000000000000000e+00
7.500865273384861309e-01 -2.850080506303792269e-02 0.000000000000000000e+00
7.409006931248269812e-01 -3.005880825696678055e-02 0.000000000000000000e+00
7.314859973766572043e-01 -3.177385734018544489e-02 0.000000000000000000e+00
7.218600354547888287e-01 -3.361716981449013736e-02 0.000000000000000000e+00
7.120404027200342156e-01 -3.555996318167710391e-02 0.000000000000000000e+00
7.020446945332051714e-01 -3.757345494354257659e-02 0.000000000000000000e+00
6.918905062551136131e-01 -3.962886260188279441e-02 0.000000000000000000e+00
6.815954332465713472e-01 -4.169740365849400332e-02 0.000000000000000000e+00
6.711770708683908460e-01 -4.375029561517240762e-02 0.000000000000000000e+00
6.606530144813835825e-01 -4.575875597371426712e-02 0.000000000000000000e+00
6.500396881505011715e-01 -4.769711879554289213e-02 0.000000000000000000e+00
6.393457291658106723e-01 -4.956043703048240018e-02 0.000000000000000000e+00
6.285765982630052706e-01 -5.135221573806551115e-02 0.000000000000000000e+00
6.177377468074111144e-01 -5.307598491030200705e-02 0.000000000000000000e+00
6.068346261643542405e-01 -5.473527453920167679e-02 0.000000000000000000e+00
5.958726876991603527e-01 -5.633361461677425380e-02 0.000000000000000000e+00
5.848573827771555989e-01 -5.787453513502956864e-02 0.000000000000000000e+00
5.737941627636659048e-01 -5.936156608597729922e-02 0.000000000000000000e+00
5.626884790240176404e-01 -6.079823746162726916e-02 0.000000000000000000e+00
5.515457829235361764e-01 -6.218807925398919106e-02 0.000000000000000000e+00
5.403715258275476607e-01 -6.353462145507290937e-02 0.000000000000000000e+00
5.291711651964515761e-01 -6.484076354683719623e-02 0.000000000000000000e+00
5.179502068958300454e-01 -6.610439769526775533e-02 0.000000000000000000e+00
5.067141798743552972e-01 -6.732102821633233203e-02 0.000000000000000000e+00
4.954686132228586781e-01 -6.848614472022485078e-02 0.000000000000000000e+00
4.842190360321712017e-01 -6.959523681713920829e-02 0.000000000000000000e+00
4.729709773931241035e-01 -7.064379411726935676e-02 0.000000000000000000e+00
4.617299663965483969e-01 -7.162730623080926229e-02 0.000000000000000000e+00
4.505015321332749845e-01 -7.254126276795276607e-02 0.000000000000000000e+00
4.392912036941358234e-01 -7.338115333889387581e-02 0.000000000000000000e+00
4.281045101699610389e-01 -7.414246755382647436e-02 0.000000000000000000e+00
4.169469806515824772e-01 -7.482069502294451391e-02 0.000000000000000000e+00
4.058241320053914136e-01 -7.541136722877866960e-02 0.000000000000000000e+00
3.947413642339193673e-01 -7.591041594730041364e-02 0.000000000000000000e+00
3.837040124227496518e-01 -7.631399531431419525e-02 0.000000000000000000e+00
3.727174109619466602e-01 -7.661826184798320449e-02 0.000000000000000000e+00
3.617868942415749522e-01 -7.681937206647063143e-02 0.000000000000000000e+00
3.509177966516986436e-01 -7.691348248793963838e-02 0.000000000000000000e+00
3.401154525823823493e-01 -7.689674963055341539e-02 0.000000000000000000e+00
3.293851964236907959e-01 -7.676533001247518029e-02 0.000000000000000000e+00
3.187323625656880433e-01 -7.651538015186806763e-02 0.000000000000000000e+00
3.081622853984387067e-01 -7.614305656689526747e-02 0.000000000000000000e+00
2.976802993120073459e-01 -7.564451577572001151e-02 0.000000000000000000e+00
2.872901337219929685e-01 -7.501685512404346334e-02 0.000000000000000000e+00
2.769768602158403925e-01 -7.426810907769688941e-02 0.000000000000000000e+00
2.667135130725063474e-01 -7.341336830904682254e-02 0.000000000000000000e+00
2.564729259491396185e-01 -7.246784109390221051e-02 0.000000000000000000e+00
2.462279325028893517e-01 -7.144673570807190399e-02 0.000000000000000000e+00
2.359513663909041659e-01 -7.036526042736473974e-02 0.000000000000000000e+00
2.256160612703330404e-01 -6.923862352758966554e-02 0.000000000000000000e+00
2.151948507983247605e-01 -6.808203328455550429e-02 0.000000000000000000e+00
2.046605686320281392e-01 -6.691069797407113440e-02 0.000000000000000000e+00
1.939860484285923781e-01 -6.573982587194548977e-02 0.000000000000000000e+00
1.831441238451660125e-01 -6.458462525398736553e-02 0.000000000000000000e+00
1.721110858436774305e-01 -6.345839104049948165e-02 0.000000000000000000e+00
1.609127471859191083e-01 -6.234701159827103767e-02 0.000000000000000000e+00
1.496119431468461991e-01 -6.121588614605946721e-02 0.000000000000000000e+00
1.382723999522336156e-01 -6.002992082903955279e-02 0.000000000000000000e+00
1.269578438278548826e-01 -5.875402179238588263e-02 0.000000000000000000e+00
1.157320009994845245e-01 -5.735309518127323924e-02 0.000000000000000000e+00
1.046585976928967043e-01 -5.579204714087625250e-02 0.000000000000000000e+00
9.380136013386514149e-02 -5.403578381636966327e-02 0.000000000000000000e+00
8.322401454816474864e-02 -5.204921135292817080e-02 0.000000000000000000e+00
7.299028716156912011e-02 -4.979723589572641884e-02 0.000000000000000000e+00
6.316390419985247473e-02 -4.724476358993913438e-02 0.000000000000000000e+00
5.380856811886679247e-02 -4.435945531566353600e-02 0.000000000000000000e+00
4.498755465681344295e-02 -4.115842495432465997e-02 0.000000000000000000e+00
3.676377045253691189e-02 -3.770156191122363970e-02 0.000000000000000000e+00
2.920010997468085526e-02 -3.405016601594181708e-02 0.000000000000000000e+00
2.235946769188914413e-02 -3.026553709806055828e-02 0.000000000000000000e+00
1.630473807280597917e-02 -2.640897498716132316e-02 0.000000000000000000e+00
1.109881558607477871e-02 -2.254177951282539116e-02 0.000000000000000000e+00
6.804594700339752951e-03 -1.872525050463420479e-02 0.000000000000000000e+00
3.484969884244653281e-03 -1.502068779216906257e-02 0.000000000000000000e+00
1.202835606433343401e-03 -1.148939120501139312e-02 0.000000000000000000e+00
2.108633554969631965e-05 -8.192660572742597319e-03 0.000000000000000000e+00
0.000000000000000000e+00 -5.189820111013472223e-03 0.000000000000000000e+00
100
0.000000000000000000e+00 -5.189820111013472223e-03 0.000000000000000000e+00
1.139674102725644206e-03 -2.494754915072451042e-03 0.000000000000000000e+00
3.380025721203122873e-03 -7.591095976565126848e-05 0.000000000000000000e+00
6.658355392671351514e-03 2.100241393991384743e-03 0.000000000000000000e+00
1.091196365436924998e-02 4.067231785283112119e-03 0.000000000000000000e+00
1.607815104353573638e-02 5.858589853193948635e-03 0.000000000000000000e+00
2.209421809740971104e-02 7.507845236808425270e-03 0.000000000000000000e+00
2.889746535323022350e-02 9.048527575210964582e-03 0.000000000000000000e+00
3.642519334823594856e-02 1.051416650748601342e-02 0.000000000000000000e+00
4.461470261966592188e-02 1.193829167271803597e-02 0.000000000000000000e+00
5.340329370475882520e-02 1.335443270999145046e-02 0.000000000000000000e+00
6.272824975096258360e-02 1.479545214008341769e-02 0.000000000000000000e+00
7.252632650595766672e-02 1.627398003635560295e-02 0.000000000000000000e+00
8.273366998786381432e-02 1.777925563651791899e-02 0.000000000000000000e+00
9.328639225036468308e-02 1.929921521283618421e-02 0.000000000000000000e+00
1.041206053471438880e-01 2.082179503757622049e-02 0.000000000000000000e+00
1.151724213318852941e-01 2.233493138300392256e-02 0.000000000000000000e+00
1.263779522582725023e-01 2.382656052138510533e-02 0.000000000000000000e+00
1.376733101799890169e-01 2.528461872498560109e-02 0.000000000000000000e+00
1.489946071507184111e-01 2.669704226607123171e-02 0.000000000000000000e+00
1.602779552241443417e-01 2.805176741690783293e-02 0.000000000000000000e+00
1.714594664539507152e-01 2.933673044976129601e-02 0.000000000000000000e+00
1.824761461561364151e-01 3.054003153727176401e-02 0.000000000000000000e+00
1.933021182116622105e-01 3.165658155772282240e-02 0.000000000000000000e+00
2.039611567814995641e-01 3.269040147871899588e-02 0.000000000000000000e+00
2.144805023010860345e-01 3.364614827777222955e-02 0.000000000000000000e+00
2.248873952058590697e-01 3.452847893239448934e-02 0.000000000000000000e+00
2.352090759312564228e-01 3.534205042009781750e-02 0.000000000000000000e+00
2.454727849127154027e-01 3.609151971839414524e-02 0.000000000000000000e+00
2.557057625856736793e-01 3.678154380479548013e-02 0.000000000000000000e+00
2.659352493855688393e-01 3.741677965681378115e-02 0.000000000000000000e+00
2.761884857478381083e-01 3.800188425196102809e-02 0.000000000000000000e+00
2.864927121079193784e-01 3.854151456774921464e-02 0.000000000000000000e+00
2.968749672355583402e-01 3.904035863452123140e-02 0.000000000000000000e+00
3.073501899589945463e-01 3.950496765247406977e-02 0.000000000000000000e+00
3.179145641971328207e-01 3.994478073507864296e-02 0.000000000000000000e+00
3.285626605433442649e-01 4.036948541845308824e-02 0.000000000000000000e+00
3.392890495909998694e-01 4.078876923871551513e-02 0.000000000000000000e+00
3.500883019334703472e-01 4.121231973198409559e-02 0.000000000000000000e+00
3.609549881641266889e-01 4.164982443437689752e-02 0.000000000000000000e+00
3.718836788763397183e-01 4.211097088201209288e-02 0.000000000000000000e+00
3.828689446634800930e-01 4.260544661100777730e-02 0.000000000000000000e+00
3.939053561189190256e-01 4.314293915748211583e-02 0.000000000000000000e+00
4.049874838360275064e-01 4.373313605755320410e-02 0.000000000000000000e+00
4.161098980067746145e-01 4.438568058065387595e-02 0.000000000000000000e+00
4.272671313579021746e-01 4.510608432087587910e-02 0.000000000000000000e+00
4.384536491710371298e-01 4.589242100677672770e-02 0.000000000000000000e+00
4.496639096727702567e-01 4.674198633565282424e-02 0.000000000000000000e+00
4.608923710896927206e-01 4.765207600480049488e-02 0.000000000000000000e+00
4.721334916483947985e-01 4.861998571151610049e-02 0.000000000000000000e+00
4.833817295754671006e-01 4.964301115309596724e-02 0.000000000000000000e+00
4.946315430975004590e-01 5.071844802683643516e-02 0.000000000000000000e+00
5.058773904410863720e-01 5.184359203003388594e-02 0.000000000000000000e+00
5.171137298328150056e-01 5.301573885998470126e-02 0.000000000000000000e+00
5.283350194992770810e-01 5.423218421398515871e-02 0.000000000000000000e+00
5.395357182081165215e-01 5.549018168983021332e-02 0.000000000000000000e+00
5.507103725804822769e-01 5.678014897877219774e-02 0.000000000000000000e+00
5.618537134661202304e-01 5.807816889183101128e-02 0.000000000000000000e+00
5.729604949124305069e-01 5.935851922390322777e-02 0.000000000000000000e+00
5.840254709668122324e-01 6.059547776988543494e-02 0.000000000000000000e+00
5.950433956766649768e-01 6.176332232467423439e-02 0.000000000000000000e+00
6.060090230893884211e-01 6.283633068316619996e-02 0.000000000000000000e+00
6.169171072523824684e-01 6.378878064025796102e-02 0.000000000000000000e+00
6.277624022130464665e-01 6.459494999084608446e-02 0.000000000000000000e+00
6.385396620187806516e-01 6.522911652982719966e-02 0.000000000000000000e+00
6.492436407169837054e-01 6.566555805209786656e-02 0.000000000000000000e+00
6.598690826985947888e-01 6.587856816189087417e-02 0.000000000000000000e+00
6.704074588142089342e-01 6.584779982840567591e-02 0.000000000000000000e+00
6.808422153951743105e-01 6.556604357921115567e-02 0.000000000000000000e+00
6.911555917151896988e-01 6.502806610889935723e-02 0.000000000000000000e+00
7.013298270479541019e-01 6.422863411206226891e-02 0.000000000000000000e+00
7.113471606671663006e-01 6.316251428329201778e-02 0.000000000000000000e+00
7.211898318465258528e-01 6.182447331718050887e-02 0.000000000000000000e+00
7.308400798597317616e-01 6.020927790831984150e-02 0.000000000000000000e+00
7.402801439804828076e-01 5.831169475130200397e-02 0.000000000000000000e+00
7.494922634824783270e-01 5.612649054071905397e-02 0.000000000000000000e+00
7.584586776394169894e-01 5.364843197116298673e-02 0.000000000000000000e+00
7.671616419176283674e-01 5.087230602031372895e-02 0.000000000000000000e+00
7.755995396430114264e-01 4.781310162130650299e-02 0.000000000000000000e+00
7.838171460266754043e-01 4.454391875384309391e-02 0.000000000000000000e+00
7.918675269063358835e-01 4.114824233858225405e-02 0.000000000000000000e+00
7.998037481197078913e-01 3.770955729618277741e-02 0.000000000000000000e+00
8.076788755045067880e-01 3.431134854730352041e-02 0.000000000000000000e+00
8.155459748984483781e-01 3.103710101260308621e-02 0.000000000000000000e+00
8.234581121392475778e-01 2.797029961274032431e-02 0.000000000000000000e+00
8.314683530646199694e-01 2.519442926837402522e-02 0.000000000000000000e+00
8.396297635122809133e-01 2.279297490016295863e-02 0.000000000000000000e+00
8.479954093199457699e-01 2.084942142876593241e-02 0.000000000000000000e+00
8.566183583950433000e-01 1.944724570038424208e-02 0.000000000000000000e+00
8.655658665303033183e-01 1.861457415580207789e-02 0.000000000000000000e+00
8.749532544725524552e-01 1.819202011180581433e-02 0.000000000000000000e+00
8.849060114705114000e-01 1.798052707601844116e-02 0.000000000000000000e+00
8.955496267729007309e-01 1.778103855606297246e-02 0.000000000000000000e+00
9.070095896284426917e-01 1.739449805956240491e-02 0.000000000000000000e+00
9.194113892858564174e-01 1.662184909413973177e-02 0.000000000000000000e+00
9.328805149938638186e-01 1.526403516741796189e-02 0.000000000000000000e+00
9.475424560011850295e-01 1.312199978702008676e-02 0.000000000000000000e+00
9.635227015565412945e-01 9.996686460569193314e-03 0.000000000000000000e+00
1.000000000000000000e+00 0.000000000000000000e+00 0.000000000000000000e+00
