100
1.000000000000000000e+00 0.000000000000000000e+00 0.000000000000000000e+00
9.809850933176842425e-01 -4.444258343010748145e-04 0.000000000000000000e+00
9.635850912934317281e-01 -1.338591174148437727e-03 0.000000000000000000e+00
9.476181220065953426e-01 -2.587362025855328464e-03 0.000000000000000000e+00
9.329607537429667197e-01 -4.095604395734984797e-03 0.000000000000000000e+00
9.194895547883391584e-01 -5.768184290100648350e-03 0.000000000000000000e+00
9.070810934285045146e-01 -7.509967715265554455e-03 0.000000000000000000e+00
8.956119379492555321e-01 -9.225820677542942785e-03 0.000000000000000000e+00
8.849586566363845108e-01 -1.082060918324605908e-02 0.000000000000000000e+00
8.749978177756844167e-01 -1.219919923868813434e-02 0.000000000000000000e+00
8.656059896529473274e-01 -1.326645685018241344e-02 0.000000000000000000e+00
8.566597405539654320e-01 -1.392724802404212911e-02 0.000000000000000000e+00
8.480453649714519981e-01 -1.411004675715514696e-02 0.000000000000000000e+00
8.396951316914874619e-01 -1.385491840914382378e-02 0.000000000000000000e+00
8.315548802610790435e-01 -1.323486804559202874e-02 0.000000000000000000e+00
8.235704522069238198e-01 -1.232290553729240706e-02 0.000000000000000000e+00
8.156876890557175352e-01 -1.119204075503758312e-02 0.000000000000000000e+00
8.078524323341560454e-01 -9.915283569620203866e-03 0.000000000000000000e+00
8.000105235689357608e-01 -8.565643851832885000e-03 0.000000000000000000e+00
7.921078042867526481e-01 -7.216131472468275201e-03 0.000000000000000000e+00
7.840901160143028958e-01 -5.939756302318997122e-03 0.000000000000000000e+00
7.759033002782828037e-01 -4.809528212177693364e-03 0.000000000000000000e+00
7.674931986053881161e-01 -3.898457072836992651e-03 0.000000000000000000e+00
7.588140694680145515e-01 -3.271854740563457601e-03 0.000000000000000000e+00
7.498672700679099856e-01 -2.951957267683812027e-03 0.000000000000000000e+00
7.406705311965032790e-01 -2.946025662642026872e-03 0.000000000000000000e+00
7.312416000845697317e-01 -3.261305898697459266e-03 0.000000000000000000e+00
7.215982239628853101e-01 -3.905043949109456795e-03 0.000000000000000000e+00
7.117581500622259805e-01 -4.884485787137373553e-03 0.000000000000000000e+00
7.017391256133672650e-01 -6.206877386040561030e-03 0.000000000000000000e+00
6.915588978470850190e-01 -7.879464719078372453e-03 0.000000000000000000e+00
6.812352139941548756e-01 -9.909493759510171890e-03 0.000000000000000000e+00
6.707858212853525792e-01 -1.230421048059528524e-02 0.000000000000000000e+00
6.602284669514538740e-01 -1.507086085559308439e-02 0.000000000000000000e+00
6.495797744407001417e-01 -1.820668458304510948e-02 0.000000000000000000e+00
6.388488962950429340e-01 -2.164239964716887371e-02 0.000000000000000000e+00
6.280419373582003528e-01 -2.528158701514713474e-02 0.000000000000000000e+00
6.171649934836304086e-01 -2.902774760396497483e-02 0.000000000000000000e+00
6.062241605247911114e-01 -3.278438233060744500e-02 0.000000000000000000e+00
5.952255343351399164e-01 -3.645499211205958934e-02 0.000000000000000000e+00
5.841752107681350559e-01 -3.994307786530650745e-02 0.000000000000000000e+00
5.730792856772343180e-01 -4.315214050733317402e-02 0.000000000000000000e+00
5.619438549158956020e-01 -4.598568095512469561e-02 0.000000000000000000e+00
5.507750143375763630e-01 -4.834720012566608160e-02 0.000000000000000000e+00
5.395788597957349442e-01 -5.014019893594244548e-02 0.000000000000000000e+00
5.283613937147378925e-01 -5.128316656941557528e-02 0.000000000000000000e+00
5.171278765339817340e-01 -5.181362438996334197e-02 0.000000000000000000e+00
5.058832148608227719e-01 -5.182585690476779194e-02 0.000000000000000000e+00
4.946323131235145776e-01 -5.141449820157018707e-02 0.000000000000000000e+00
4.833800757503090573e-01 -5.067418236811175453e-02 0.000000000000000000e+00
4.721314071694595049e-01 -4.969954349213378392e-02 0.000000000000000000e+00
4.608912118092187149e-01 -4.858521566137749548e-02 0.000000000000000000e+00
4.496643940978387044e-01 -4.742583296358414413e-02 0.000000000000000000e+00
4.384558584635729894e-01 -4.631602948649501950e-02 0.000000000000000000e+00
4.272705093346736427e-01 -4.535043931785134180e-02 0.000000000000000000e+00
4.161132511393939026e-01 -4.462369654539437985e-02 0.000000000000000000e+00
4.049890436679263184e-01 -4.422064792405266953e-02 0.000000000000000000e+00
3.939033759625488740e-01 -4.413257473262125613e-02 0.000000000000000000e+00
3.828620310608771282e-01 -4.429878336963765512e-02 0.000000000000000000e+00
3.718707951503867903e-01 -4.465802337583251597e-02 0.000000000000000000e+00
3.609354544185531255e-01 -4.514904429193653673e-02 0.000000000000000000e+00
3.500617950528518429e-01 -4.571059565868036689e-02 0.000000000000000000e+00
3.392556032407583189e-01 -4.628142701679467674e-02 0.000000000000000000e+00
3.285226651697483735e-01 -4.680028790701015740e-02 0.000000000000000000e+00
3.178687670272974941e-01 -4.720592787005747915e-02 0.000000000000000000e+00
3.072996950008807793e-01 -4.743709644666728453e-02 0.000000000000000000e+00
2.968212352779744934e-01 -4.743254317757027855e-02 0.000000000000000000e+00
2.864375307525621195e-01 -4.713558992142899418e-02 0.000000000000000000e+00
2.761336210317903994e-01 -4.654271173286413793e-02 0.000000000000000000e+00
2.658822210216195137e-01 -4.568467605098548712e-02 0.000000000000000000e+00
2.556558402163236488e-01 -4.459282185464433917e-02 0.000000000000000000e+00
2.454269881101769635e-01 -4.329848812269198460e-02 0.000000000000000000e+00
2.351681741974534223e-01 -4.183301383397968615e-02 0.000000000000000000e+00
2.248519079724271841e-01 -4.022773796735876206e-02 0.000000000000000000e+00
2.144506989293722687e-01 -3.851399950168048203e-02 0.000000000000000000e+00
2.039370565625625575e-01 -3.672313741579610186e-02 0.000000000000000000e+00
1.932834903662725701e-01 -3.488649068855697449e-02 0.000000000000000000e+00
1.824625098347761043e-01 -3.303539829881432105e-02 0.000000000000000000e+00
1.714501031159646194e-01 -3.120005857732700491e-02 0.000000000000000000e+00
1.602720859544305709e-01 -2.939433142068171093e-02 0.000000000000000000e+00
1.489915252217419994e-01 -2.761986210693622573e-02 0.000000000000000000e+00
1.376723842419022570e-01 -2.587800196802084868e-02 0.000000000000000000e+00
1.263786263389140296e-01 -2.417010233586578197e-02 0.000000000000000000e+00
1.151742148367804058e-01 -2.249751454240133883e-02 0.000000000000000000e+00
1.041231130595041687e-01 -2.086158991955772840e-02 0.000000000000000000e+00
9.328928433108833740e-02 -1.926367979926524310e-02 0.000000000000000000e+00
8.273669197553616683e-02 -1.770513551345415104e-02 0.000000000000000000e+00
7.252929931685005160e-02 -1.618730839405468219e-02 0.000000000000000000e+00
6.273106967903323283e-02 -1.471154977299710467e-02 0.000000000000000000e+00
5.340593011058136774e-02 -1.327822496697973059e-02 0.000000000000000000e+00
4.461715644208091858e-02 -1.186999834725626854e-02 0.000000000000000000e+00
3.642746121803994847e-02 -1.045422344055830545e-02 0.000000000000000000e+00
2.889953840990601777e-02 -8.997748933818588285e-03 0.000000000000000000e+00
2.209608198912719687e-02 -7.467423513969904773e-03 0.000000000000000000e+00
1.607978592715176777e-02 -5.830095867945060857e-03 0.000000000000000000e+00
1.091334419542731339e-02 -4.052614682676791355e-03 0.000000000000000000e+00
6.659450765401890224e-03 -2.101828645097913919e-03 0.000000000000000000e+00
3.380799608523670126e-03 5.541355785883793350e-05 0.000000000000000000e+00
1.140084696240355492e-03 2.452263239260663464e-03 0.000000000000000000e+00
0.000000000000000000e+00 5.121871712174754995e-03 0.000000000000000000e+00
101
0.000000000000000000e+00 5.121871712174754995e-03 0.000000000000000000e+00
2.062425704270939080e-05 8.095578535651699187e-03 0.000000000000000000e+00
1.201885817826831189e-03 1.136305292635880065e-02 0.000000000000000000e+00
3.483562646028959004e-03 1.487229375858000954e-02 0.000000000000000000e+00
6.802817471117741238e-03 1.856948815258264648e-02 0.000000000000000000e+00
1.109681302256216098e-02 2.240082322863402864e-02 0.000000000000000000e+00
1.630271202983063841e-02 2.631248610700137949e-02 0.000000000000000000e+00
2.235767722239217006e-02 3.025066390795218968e-02 0.000000000000000000e+00
2.919887132971550961e-02 3.416154375175371044e-02 0.000000000000000000e+00
3.676345708126918521e-02 3.799131275867323465e-02 0.000000000000000000e+00
4.498859720652195748e-02 4.168615804897810029e-02 0.000000000000000000e+00
5.381145443494248642e-02 4.519226674293554125e-02 0.000000000000000000e+00
6.316917651634175457e-02 4.845684891493739349e-02 0.000000000000000000e+00
7.299845689558587258e-02 5.145813891992846723e-02 0.000000000000000000e+00
8.323546379327789735e-02 5.421023844183945478e-02 0.000000000000000000e+00
9.381633617287589433e-02 5.672924712187514540e-02 0.000000000000000000e+00
1.046772129978381788e-01 5.903126460124034913e-02 0.000000000000000000e+00
1.157542332316236627e-01 6.113239052113997318e-02 0.000000000000000000e+00
1.269835358376900647e-01 6.304872452277883454e-02 0.000000000000000000e+00
1.383012597794956999e-01 6.479636624736172246e-02 0.000000000000000000e+00
1.496435440204989531e-01 6.639141533609346779e-02 0.000000000000000000e+00
1.609465275241578619e-01 6.784997143017887367e-02 0.000000000000000000e+00
1.721463492539312690e-01 6.918813417082286810e-02 0.000000000000000000e+00
1.831800418425207633e-01 7.042189585121716444e-02 0.000000000000000000e+00
1.940217733970721337e-01 7.156278803210659734e-02 0.000000000000000000e+00
2.046953849230856992e-01 7.261637553992723870e-02 0.000000000000000000e+00
2.152281852796003314e-01 7.358780664074968114e-02 0.000000000000000000e+00
2.256474833256547630e-01 7.448222960064468379e-02 0.000000000000000000e+00
2.359805879202884205e-01 7.530479268568297802e-02 0.000000000000000000e+00
2.462548079225398145e-01 7.606064416193517030e-02 0.000000000000000000e+00
2.564974521914481498e-01 7.675493229547203367e-02 0.000000000000000000e+00
2.667358295860523532e-01 7.739280535236424396e-02 0.000000000000000000e+00
2.769972489653911296e-01 7.797941159868247707e-02 0.000000000000000000e+00
2.873090191885036004e-01 7.851989930049743660e-02 0.000000000000000000e+00
2.976982474073529006e-01 7.901937933309789719e-02 0.000000000000000000e+00
3.081799383493445954e-01 7.948071912485669965e-02 0.000000000000000000e+00
3.187503379838200201e-01 7.990330876142694161e-02 0.000000000000000000e+00
3.294040786235135077e-01 8.028623920220630261e-02 0.000000000000000000e+00
3.401357925811591687e-01 8.062860140659243446e-02 0.000000000000000000e+00
3.509401121694910031e-01 8.092948633398304448e-02 0.000000000000000000e+00
3.618116697012429550e-01 8.118798494377574282e-02 0.000000000000000000e+00
3.727450974891494129e-01 8.140318819536823680e-02 0.000000000000000000e+00
3.837350278459437103e-01 8.157418704815816435e-02 0.000000000000000000e+00
3.947760930843607352e-01 8.170007246154321889e-02 0.000000000000000000e+00
4.058629255171340988e-01 8.177993539492103836e-02 0.000000000000000000e+00
4.169901567551946298e-01 8.181286831372239221e-02 0.000000000000000000e+00
4.281523529059554911e-01 8.179810425048104905e-02 0.000000000000000000e+00
4.393439621570238152e-01 8.173512928743208172e-02 0.000000000000000000e+00
4.505594203611117954e-01 8.162345597684789178e-02 0.000000000000000000e+00
4.617931633709310701e-01 8.146259687100089464e-02 0.000000000000000000e+00
4.730396270391930003e-01 8.125206452216351960e-02 0.000000000000000000e+00
4.842932472186090576e-01 8.099137148260809882e-02 0.000000000000000000e+00
4.955484597618912135e-01 8.068003030460707548e-02 0.000000000000000000e+00
5.067997005217513840e-01 8.031755354043282336e-02 0.000000000000000000e+00
5.180414053509009298e-01 7.990345374235781339e-02 0.000000000000000000e+00
5.292680101020513783e-01 7.943724346265436387e-02 0.000000000000000000e+00
5.404739509027256528e-01 7.891843949059478003e-02 0.000000000000000000e+00
5.516537085028822007e-01 7.834724659830577531e-02 0.000000000000000000e+00
5.628018572256252572e-01 7.772531225637081820e-02 0.000000000000000000e+00
5.739129831765807932e-01 7.705446559674301865e-02 0.000000000000000000e+00
5.849816724613741137e-01 7.633653575137544500e-02 0.000000000000000000e+00
5.960025111856309676e-01 7.557335185222115170e-02 0.000000000000000000e+00
6.069700854549769931e-01 7.476674303123327647e-02 0.000000000000000000e+00
6.178789813750378279e-01 7.391853842036481825e-02 0.000000000000000000e+00
6.287237850514393322e-01 7.303056715156888701e-02 0.000000000000000000e+00
6.394990825898072551e-01 7.210465835679856494e-02 0.000000000000000000e+00
6.501994600957669013e-01 7.114264116800690652e-02 0.000000000000000000e+00
6.608194941414626822e-01 7.014634644307435329e-02 0.000000000000000000e+00
6.713505294488989472e-01 6.911819012923374472e-02 0.000000000000000000e+00
6.817759884171696871e-01 6.806202241929899810e-02 0.000000000000000000e+00
6.920781017602137819e-01 6.698190924699577720e-02 0.000000000000000000e+00
7.022391001919696674e-01 6.588191654604969028e-02 0.000000000000000000e+00
7.122412144263761125e-01 6.476611025018640111e-02 0.000000000000000000e+00
7.220666751773722192e-01 6.363855629313144857e-02 0.000000000000000000e+00
7.316977131588972005e-01 6.250332060861055195e-02 0.000000000000000000e+00
7.411165590848891593e-01 6.136446913034925704e-02 0.000000000000000000e+00
7.503054436692874196e-01 6.022606779207324845e-02 0.000000000000000000e+00
7.592465976260306393e-01 5.909218252750812056e-02 0.000000000000000000e+00
7.679222679501227500e-01 5.796687148369061848e-02 0.000000000000000000e+00
7.763309175774020243e-01 5.684643726547787546e-02 0.000000000000000000e+00
7.845176546952039587e-01 5.570487361392775089e-02 0.000000000000000000e+00
7.925359233961919436e-01 5.451218748536322545e-02 0.000000000000000000e+00
8.004391677730302579e-01 5.323838583610729369e-02 0.000000000000000000e+00
8.082808319183819590e-01 5.185347562248299180e-02 0.000000000000000000e+00
8.161143599249113256e-01 5.032746380081322413e-02 0.000000000000000000e+00
8.239931958852816374e-01 4.863035732742100603e-02 0.000000000000000000e+00
8.319707838921568399e-01 4.673216315862934594e-02 0.000000000000000000e+00
8.401005680382007679e-01 4.460288825076121760e-02 0.000000000000000000e+00
8.484359924160770339e-01 4.221253956013967801e-02 0.000000000000000000e+00
8.570305031470877299e-01 3.953112629581835569e-02 0.000000000000000000e+00
8.659514526698849357e-01 3.654410013612906238e-02 0.000000000000000000e+00
8.753133044964661602e-01 3.328922792556604504e-02 0.000000000000000000e+00
8.852404888400895455e-01 2.981534417478878124e-02 0.000000000000000000e+00
8.958574359140126786e-01 2.617128339445689428e-02 0.000000000000000000e+00
9.072885759314950338e-01 2.240588009522973337e-02 0.000000000000000000e+00
9.196583391057929768e-01 1.856796878776686283e-02 0.000000000000000000e+00
9.330911556501657600e-01 1.470638398272781228e-02 0.000000000000000000e+00
9.477114557778705262e-01 1.086996019077208012e-02 0.000000000000000000e+00
9.636436697021657505e-01 7.107531922559264491e-03 0.000000000000000000e+00
1.000000000000000000e+00 0.000000000000000000e+00 0.000000000000000000e+00
