100
1.000000000000000000e+00 0.000000000000000000e+00 0.000000000000000000e+00
9.809730525825516301e-01 -2.188055653568021699e-03 0.000000000000000000e+00
9.635643188088492961e-01 -4.342004875846833430e-03 0.000000000000000000e+00
9.475915609211011947e-01 -6.426178402630006864e-03 0.000000000000000000e+00
9.329309346862442176e-01 -8.404906969711111939e-03 0.000000000000000000e+00
9.194585958712169216e-01 -1.024252131288371989e-02 0.000000000000000000e+00
9.070507002429560872e-01 -1.190335216794139415e-02 0.000000000000000000e+00
8.955834035683997163e-01 -1.335173027067771030e-02 0.000000000000000000e+00
8.849328616144851445e-01 -1.455198635688624044e-02 0.000000000000000000e+00
8.749752301481505956e-01 -1.546845116236054973e-02 0.000000000000000000e+00
8.655866649363334053e-01 -1.606545542289421549e-02 0.000000000000000000e+00
8.566433217459706873e-01 -1.630732987428079248e-02 0.000000000000000000e+00
8.480311547226173641e-01 -1.617161236253739781e-02 0.000000000000000000e+00
8.396824334497714482e-01 -1.569826872487210465e-02 0.000000000000000000e+00
8.315430989714259757e-01 -1.494569238664324520e-02 0.000000000000000000e+00
8.235590943259537555e-01 -1.397227946140584300e-02 0.000000000000000000e+00
8.156763625517263749e-01 -1.283642606271490245e-02 0.000000000000000000e+00
8.078408466871156435e-01 -1.159652830412545230e-02 0.000000000000000000e+00
7.999984897704934816e-01 -1.031098229919248828e-02 0.000000000000000000e+00
7.920952348402316989e-01 -9.038184161471039119e-03 0.000000000000000000e+00
7.840770249347022158e-01 -7.836530004516110981e-03 0.000000000000000000e+00
7.758898030922772859e-01 -6.764415941882724777e-03 0.000000000000000000e+00
7.674795123513281636e-01 -5.880238087125887539e-03 0.000000000000000000e+00
7.588004973533362119e-01 -5.236904585093572241e-03 0.000000000000000000e+00
7.498541156165552390e-01 -4.856614536989812408e-03 0.000000000000000000e+00
7.406580684027866956e-01 -4.750891229893216584e-03 0.000000000000000000e+00
7.312300733832134414e-01 -4.931247232193514130e-03 0.000000000000000000e+00
7.215878482290184470e-01 -5.409195112280430068e-03 0.000000000000000000e+00
7.117491106113845722e-01 -6.196247438543692893e-03 0.000000000000000000e+00
7.017315782014948988e-01 -7.303916779373029362e-03 0.000000000000000000e+00
6.915529686705322865e-01 -8.743715703158166236e-03 0.000000000000000000e+00
6.812309996896790398e-01 -1.052715677828884588e-02 0.000000000000000000e+00
6.707833889301183516e-01 -1.266575257315476905e-02 0.000000000000000000e+00
6.602278540630334147e-01 -1.517101565614568069e-02 0.000000000000000000e+00
6.495809890053658719e-01 -1.804444432254653438e-02 0.000000000000000000e+00
6.388519169558641853e-01 -2.122096198004178036e-02 0.000000000000000000e+00
6.280467134917758765e-01 -2.460833332765567302e-02 0.000000000000000000e+00
6.171714452003143059e-01 -2.811424295022769276e-02 0.000000000000000000e+00
6.062321786686929448e-01 -3.164637543259730262e-02 0.000000000000000000e+00
5.952349804841249314e-01 -3.511241535960394483e-02 0.000000000000000000e+00
5.841859172338238482e-01 -3.842004731608712059e-02 0.000000000000000000e+00
5.730910555050028332e-01 -4.147695588688622703e-02 0.000000000000000000e+00
5.619564618848758020e-01 -4.419082565684074454e-02 0.000000000000000000e+00
5.507882029606552265e-01 -4.646934121079011187e-02 0.000000000000000000e+00
5.395923453195552444e-01 -4.822018713357383024e-02 0.000000000000000000e+00
5.283748665495875407e-01 -4.936540316643860116e-02 0.000000000000000000e+00
5.171410374346064875e-01 -4.994103326653042546e-02 0.000000000000000000e+00
5.058957917031821072e-01 -5.003748683756395477e-02 0.000000000000000000e+00
4.946440610081001554e-01 -4.974550809739750751e-02 0.000000000000000000e+00
4.833907770021463879e-01 -4.915584126388933273e-02 0.000000000000000000e+00
4.721408713381072819e-01 -4.835923055489774192e-02 0.000000000000000000e+00
4.608992756687690928e-01 -4.744642018828101188e-02 0.000000000000000000e+00
4.496709216469171877e-01 -4.650815438189739859e-02 0.000000000000000000e+00
4.384607409253383214e-01 -4.563517735360523436e-02 0.000000000000000000e+00
4.272736651568180277e-01 -4.491823332126276130e-02 0.000000000000000000e+00
4.161146259941430059e-01 -4.444806650272829784e-02 0.000000000000000000e+00
4.049886107727727613e-01 -4.430558369137500840e-02 0.000000000000000000e+00
3.939011391464231071e-01 -4.447764733535070764e-02 0.000000000000000000e+00
3.828580264673800970e-01 -4.489887899456124210e-02 0.000000000000000000e+00
3.718650912560383937e-01 -4.550334052110156791e-02 0.000000000000000000e+00
3.609281520327925485e-01 -4.622509376706656486e-02 0.000000000000000000e+00
3.500530273180369467e-01 -4.699820058455120991e-02 0.000000000000000000e+00
3.392455356321663618e-01 -4.775672282565038979e-02 0.000000000000000000e+00
3.285114954955754007e-01 -4.843472234245906755e-02 0.000000000000000000e+00
3.178567254286586707e-01 -4.896626098707216462e-02 0.000000000000000000e+00
3.072870439518106123e-01 -4.928540061158456775e-02 0.000000000000000000e+00
2.968082695854259989e-01 -4.932620306809126082e-02 0.000000000000000000e+00
2.864245737073127240e-01 -4.902785950959104300e-02 0.000000000000000000e+00
2.761209796627097091e-01 -4.838918921209067053e-02 0.000000000000000000e+00
2.658701572274563829e-01 -4.744748120837614935e-02 0.000000000000000000e+00
2.556445702845687173e-01 -4.624066569384650133e-02 0.000000000000000000e+00
2.454166827170631282e-01 -4.480667286390074833e-02 0.000000000000000000e+00
2.351589584079555040e-01 -4.318343291393789141e-02 0.000000000000000000e+00
2.248438612402619552e-01 -4.140887603935695938e-02 0.000000000000000000e+00
2.144438550969986756e-01 -3.952093243555693941e-02 0.000000000000000000e+00
2.039314038611816093e-01 -3.755753229793685338e-02 0.000000000000000000e+00
1.932789714158272554e-01 -3.555660582189575786e-02 0.000000000000000000e+00
1.824590216439513912e-01 -3.355608320283259838e-02 0.000000000000000000e+00
1.714474993931731639e-01 -3.159242021119196275e-02 0.000000000000000000e+00
1.602702102099500814e-01 -2.968095322466299951e-02 0.000000000000000000e+00
1.489902355148824686e-01 -2.782122975626449488e-02 0.000000000000000000e+00
1.376715537765497988e-01 -2.601241735826441415e-02 0.000000000000000000e+00
1.263781434635305734e-01 -2.425368358293060814e-02 0.000000000000000000e+00
1.151739830444036689e-01 -2.254419598253105256e-02 0.000000000000000000e+00
1.041230509877479476e-01 -2.088312210933361904e-02 0.000000000000000000e+00
9.328932576214223060e-02 -1.926962951560624859e-02 0.000000000000000000e+00
8.273678583616565774e-02 -1.770288575361687183e-02 0.000000000000000000e+00
7.252940967839671682e-02 -1.618205837563337773e-02 0.000000000000000000e+00
6.273117575741443686e-02 -1.470631493392370037e-02 0.000000000000000000e+00
5.340602582620238015e-02 -1.327390005856675381e-02 0.000000000000000000e+00
4.461724251937745217e-02 -1.186649008050400488e-02 0.000000000000000000e+00
3.642753835179315253e-02 -1.045143019492581447e-02 0.000000000000000000e+00
2.889960703991763941e-02 -8.995593060861697271e-03 0.000000000000000000e+00
2.209614230021982387e-02 -7.465851337341205228e-03 0.000000000000000000e+00
1.607983784916819023e-02 -5.829077683393904183e-03 0.000000000000000000e+00
1.091338740323108229e-02 -4.052144758049300993e-03 0.000000000000000000e+00
6.659484678877091932e-03 -2.101925220336977543e-03 0.000000000000000000e+00
3.380823392575031325e-03 5.470827071357015070e-05 0.000000000000000000e+00
1.140097260793138676e-03 2.450883056072773649e-03 0.000000000000000000e+00
0.000000000000000000e+00 5.119726476711061042e-03 0.000000000000000000e+00
101
0.000000000000000000e+00 5.119726476711061042e-03 0.000000000000000000e+00
2.061010506666347645e-05 8.092555236523395895e-03 0.000000000000000000e+00
1.201855974118971838e-03 1.135904138666776753e-02 0.000000000000000000e+00
3.483515908537555047e-03 1.486721232556511944e-02 0.000000000000000000e+00
6.802752988105512794e-03 1.856328481456090071e-02 0.000000000000000000e+00
1.109673029260628205e-02 2.239347561500057079e-02 0.000000000000000000e+00
1.630261090182261174e-02 2.630400148822947815e-02 0.000000000000000000e+00
2.235755789553795295e-02 3.024107919559325397e-02 0.000000000000000000e+00
2.919873435353527794e-02 3.415092549843728315e-02 0.000000000000000000e+00
3.676330335559791634e-02 3.797975715810699565e-02 0.000000000000000000e+00
4.498842798150873984e-02 4.167379093594784922e-02 0.000000000000000000e+00
5.381127131105083172e-02 4.517924359330522527e-02 0.000000000000000000e+00
6.316898143490956574e-02 4.844335388420294847e-02 0.000000000000000000e+00
7.299825185252388493e-02 5.144435568435882372e-02 0.000000000000000000e+00
8.323525050807563386e-02 5.419631648777094302e-02 0.000000000000000000e+00
9.381611607016389354e-02 5.671529986788702987e-02 0.000000000000000000e+00
1.046769872073877311e-01 5.901736939815477312e-02 0.000000000000000000e+00
1.157540025883468660e-01 6.111858865202197955e-02 0.000000000000000000e+00
1.269833008816400877e-01 6.303502120293637268e-02 0.000000000000000000e+00
1.383010207558665050e-01 6.478273062434564133e-02 0.000000000000000000e+00
1.496433008796254904e-01 6.637778048969750211e-02 0.000000000000000000e+00
1.609462799215160000e-01 6.783623437243969934e-02 0.000000000000000000e+00
1.721460965501376561e-01 6.917415584602001899e-02 0.000000000000000000e+00
1.831797831093549545e-01 7.040750196015195528e-02 0.000000000000000000e+00
1.940215076677025974e-01 7.154780328413205825e-02 0.000000000000000000e+00
2.046951115267766075e-01 7.260066946891327588e-02 0.000000000000000000e+00
2.152279038650787013e-01 7.357129680366963909e-02 0.000000000000000000e+00
2.256471938611104289e-01 7.446488157757513715e-02 0.000000000000000000e+00
2.359802906933739508e-01 7.528662007980384263e-02 0.000000000000000000e+00
2.462545035403704563e-01 7.604170859952971706e-02 0.000000000000000000e+00
2.564971415806019395e-01 7.673534342592684687e-02 0.000000000000000000e+00
2.667355139925700058e-01 7.737272084816922135e-02 0.000000000000000000e+00
2.769969299547762054e-01 7.795903715543082979e-02 0.000000000000000000e+00
2.873086986457225600e-01 7.849948863688574474e-02 0.000000000000000000e+00
2.976979275342246378e-01 7.899923380034828968e-02 0.000000000000000000e+00
3.081796215079400936e-01 7.946116427205264510e-02 0.000000000000000000e+00
3.187500264537302952e-01 7.988465801178373793e-02 0.000000000000000000e+00
3.294037745809700324e-01 8.026879072844908536e-02 0.000000000000000000e+00
3.401354980990335952e-01 8.061263813095624620e-02 0.000000000000000000e+00
3.509398292172948852e-01 8.091527592821277926e-02 0.000000000000000000e+00
3.618114001451284700e-01 8.117577982912621559e-02 0.000000000000000000e+00
3.727448430919084177e-01 8.139322554260415565e-02 0.000000000000000000e+00
3.837347902670087962e-01 8.156668877755406111e-02 0.000000000000000000e+00
3.947758738798042288e-01 8.169524524288354628e-02 0.000000000000000000e+00
4.058627261396688390e-01 8.177797064750015610e-02 0.000000000000000000e+00
4.169899785516703039e-01 8.181394184584932228e-02 0.000000000000000000e+00
4.281521968837058156e-01 8.180234261230391601e-02 0.000000000000000000e+00
4.393438285632449425e-01 8.174254919910034500e-02 0.000000000000000000e+00
4.505593086388629542e-01 8.163395799244954620e-02 0.000000000000000000e+00
4.617930721591345100e-01 8.147596537856244270e-02 0.000000000000000000e+00
4.730395541726341024e-01 8.126796774364999920e-02 0.000000000000000000e+00
4.842931897279367792e-01 8.100936147392306941e-02 0.000000000000000000e+00
4.955484138736172550e-01 8.069954295559257640e-02 0.000000000000000000e+00
5.067996616582506331e-01 8.033790857486948489e-02 0.000000000000000000e+00
5.180413681304115725e-01 7.992385471796474572e-02 0.000000000000000000e+00
5.292679683386749545e-01 7.945677777108924034e-02 0.000000000000000000e+00
5.404738976101254311e-01 7.893607889263544453e-02 0.000000000000000000e+00
5.516536364948821936e-01 7.836193412397694791e-02 0.000000000000000000e+00
5.628017603756628739e-01 7.773614443430910959e-02 0.000000000000000000e+00
5.739128565762955381e-01 7.706071540011170951e-02 0.000000000000000000e+00
5.849815124206065864e-01 7.633765259786461088e-02 0.000000000000000000e+00
5.960023152324231965e-01 7.556896160404760754e-02 0.000000000000000000e+00
6.069698523355727682e-01 7.475664799514047942e-02 0.000000000000000000e+00
6.178787110538824789e-01 7.390271734762304812e-02 0.000000000000000000e+00
6.287234787111793954e-01 7.300917523797509356e-02 0.000000000000000000e+00
6.394987426312911394e-01 7.207802724267650674e-02 0.000000000000000000e+00
6.501990901380441112e-01 7.111127893820702595e-02 0.000000000000000000e+00
6.608190990206386228e-01 7.011093746237442859e-02 0.000000000000000000e+00
6.713501148296435739e-01 6.907953924315010652e-02 0.000000000000000000e+00
6.817755598403993922e-01 6.802091817200417445e-02 0.000000000000000000e+00
6.920776644998427596e-01 6.693910330639629702e-02 0.000000000000000000e+00
7.022386592549101358e-01 6.583812370378611112e-02 0.000000000000000000e+00
7.122407745525377587e-01 6.472200842163332302e-02 0.000000000000000000e+00
7.220662408396630871e-01 6.359478651739752797e-02 0.000000000000000000e+00
7.316972885632221368e-01 6.246048704853843919e-02 0.000000000000000000e+00
7.411161481701515896e-01 6.132313907251569357e-02 0.000000000000000000e+00
7.503050501073882383e-01 6.018677164678896269e-02 0.000000000000000000e+00
7.592462248218684318e-01 5.905541382881789036e-02 0.000000000000000000e+00
7.679219190286487029e-01 5.793308501902912772e-02 0.000000000000000000e+00
7.763305824900400554e-01 5.681418621291373094e-02 0.000000000000000000e+00
7.845172731313914127e-01 5.566545100622381087e-02 0.000000000000000000e+00
7.925353781553549082e-01 5.444866859378079404e-02 0.000000000000000000e+00
8.004382847645831189e-01 5.312562817040607926e-02 0.000000000000000000e+00
8.082793801617284002e-01 5.165811893092111390e-02 0.000000000000000000e+00
8.161120515494429961e-01 5.000793007014722735e-02 0.000000000000000000e+00
8.239896861303790399e-01 4.813685078290587394e-02 0.000000000000000000e+00
8.319656711071891086e-01 4.600667026401845244e-02 0.000000000000000000e+00
8.400933936825257797e-01 4.357917770830638943e-02 0.000000000000000000e+00
8.484262410590409642e-01 4.081616231059114613e-02 0.000000000000000000e+00
8.570176024809225135e-01 3.767941737953576370e-02 0.000000000000000000e+00
8.659348619164892735e-01 3.415893660903628754e-02 0.000000000000000000e+00
8.752928139071438629e-01 3.034024944007285979e-02 0.000000000000000000e+00
8.852162830569666463e-01 2.632909661816956390e-02 0.000000000000000000e+00
8.958300939700377663e-01 2.223121888885060127e-02 0.000000000000000000e+00
9.072590712504390309e-01 1.815235699763988533e-02 0.000000000000000000e+00
9.196280395022496945e-01 1.419825169006158801e-02 0.000000000000000000e+00
9.330618233295510100e-01 1.047464371163982569e-02 0.000000000000000000e+00
9.476852473364228979e-01 7.087273807898683553e-03 0.000000000000000000e+00
9.636231361269465001e-01 4.141882724362321369e-03 0.000000000000000000e+00
1.000000000000000000e+00 0.000000000000000000e+00 0.000000000000000000e+00
