100
1.000000000000000000e+00 0.000000000000000000e+00 0.000000000000000000e+00
9.810035625548755300e-01 2.227012425313254669e-03 0.000000000000000000e+00
9.636169431641008476e-01 3.261705182872655113e-03 0.000000000000000000e+00
9.476587947886876417e-01 3.284696725236090076e-03 0.000000000000000000e+00
9.330062793786484399e-01 2.476605504961440496e-03 0.000000000000000000e+00
9.195365588839968796e-01 1.018049974606592516e-03 0.000000000000000000e+00
9.071267952547455993e-01 -9.103514132705656627e-04 0.000000000000000000e+00
8.956541504409081256e-01 -3.127980206112157980e-03 0.000000000000000000e+00
8.849957863924972079e-01 -5.454217951360291680e-03 0.000000000000000000e+00
8.750288650595264839e-01 -7.708446196457085717e-03 0.000000000000000000e+00
8.656305483920089250e-01 -9.710046488844657417e-03 0.000000000000000000e+00
8.566779983399573917e-01 -1.127840037596511066e-02 0.000000000000000000e+00
8.480580125763890198e-01 -1.226952096351161328e-02 0.000000000000000000e+00
8.397029353640467209e-01 -1.271257313353879766e-02 0.000000000000000000e+00
8.315585554763968990e-01 -1.268783296936544340e-02 0.000000000000000000e+00
8.235706636481784360e-01 -1.227558401035723154e-02 0.000000000000000000e+00
8.156850506141294366e-01 -1.155610979587982402e-02 0.000000000000000000e+00
8.078475071089875614e-01 -1.060969386529888626e-02 0.000000000000000000e+00
8.000038238674912483e-01 -9.516619757980080210e-03 0.000000000000000000e+00
7.920997916243784909e-01 -8.357171013289078215e-03 0.000000000000000000e+00
7.840812011143871718e-01 -7.211631170591536154e-03 0.000000000000000000e+00
7.758938430722559509e-01 -6.160283769253128983e-03 0.000000000000000000e+00
7.674835082327223779e-01 -5.283412348639515178e-03 0.000000000000000000e+00
7.588044063222098012e-01 -4.653312372476350704e-03 0.000000000000000000e+00
7.498578572452219149e-01 -4.297580404667708694e-03 0.000000000000000000e+00
7.406615584760244397e-01 -4.228273705724195503e-03 0.000000000000000000e+00
7.312332239322263394e-01 -4.457433934446187324e-03 0.000000000000000000e+00
7.215905675314365775e-01 -4.997102749634055145e-03 0.000000000000000000e+00
7.117513031912640065e-01 -5.859321810088170823e-03 0.000000000000000000e+00
7.017331448293177010e-01 -7.056132774608912285e-03 0.000000000000000000e+00
6.915538063632067356e-01 -8.599577301996648784e-03 0.000000000000000000e+00
6.812310017105395188e-01 -1.050169705105176779e-02 0.000000000000000000e+00
6.707824447889253472e-01 -1.277453368057461860e-02 0.000000000000000000e+00
6.602258495159734064e-01 -1.543012884936558957e-02 0.000000000000000000e+00
6.495778102338994886e-01 -1.846991794377272553e-02 0.000000000000000000e+00
6.388474783477081642e-01 -2.182482585088101404e-02 0.000000000000000000e+00
6.280409689739387957e-01 -2.539701324688467196e-02 0.000000000000000000e+00
6.171643882725279529e-01 -2.908855595779836350e-02 0.000000000000000000e+00
6.062238424034122053e-01 -3.280152980963672860e-02 0.000000000000000000e+00
5.952254375265269015e-01 -3.643801062841441063e-02 0.000000000000000000e+00
5.841752798018088333e-01 -3.990007424014607035e-02 0.000000000000000000e+00
5.730794753891942372e-01 -4.308979647084629910e-02 0.000000000000000000e+00
5.619441304486193500e-01 -4.590925314652977846e-02 0.000000000000000000e+00
5.507753511400200752e-01 -4.826052009321109976e-02 0.000000000000000000e+00
5.395792436233329825e-01 -5.004567313690496538e-02 0.000000000000000000e+00
5.283618165841714731e-01 -5.118234994225617784e-02 0.000000000000000000e+00
5.171283045971988290e-01 -5.171177548711255317e-02 0.000000000000000000e+00
5.058835730850504975e-01 -5.173411010903218588e-02 0.000000000000000000e+00
4.946324851969094993e-01 -5.134987710390856441e-02 0.000000000000000000e+00
4.833799040819568016e-01 -5.065959976763515643e-02 0.000000000000000000e+00
4.721306928893752586e-01 -4.976380139610545733e-02 0.000000000000000000e+00
4.608897147683470585e-01 -4.876300528521292088e-02 0.000000000000000000e+00
4.496618328680537235e-01 -4.775773473085101473e-02 0.000000000000000000e+00
4.384519103376782190e-01 -4.684851302891328284e-02 0.000000000000000000e+00
4.272648103264019559e-01 -4.613586347529313736e-02 0.000000000000000000e+00
4.161053959834074001e-01 -4.572030936588409450e-02 0.000000000000000000e+00
4.049785961369837817e-01 -4.569110609961704594e-02 0.000000000000000000e+00
3.938899674981191645e-01 -4.602978962166563021e-02 0.000000000000000000e+00
3.828454155616633492e-01 -4.665805857458067696e-02 0.000000000000000000e+00
3.718508495593295105e-01 -4.749697050527339898e-02 0.000000000000000000e+00
3.609121787228303235e-01 -4.846758296065495353e-02 0.000000000000000000e+00
3.500353122838785747e-01 -4.949095348763655339e-02 0.000000000000000000e+00
3.392261594741875497e-01 -5.048813963312937664e-02 0.000000000000000000e+00
3.284906295254699793e-01 -5.138019894404462218e-02 0.000000000000000000e+00
3.178346316694390383e-01 -5.208818896729346809e-02 0.000000000000000000e+00
3.072640751378070689e-01 -5.253316724978709246e-02 0.000000000000000000e+00
2.967848691622878010e-01 -5.263619133843672193e-02 0.000000000000000000e+00
2.864012675722157897e-01 -5.232463309203872620e-02 0.000000000000000000e+00
2.760982801442869450e-01 -5.159926824505535470e-02 0.000000000000000000e+00
2.658485011373635798e-01 -5.050822987108801593e-02 0.000000000000000000e+00
2.556243178850117204e-01 -4.910044033272381592e-02 0.000000000000000000e+00
2.453981177207969766e-01 -4.742482199254983294e-02 0.000000000000000000e+00
2.351422879782849862e-01 -4.553029721315314526e-02 0.000000000000000000e+00
2.248292159910414700e-01 -4.346578835712086586e-02 0.000000000000000000e+00
2.144312890926321213e-01 -4.128021778704005218e-02 0.000000000000000000e+00
2.039208946166225500e-01 -3.902250786549778250e-02 0.000000000000000000e+00
1.932704198965787268e-01 -3.674158095508121141e-02 0.000000000000000000e+00
1.824522522660660673e-01 -3.448635941837733393e-02 0.000000000000000000e+00
1.714422639100003642e-01 -3.230373260181033934e-02 0.000000000000000000e+00
1.602662433851863300e-01 -3.021146930098006153e-02 0.000000000000000000e+00
1.489872967437623763e-01 -2.820556777852557123e-02 0.000000000000000000e+00
1.376694280874641851e-01 -2.628150238683512122e-02 0.000000000000000000e+00
1.263766415180267166e-01 -2.443474747829685670e-02 0.000000000000000000e+00
1.151729411371851253e-01 -2.266077740529904433e-02 0.000000000000000000e+00
1.041223310466747598e-01 -2.095506652022983279e-02 0.000000000000000000e+00
9.328881534823052490e-02 -1.931308917547745752e-02 0.000000000000000000e+00
8.273639814358801914e-02 -1.773031972343014004e-02 0.000000000000000000e+00
7.252908353448214718e-02 -1.620223251647604987e-02 0.000000000000000000e+00
6.273087562264811901e-02 -1.472430190700340855e-02 0.000000000000000000e+00
5.340574106942069105e-02 -1.329118470142266230e-02 0.000000000000000000e+00
4.461697440605981446e-02 -1.188286112075093159e-02 0.000000000000000000e+00
3.642728878928343239e-02 -1.046661653206231932e-02 0.000000000000000000e+00
2.889937820632374962e-02 -9.009317718890247004e-03 0.000000000000000000e+00
2.209593664441324504e-02 -7.477831464768163947e-03 0.000000000000000000e+00
1.607965809078448771e-02 -5.839024553229540254e-03 0.000000000000000000e+00
1.091323653266971193e-02 -4.059763767807780983e-03 0.000000000000000000e+00
6.659365957301379216e-03 -2.106915892036368820e-03 0.000000000000000000e+00
3.380740351912066028e-03 5.265229055129681812e-05 0.000000000000000000e+00
1.140053703734234978e-03 2.452073996421750158e-03 0.000000000000000000e+00
0.000000000000000000e+00 5.124482442041515887e-03 0.000000000000000000e+00
101
0.000000000000000000e+00 5.124482442041515887e-03 0.000000000000000000e+00
2.065797639672708691e-05 8.101197708251284962e-03 0.000000000000000000e+00
1.201955583068029833e-03 1.137183775649621906e-02 0.000000000000000000e+00
3.483669984613787639e-03 1.488431842882587640e-02 0.000000000000000000e+00
6.802963094089124058e-03 1.858474243166394549e-02 0.000000000000000000e+00
1.109699682454881944e-02 2.241921247143413218e-02 0.000000000000000000e+00
1.630293308904741389e-02 2.633383125456003476e-02 0.000000000000000000e+00
2.235793380064002994e-02 3.027470148746551695e-02 0.000000000000000000e+00
2.919916087238133562e-02 3.418792587657420307e-02 0.000000000000000000e+00
3.676377621732609957e-02 3.801960712830976946e-02 0.000000000000000000e+00
4.498894174852922229e-02 4.171584794909594107e-02 0.000000000000000000e+00
5.381181937904525731e-02 4.522275104535630752e-02 0.000000000000000000e+00
6.316955606341427554e-02 4.848744448763566556e-02 0.000000000000000000e+00
7.299884509245993525e-02 5.148815371770870675e-02 0.000000000000000000e+00
8.323585527406995865e-02 5.423905600684043177e-02 0.000000000000000000e+00
9.381672620028252974e-02 5.675633129059451387e-02 0.000000000000000000e+00
1.046775974631353467e-01 5.905615950453460550e-02 0.000000000000000000e+00
1.157546086546671210e-01 6.115472058422446316e-02 0.000000000000000000e+00
1.269838993669156202e-01 6.306819446522775319e-02 0.000000000000000000e+00
1.383016091919186952e-01 6.481276108310814188e-02 0.000000000000000000e+00
1.496438777217146965e-01 6.640460037342928168e-02 0.000000000000000000e+00
1.609468445483412946e-01 6.785989227175487359e-02 0.000000000000000000e+00
1.721466492638371870e-01 6.919481671364864639e-02 0.000000000000000000e+00
1.831803251250420372e-01 7.042544571711291390e-02 0.000000000000000000e+00
1.940220406786707374e-01 7.156336690072953588e-02 0.000000000000000000e+00
2.046956371229109728e-01 7.261416949151687505e-02 0.000000000000000000e+00
2.152284234922531014e-01 7.358302394601494434e-02 0.000000000000000000e+00
2.256477088211876481e-01 7.447510072076370113e-02 0.000000000000000000e+00
2.359808021442053871e-01 7.529557027230318611e-02 0.000000000000000000e+00
2.462550124957963993e-01 7.604960305717334279e-02 0.000000000000000000e+00
2.564976489104516255e-01 7.674236953191421184e-02 0.000000000000000000e+00
2.667360204226611464e-01 7.737904015306572292e-02 0.000000000000000000e+00
2.769974360669155700e-01 7.796478537716790280e-02 0.000000000000000000e+00
2.873092048777056151e-01 7.850477566076072278e-02 0.000000000000000000e+00
2.976984341790722688e-01 7.900414360592727947e-02 0.000000000000000000e+00
3.081801286680860286e-01 7.946575054733502619e-02 0.000000000000000000e+00
3.187505339700135165e-01 7.988893735515736894e-02 0.000000000000000000e+00
3.294042820265251637e-01 8.027274206391227240e-02 0.000000000000000000e+00
3.401360047792920116e-01 8.061620270811768740e-02 0.000000000000000000e+00
3.509403341699842138e-01 8.091835732229157863e-02 0.000000000000000000e+00
3.618119021402727564e-01 8.117824394095191076e-02 0.000000000000000000e+00
3.727453406318279039e-01 8.139490059861669013e-02 0.000000000000000000e+00
3.837352815863200872e-01 8.156736532980381205e-02 0.000000000000000000e+00
3.947763569454202370e-01 8.169467616903131058e-02 0.000000000000000000e+00
4.058631986507989509e-01 8.177587115081709490e-02 0.000000000000000000e+00
4.169904379441619624e-01 8.180999007968761672e-02 0.000000000000000000e+00
4.281526407352931329e-01 8.179623796567755956e-02 0.000000000000000000e+00
4.393442553230784697e-01 8.173411722272075353e-02 0.000000000000000000e+00
4.505597177038220824e-01 8.162316137441943953e-02 0.000000000000000000e+00
4.617934638738274700e-01 8.146290394437587234e-02 0.000000000000000000e+00
4.730399298293977428e-01 8.125287845619236227e-02 0.000000000000000000e+00
4.842935515668363444e-01 8.099261843347108081e-02 0.000000000000000000e+00
4.955487650824469958e-01 8.068165739981433826e-02 0.000000000000000000e+00
5.068000063725333071e-01 8.031952887882434777e-02 0.000000000000000000e+00
5.180417114333989437e-01 7.990576639410344739e-02 0.000000000000000000e+00
5.292683162613469605e-01 7.943990346925380863e-02 0.000000000000000000e+00
5.404742571260816586e-01 7.892147765902886303e-02 0.000000000000000000e+00
5.516540146907507047e-01 7.835068107635233259e-02 0.000000000000000000e+00
5.628021627114495606e-01 7.772907844111924536e-02 0.000000000000000000e+00
5.739132866663305688e-01 7.705840730883083134e-02 0.000000000000000000e+00
5.849819720335450723e-01 7.634040523498830666e-02 0.000000000000000000e+00
5.960028042912448587e-01 7.557680977509287357e-02 0.000000000000000000e+00
6.069703689175813821e-01 7.476935848464573431e-02 0.000000000000000000e+00
6.178792513907072070e-01 7.391978891914811889e-02 0.000000000000000000e+00
6.287240371887735657e-01 7.302983863410121568e-02 0.000000000000000000e+00
6.394993117899328006e-01 7.210124518500629631e-02 0.000000000000000000e+00
6.501996606723362548e-01 7.113574612736449365e-02 0.000000000000000000e+00
6.608196597837315833e-01 7.013508118486645737e-02 0.000000000000000000e+00
6.713506542648155495e-01 6.910172509739141711e-02 0.000000000000000000e+00
6.817760694903293173e-01 6.803995437016630010e-02 0.000000000000000000e+00
6.920781395344784981e-01 6.695431653208647194e-02 0.000000000000000000e+00
7.022390984714692586e-01 6.584935911204724268e-02 0.000000000000000000e+00
7.122411803755068771e-01 6.472962963894399180e-02 0.000000000000000000e+00
7.220666193207981864e-01 6.359967564167197385e-02 0.000000000000000000e+00
7.316976493815484650e-01 6.246404464912656135e-02 0.000000000000000000e+00
7.411165046319638794e-01 6.132728419020309213e-02 0.000000000000000000e+00
7.503054191462503741e-01 6.019394179379690402e-02 0.000000000000000000e+00
7.592466269986136718e-01 5.906856498880330708e-02 0.000000000000000000e+00
7.679223785618580767e-01 5.795569604878885589e-02 0.000000000000000000e+00
7.763311576126736835e-01 5.685464293979777817e-02 0.000000000000000000e+00
7.845181434118210229e-01 5.574965711075487856e-02 0.000000000000000000e+00
7.925368601023788928e-01 5.462229928222011449e-02 0.000000000000000000e+00
8.004408318274266465e-01 5.345413017475342254e-02 0.000000000000000000e+00
8.082835827300430820e-01 5.222671050891480177e-02 0.000000000000000000e+00
8.161186369533077745e-01 5.092160100526411937e-02 0.000000000000000000e+00
8.239995186402991889e-01 4.952036238436134663e-02 0.000000000000000000e+00
8.319797519340970116e-01 4.800455536676646179e-02 0.000000000000000000e+00
8.401128609777800405e-01 4.635574067303938756e-02 0.000000000000000000e+00
8.484523699144275177e-01 4.455547902374014380e-02 0.000000000000000000e+00
8.570518048962340041e-01 4.258533057759576745e-02 0.000000000000000000e+00
8.659784645626034116e-01 4.042300412950732003e-02 0.000000000000000000e+00
8.753463052437414627e-01 3.803316103132182990e-02 0.000000000000000000e+00
8.852791540546320892e-01 3.537770235035269523e-02 0.000000000000000000e+00
8.959008381102598895e-01 3.241852915391343209e-02 0.000000000000000000e+00
9.073351845256101278e-01 2.911754250931733456e-02 0.000000000000000000e+00
9.197060204156662921e-01 2.543664348387785629e-02 0.000000000000000000e+00
9.331371728954135358e-01 2.133773314490845091e-02 0.000000000000000000e+00
9.477524690798354579e-01 1.678271255972252352e-02 0.000000000000000000e+00
9.636757360839172115e-01 1.173348279563361969e-02 0.000000000000000000e+00
1.000000000000000000e+00 0.000000000000000000e+00 0.000000000000000000e+00
