101
1.000000000000000000e+00 0.000000000000000000e+00 0.000000000000000000e+00
9.809743280989082770e-01 1.761147872221381942e-03 0.000000000000000000e+00
9.635757742431400041e-01 2.439506664716168532e-03 0.000000000000000000e+00
9.476192924869604184e-01 2.180675494011471895e-03 0.000000000000000000e+00
9.329797690069903116e-01 1.130253476634403504e-03 0.000000000000000000e+00
9.195320899798519187e-01 -5.661602708879261451e-04 0.000000000000000000e+00
9.071511415821658098e-01 -2.762966632028401349e-03 0.000000000000000000e+00
8.957118099905534425e-01 -5.314566490259917467e-03 0.000000000000000000e+00
8.850889813816360530e-01 -8.075360729055357928e-03 0.000000000000000000e+00
8.751575419320354321e-01 -1.089975023188761299e-02 0.000000000000000000e+00
8.657923778183724828e-01 -1.364213588222958073e-02 0.000000000000000000e+00
8.568683752172685519e-01 -1.615691856355412279e-02 0.000000000000000000e+00
8.482705014171055824e-01 -1.832572509494681881e-02 0.000000000000000000e+00
8.399313755805647430e-01 -2.015887513138433715e-02 0.000000000000000000e+00
8.317976828221100849e-01 -2.170467607232220292e-02 0.000000000000000000e+00
8.238161103081339531e-01 -2.301144085882716322e-02 0.000000000000000000e+00
8.159333452050273605e-01 -2.412748243196592701e-02 0.000000000000000000e+00
8.080960746791815419e-01 -2.510111373280519281e-02 0.000000000000000000e+00
8.002509858969880652e-01 -2.598064770241170079e-02 0.000000000000000000e+00
7.923447660248376101e-01 -2.681439728185215643e-02 0.000000000000000000e+00
7.843241022291222997e-01 -2.765067541219327213e-02 0.000000000000000000e+00
7.761356816762330357e-01 -2.853779503450177418e-02 0.000000000000000000e+00
7.677261915325611641e-01 -2.952406908984437153e-02 0.000000000000000000e+00
7.590506288781437849e-01 -3.065017187838663115e-02 0.000000000000000000e+00
7.501104906027732389e-01 -3.191403413353286617e-02 0.000000000000000000e+00
7.409234389751304661e-01 -3.329872704505935227e-02 0.000000000000000000e+00
7.315071524941967329e-01 -3.478730688352187073e-02 0.000000000000000000e+00
7.218793096589530833e-01 -3.636282991947618892e-02 0.000000000000000000e+00
7.120575889683811166e-01 -3.800835242347808812e-02 0.000000000000000000e+00
7.020596689214617658e-01 -3.970693066608336347e-02 0.000000000000000000e+00
6.919032280171764082e-01 -4.144162091784778235e-02 0.000000000000000000e+00
6.816059447545057548e-01 -4.319547944932713296e-02 0.000000000000000000e+00
6.711854976324316269e-01 -4.495156253107716188e-02 0.000000000000000000e+00
6.606595651499349575e-01 -4.669292643365367812e-02 0.000000000000000000e+00
6.500446438317819542e-01 -4.840422337977197398e-02 0.000000000000000000e+00
6.393493724381573706e-01 -5.008071548210388246e-02 0.000000000000000000e+00
6.285791842151752240e-01 -5.172199307557784342e-02 0.000000000000000000e+00
6.177395029531562720e-01 -5.332765926273960039e-02 0.000000000000000000e+00
6.068357524424203842e-01 -5.489731714613488994e-02 0.000000000000000000e+00
5.958733564732872079e-01 -5.643056982830942786e-02 0.000000000000000000e+00
5.848577388360777229e-01 -5.792702041180899236e-02 0.000000000000000000e+00
5.737943233211117988e-01 -5.938627199917925065e-02 0.000000000000000000e+00
5.626885337187100822e-01 -6.080792769296598094e-02 0.000000000000000000e+00
5.515457938191921095e-01 -6.219159059571488513e-02 0.000000000000000000e+00
5.403715274128784163e-01 -6.353686380997174143e-02 0.000000000000000000e+00
5.291711665454381652e-01 -6.484302755357196357e-02 0.000000000000000000e+00
5.179502088239673618e-01 -6.610679779376560372e-02 0.000000000000000000e+00
5.067141831199885038e-01 -6.732366767786490680e-02 0.000000000000000000e+00
4.954686184975683472e-01 -6.848912282234345672e-02 0.000000000000000000e+00
4.842190440207729263e-01 -6.959864884367478188e-02 0.000000000000000000e+00
4.729709887536693302e-01 -7.064773135833242457e-02 0.000000000000000000e+00
4.617299817603243151e-01 -7.163185598278996868e-02 0.000000000000000000e+00
4.505015521048038596e-01 -7.254650833352088712e-02 0.000000000000000000e+00
4.392912288511753860e-01 -7.338717402699880543e-02 0.000000000000000000e+00
4.281045410635049286e-01 -7.414933867969725201e-02 0.000000000000000000e+00
4.169470178058595211e-01 -7.482848790808974138e-02 0.000000000000000000e+00
4.058241765869338713e-01 -7.542024448639741974e-02 0.000000000000000000e+00
3.947414244477548961e-01 -7.592154239693063578e-02 0.000000000000000000e+00
3.837041070654352293e-01 -7.633004398769886734e-02 0.000000000000000000e+00
3.727175694596360223e-01 -7.664341941040675454e-02 0.000000000000000000e+00
3.617871566500176495e-01 -7.685933881675897916e-02 0.000000000000000000e+00
3.509182136562414844e-01 -7.697547235846023683e-02 0.000000000000000000e+00
3.401160854979681791e-01 -7.698949018721515380e-02 0.000000000000000000e+00
3.293861171948589961e-01 -7.689906245472849511e-02 0.000000000000000000e+00
3.187336537665744762e-01 -7.670185931270487312e-02 0.000000000000000000e+00
3.081640402327755490e-01 -7.639555091284896959e-02 0.000000000000000000e+00
2.976826216131233660e-01 -7.597780740686549406e-02 0.000000000000000000e+00
2.872931358328889018e-01 -7.544693790802527167e-02 0.000000000000000000e+00
2.769806383450632570e-01 -7.480867945780618478e-02 0.000000000000000000e+00
2.667181313947138976e-01 -7.407356130943250350e-02 0.000000000000000000e+00
2.564784163401098716e-01 -7.325219258632423291e-02 0.000000000000000000e+00
2.462342945395207816e-01 -7.235518241190150301e-02 0.000000000000000000e+00
2.359585673512153425e-01 -7.139313990958429113e-02 0.000000000000000000e+00
2.256240361334626576e-01 -7.037667420279269948e-02 0.000000000000000000e+00
2.152035022445322743e-01 -6.931639441494677478e-02 0.000000000000000000e+00
2.046697670426926297e-01 -6.822290966946650825e-02 0.000000000000000000e+00
1.939956318862136597e-01 -6.710682908977204375e-02 0.000000000000000000e+00
1.831538981333638294e-01 -6.597876179928334472e-02 0.000000000000000000e+00
1.721208269130025115e-01 -6.484775465093317592e-02 0.000000000000000000e+00
1.609222364736690725e-01 -6.370047682159005187e-02 0.000000000000000000e+00
1.496209939821717683e-01 -6.250686793045441558e-02 0.000000000000000000e+00
1.382808581915801749e-01 -6.123646499809629051e-02 0.000000000000000000e+00
1.269655878549629802e-01 -5.985880504508558908e-02 0.000000000000000000e+00
1.157389417253892050e-01 -5.834342509199234861e-02 0.000000000000000000e+00
1.046646785559276621e-01 -5.665986215938646764e-02 0.000000000000000000e+00
9.380655709964734468e-02 -5.477765326783799044e-02 0.000000000000000000e+00
8.322833610961749562e-02 -5.266633543791687799e-02 0.000000000000000000e+00
7.299377433890663625e-02 -5.029544569019307049e-02 0.000000000000000000e+00
6.316663054058394011e-02 -4.763452104523654973e-02 0.000000000000000000e+00
5.381063845618254404e-02 -4.465567654742048226e-02 0.000000000000000000e+00
4.498908282014062177e-02 -4.137730792443147093e-02 0.000000000000000000e+00
3.676485998776597014e-02 -3.785784245757112948e-02 0.000000000000000000e+00
2.920085350845930822e-02 -3.415702737632815567e-02 0.000000000000000000e+00
2.235994693162186853e-02 -3.033460991019128888e-02 0.000000000000000000e+00
1.630502380665473441e-02 -2.645033728864935180e-02 0.000000000000000000e+00
1.109896768295864575e-02 -2.256395674119099012e-02 0.000000000000000000e+00
6.804662109934935671e-03 -1.873521549730503000e-02 0.000000000000000000e+00
3.484990636984455509e-03 -1.502386078648012928e-02 0.000000000000000000e+00
1.202836813508299883e-03 -1.148963983820507941e-02 0.000000000000000000e+00
2.108418890733135354e-05 -8.192299881968654468e-03 0.000000000000000000e+00
0.000000000000000000e+00 -5.189644875832980127e-03 0.000000000000000000e+00
100
0.000000000000000000e+00 -5.189644875832980127e-03 0.000000000000000000e+00
1.139676294200373972e-03 -2.494783535048918782e-03 0.000000000000000000e+00
3.380029929518175210e-03 -7.612933205611872856e-05 0.000000000000000000e+00
6.658361451380684359e-03 2.099847532132385203e-03 0.000000000000000000e+00
1.091197140521497563e-02 4.066676856503557286e-03 0.000000000000000000e+00
1.607816033644821757e-02 5.857888440044323360e-03 0.000000000000000000e+00
2.209422879050760430e-02 7.507012081741724907e-03 0.000000000000000000e+00
2.889747731282018076e-02 9.047577580582690654e-03 0.000000000000000000e+00
3.642520644881313413e-02 1.051311473555417708e-02 0.000000000000000000e+00
4.461471674391354059e-02 1.193715334564315542e-02 0.000000000000000000e+00
5.340330874354832363e-02 1.335322320983655872e-02 0.000000000000000000e+00
6.272826560330127532e-02 1.479418698954674920e-02 0.000000000000000000e+00
7.252634307740123132e-02 1.627267431442961515e-02 0.000000000000000000e+00
8.273368718868115423e-02 1.777792330292965808e-02 0.000000000000000000e+00
9.328640999543544310e-02 1.929786907041588367e-02 0.000000000000000000e+00
1.041206235559584553e-01 2.082044673225725076e-02 0.000000000000000000e+00
1.151724399285453115e-01 2.233359140382283614e-02 0.000000000000000000e+00
1.263779711714899667e-01 2.382523820048160906e-02 0.000000000000000000e+00
1.376733293430870420e-01 2.528332223760256653e-02 0.000000000000000000e+00
1.489946265016310611e-01 2.669577863055470207e-02 0.000000000000000000e+00
1.602779747054163262e-01 2.805054249470700922e-02 0.000000000000000000e+00
1.714594860127376941e-01 2.933554894542854050e-02 0.000000000000000000e+00
1.824761657441994755e-01 3.053889700602285470e-02 0.000000000000000000e+00
1.933021377851473488e-01 3.165549671959503458e-02 0.000000000000000000e+00
2.039611763006417833e-01 3.268936863879303573e-02 0.000000000000000000e+00
2.144805217301891664e-01 3.364516935550960347e-02 0.000000000000000000e+00
2.248874145132952473e-01 3.452755546163743111e-02 0.000000000000000000e+00
2.352090950894668853e-01 3.534118354906931603e-02 0.000000000000000000e+00
2.454728038982096627e-01 3.609071020969795152e-02 0.000000000000000000e+00
2.557057813790299394e-01 3.678079203541610026e-02 0.000000000000000000e+00
2.659352679714339640e-01 3.741608561811646944e-02 0.000000000000000000e+00
2.761885041149275133e-01 3.800124754969178703e-02 0.000000000000000000e+00
2.864927302490170025e-01 3.854093442203481573e-02 0.000000000000000000e+00
2.968749854401721011e-01 3.903979220329006905e-02 0.000000000000000000e+00
3.073502263726546890e-01 3.950182943670976776e-02 0.000000000000000000e+00
3.179146820383054739e-01 3.993006665696301888e-02 0.000000000000000000e+00
3.285629704446713095e-01 4.032743940873328992e-02 0.000000000000000000e+00
3.392897095992991052e-01 4.069688323670406921e-02 0.000000000000000000e+00
3.500895175097352152e-01 4.104133368555882427e-02 0.000000000000000000e+00
3.609570121835265488e-01 4.136372629998101569e-02 0.000000000000000000e+00
3.718868116282198488e-01 4.166699662465415954e-02 0.000000000000000000e+00
3.828735338513611364e-01 4.195408020426166784e-02 0.000000000000000000e+00
3.939117968604978204e-01 4.222791258348706361e-02 0.000000000000000000e+00
4.049962186631763661e-01 4.249142930701380050e-02 0.000000000000000000e+00
4.161214161996451000e-01 4.274761648316140888e-02 0.000000000000000000e+00
4.272819067927993708e-01 4.300417962778225328e-02 0.000000000000000000e+00
4.384720284338065599e-01 4.327732016110977936e-02 0.000000000000000000e+00
4.496861003550004510e-01 4.358412820984439162e-02 0.000000000000000000e+00
4.609184417887141061e-01 4.394169390068644598e-02 0.000000000000000000e+00
4.721633719672802543e-01 4.436710736033631919e-02 0.000000000000000000e+00
4.834152101230319021e-01 4.487745871549438104e-02 0.000000000000000000e+00
4.946682754883022226e-01 4.548983809286098745e-02 0.000000000000000000e+00
5.059168872954246110e-01 4.622133561913653599e-02 0.000000000000000000e+00
5.171553647767318518e-01 4.708904142102141727e-02 0.000000000000000000e+00
5.283780271645571736e-01 4.811004562521596639e-02 0.000000000000000000e+00
5.395791947345025541e-01 4.930132473534332149e-02 0.000000000000000000e+00
5.507533571629792402e-01 5.066140570785843816e-02 0.000000000000000000e+00
5.618953593595040763e-01 5.215012684141332594e-02 0.000000000000000000e+00
5.730000909637542605e-01 5.372245484522298470e-02 0.000000000000000000e+00
5.840624416154058807e-01 5.533335642850235880e-02 0.000000000000000000e+00
5.950773009541355796e-01 5.693779830046643425e-02 0.000000000000000000e+00
6.060395586196201112e-01 5.849074717033015541e-02 0.000000000000000000e+00
6.169441042515361184e-01 5.994716974730856379e-02 0.000000000000000000e+00
6.277858274895602442e-01 6.126203274061660375e-02 0.000000000000000000e+00
6.385596179733693534e-01 6.239030285946926130e-02 0.000000000000000000e+00
6.492603653426396448e-01 6.328694681308150161e-02 0.000000000000000000e+00
6.598829494399274243e-01 6.390696715232416225e-02 0.000000000000000000e+00
6.704189288838786620e-01 6.421751674940225085e-02 0.000000000000000000e+00
6.808517208858574365e-01 6.421553289253456587e-02 0.000000000000000000e+00
6.911635180171425974e-01 6.390243307692158869e-02 0.000000000000000000e+00
7.013365128490126610e-01 6.327963479776368971e-02 0.000000000000000000e+00
7.113528979527463658e-01 6.234855555026141971e-02 0.000000000000000000e+00
7.211948658996233386e-01 6.111061282961511437e-02 0.000000000000000000e+00
7.308446092609219846e-01 5.956722413102526897e-02 0.000000000000000000e+00
7.402843206079213756e-01 5.771980694969231634e-02 0.000000000000000000e+00
7.494961925119001389e-01 5.556977878081672401e-02 0.000000000000000000e+00
7.584624175441373461e-01 5.311855711959887621e-02 0.000000000000000000e+00
7.671652044804008197e-01 5.036757805629905188e-02 0.000000000000000000e+00
7.756029017674053172e-01 4.733679836063310609e-02 0.000000000000000000e+00
7.838202837125728406e-01 4.409944964834234399e-02 0.000000000000000000e+00
7.918704213216430920e-01 4.073828420573170905e-02 0.000000000000000000e+00
7.998063856003562178e-01 3.733605431910608924e-02 0.000000000000000000e+00
8.076812475544515868e-01 3.397551227477048352e-02 0.000000000000000000e+00
8.155480781896695675e-01 3.073941035902966190e-02 0.000000000000000000e+00
8.234599485117496398e-01 2.771050085818860600e-02 0.000000000000000000e+00
8.314699295264320611e-01 2.497153605855223502e-02 0.000000000000000000e+00
8.396310922394564225e-01 2.260526824642546465e-02 0.000000000000000000e+00
8.479965076565627591e-01 2.069444970811325571e-02 0.000000000000000000e+00
8.566192488530059990e-01 1.932182468338704967e-02 0.000000000000000000e+00
8.655665754296868464e-01 1.851497842577423669e-02 0.000000000000000000e+00
8.749538073354370393e-01 1.811463154437480474e-02 0.000000000000000000e+00
8.849064320465128697e-01 1.792197202984703586e-02 0.000000000000000000e+00
8.955499370391709624e-01 1.773818787284923287e-02 0.000000000000000000e+00
9.070098097896688305e-01 1.736446706403968476e-02 0.000000000000000000e+00
9.194115377742618778e-01 1.660199759407666315e-02 0.000000000000000000e+00
9.328806084692073952e-01 1.525196745361848301e-02 0.000000000000000000e+00
9.475425093507616747e-01 1.311556463332341944e-02 0.000000000000000000e+00
9.635227278951812302e-01 9.993977123849848154e-03 0.000000000000000000e+00
1.000000000000000000e+00 0.000000000000000000e+00 0.000000000000000000e+00
