101
1.000000000000000000e+00 0.000000000000000000e+00 0.000000000000000000e+00
9.809703678100701874e-01 2.041243110128773599e-03 0.000000000000000000e+00
9.635703349853358413e-01 2.920172994249751932e-03 0.000000000000000000e+00
9.476129664929344720e-01 2.790750594984051872e-03 0.000000000000000000e+00
9.329730756048720819e-01 1.806936854952780535e-03 0.000000000000000000e+00
9.195254755931558943e-01 1.226927167770517583e-04 0.000000000000000000e+00
9.071449797297922446e-01 -2.108020876922016718e-03 0.000000000000000000e+00
8.957064012867880232e-01 -4.731242983523323634e-03 0.000000000000000000e+00
8.850845535361496763e-01 -7.593012660405747127e-03 0.000000000000000000e+00
8.751542497498842055e-01 -1.053936896494817553e-02 0.000000000000000000e+00
8.657903031999982790e-01 -1.341635095452950628e-02 0.000000000000000000e+00
8.568675271584980102e-01 -1.606999768652861080e-02 0.000000000000000000e+00
8.482708254969097972e-01 -1.837455399283445881e-02 0.000000000000000000e+00
8.399327988082415652e-01 -2.033758908991722958e-02 0.000000000000000000e+00
8.318001268753435484e-01 -2.200602708622071205e-02 0.000000000000000000e+00
8.238194915349253966e-01 -2.342679783123790063e-02 0.000000000000000000e+00
8.159375746236954274e-01 -2.464683117446176547e-02 0.000000000000000000e+00
8.081010579783619585e-01 -2.571305696538527669e-02 0.000000000000000000e+00
8.002566234356336405e-01 -2.667240505350141136e-02 0.000000000000000000e+00
7.923509528322192352e-01 -2.757180528830315003e-02 0.000000000000000000e+00
7.843307280048271712e-01 -2.845818751928345935e-02 0.000000000000000000e+00
7.761426307901663213e-01 -2.937848159593531294e-02 0.000000000000000000e+00
7.677333430249447810e-01 -3.037961736775169133e-02 0.000000000000000000e+00
7.590578590739686105e-01 -3.150135374871444044e-02 0.000000000000000000e+00
7.501176877414932331e-01 -3.274332322655660460e-02 0.000000000000000000e+00
7.409305082965874645e-01 -3.409120857852475373e-02 0.000000000000000000e+00
7.315140162437269167e-01 -3.553067857613205482e-02 0.000000000000000000e+00
7.218859070873873129e-01 -3.704740199089161246e-02 0.000000000000000000e+00
7.120638763320443765e-01 -3.862704759431657975e-02 0.000000000000000000e+00
7.020656194821736085e-01 -4.025528415792010983e-02 0.000000000000000000e+00
6.919088320422506211e-01 -4.191778045321535584e-02 0.000000000000000000e+00
6.816112095167509155e-01 -4.360020525171544314e-02 0.000000000000000000e+00
6.711904474101502149e-01 -4.528822732493351100e-02 0.000000000000000000e+00
6.606642412269243536e-01 -4.696751544438271947e-02 0.000000000000000000e+00
6.500491022986537581e-01 -4.862500440088173004e-02 0.000000000000000000e+00
6.393536695755139831e-01 -5.025604548159242485e-02 0.000000000000000000e+00
6.285833705307900532e-01 -5.185942341803326250e-02 0.000000000000000000e+00
6.177436231643832487e-01 -5.343393306987714864e-02 0.000000000000000000e+00
6.068398454761955163e-01 -5.497836929679703749e-02 0.000000000000000000e+00
5.958774554661281364e-01 -5.649152695846580696e-02 0.000000000000000000e+00
5.848618711340828336e-01 -5.797220091455643209e-02 0.000000000000000000e+00
5.737985104799613323e-01 -5.941918602474175609e-02 0.000000000000000000e+00
5.626927915036650241e-01 -6.083127714869475400e-02 0.000000000000000000e+00
5.515501322050953004e-01 -6.220726914608828984e-02 0.000000000000000000e+00
5.403759505841541078e-01 -6.354595687659533865e-02 0.000000000000000000e+00
5.291756733528435452e-01 -6.484588072157204675e-02 0.000000000000000000e+00
5.179547964119755044e-01 -6.610356007422657498e-02 0.000000000000000000e+00
5.067188486565855632e-01 -6.731455057460832003e-02 0.000000000000000000e+00
4.954733591849070362e-01 -6.847440192741241494e-02 0.000000000000000000e+00
4.842238570951731269e-01 -6.957866383733395110e-02 0.000000000000000000e+00
4.729758714856168722e-01 -7.062288600906804770e-02 0.000000000000000000e+00
4.617349314544716976e-01 -7.160261814730981000e-02 0.000000000000000000e+00
4.505065660999703070e-01 -7.251340995675430168e-02 0.000000000000000000e+00
4.392963045203465144e-01 -7.335081114209666964e-02 0.000000000000000000e+00
4.281096758138330238e-01 -7.411037140803203305e-02 0.000000000000000000e+00
4.169522090786633717e-01 -7.478764045925544168e-02 0.000000000000000000e+00
4.058294236204606498e-01 -7.537855114056872530e-02 0.000000000000000000e+00
3.947467451289269902e-01 -7.588269906038787316e-02 0.000000000000000000e+00
3.837095472908619298e-01 -7.630171446328036511e-02 0.000000000000000000e+00
3.727232032359070191e-01 -7.663724939286381543e-02 0.000000000000000000e+00
3.617930860937032533e-01 -7.689095589275586617e-02 0.000000000000000000e+00
3.509245689938922941e-01 -7.706448600657414549e-02 0.000000000000000000e+00
3.401230250661156362e-01 -7.715949177793629543e-02 0.000000000000000000e+00
3.293938274400147193e-01 -7.717762525045999966e-02 0.000000000000000000e+00
3.187423492452309826e-01 -7.712053846776285859e-02 0.000000000000000000e+00
3.081739636114056435e-01 -7.698988347346252814e-02 0.000000000000000000e+00
2.976940436681805857e-01 -7.678731231117665035e-02 0.000000000000000000e+00
2.873063498269384231e-01 -7.651431704405116385e-02 0.000000000000000000e+00
2.769958946493095153e-01 -7.617052996224844830e-02 0.000000000000000000e+00
2.667355953099864174e-01 -7.575438350239309393e-02 0.000000000000000000e+00
2.564981673938793727e-01 -7.526429010355069338e-02 0.000000000000000000e+00
2.462563264858988465e-01 -7.469866220478688090e-02 0.000000000000000000e+00
2.359827881709551101e-01 -7.405591224516730464e-02 0.000000000000000000e+00
2.256502680339585176e-01 -7.333445266375755722e-02 0.000000000000000000e+00
2.152314816598191460e-01 -7.253269589962330066e-02 0.000000000000000000e+00
2.046991446334474885e-01 -7.164905439183008595e-02 0.000000000000000000e+00
1.940259725397541213e-01 -7.068194057944363062e-02 0.000000000000000000e+00
1.831846809636489826e-01 -6.962976690152949955e-02 0.000000000000000000e+00
1.721514517157924362e-01 -6.849031150199820506e-02 0.000000000000000000e+00
1.609521161890543894e-01 -6.725226699723760304e-02 0.000000000000000000e+00
1.496496238195895168e-01 -6.589753366040031202e-02 0.000000000000000000e+00
1.383078172933145666e-01 -6.440784830615803314e-02 0.000000000000000000e+00
1.269905392961455382e-01 -6.276494774918231490e-02 0.000000000000000000e+00
1.157616325139989022e-01 -6.095056880414485845e-02 0.000000000000000000e+00
1.046849396327908938e-01 -5.894644828571724005e-02 0.000000000000000000e+00
9.382430333843763681e-02 -5.673432300857112615e-02 0.000000000000000000e+00
8.324356631685585206e-02 -5.429592978737816239e-02 0.000000000000000000e+00
7.300657125396133040e-02 -5.161300543680992503e-02 0.000000000000000000e+00
6.317716083567062602e-02 -4.866728677153807359e-02 0.000000000000000000e+00
5.381914974899949106e-02 -4.544263515120216396e-02 0.000000000000000000e+00
4.499585004469761756e-02 -4.196105176670449077e-02 0.000000000000000000e+00
3.677013900658513551e-02 -3.827752774320841711e-02 0.000000000000000000e+00
2.920487958304441092e-02 -3.444814197290066438e-02 0.000000000000000000e+00
2.236293472245820882e-02 -3.052897334796805806e-02 0.000000000000000000e+00
1.630716737320934973e-02 -2.657610076059747223e-02 0.000000000000000000e+00
1.110044048368027426e-02 -2.264560310297561441e-02 0.000000000000000000e+00
6.805617002253566174e-03 -1.879355926728936213e-02 0.000000000000000000e+00
3.485559877312131849e-03 -1.507604814572544027e-02 0.000000000000000000e+00
1.203132057238547655e-03 -1.154914863047070035e-02 0.000000000000000000e+00
2.119649041526617153e-05 -8.268939613711971323e-03 0.000000000000000000e+00
0.000000000000000000e+00 -5.289608132798192044e-03 0.000000000000000000e+00
100
0.000000000000000000e+00 -5.289608132798192044e-03 0.000000000000000000e+00
1.139618528972478895e-03 -2.621828563808268394e-03 0.000000000000000000e+00
3.379957140134432544e-03 -2.327626215511331719e-04 0.000000000000000000e+00
6.658304771062853629e-03 1.912319834002149024e-03 0.000000000000000000e+00
1.091195035933461600e-02 3.848148942880509800e-03 0.000000000000000000e+00
1.607818284252614596e-02 5.609454845112843251e-03 0.000000000000000000e+00
2.209429115821466214e-02 7.230967680728159208e-03 0.000000000000000000e+00
2.889756424397681156e-02 8.747417589755350845e-03 0.000000000000000000e+00
3.642529103738935403e-02 1.019353471222335036e-02 0.000000000000000000e+00
4.461476047602905975e-02 1.160404918816108910e-02 0.000000000000000000e+00
5.340326149747256362e-02 1.301369115759747237e-02 0.000000000000000000e+00
6.272806596942009927e-02 1.445648734030572161e-02 0.000000000000000000e+00
7.252592806220906074e-02 1.594513103861456074e-02 0.000000000000000000e+00
8.273300343361592035e-02 1.746765188213494219e-02 0.000000000000000000e+00
9.328541440181357947e-02 1.901070563279075656e-02 0.000000000000000000e+00
1.041192832849750921e-01 2.056094805250588756e-02 0.000000000000000000e+00
1.151707324012739148e-01 2.210503490320429171e-02 0.000000000000000000e+00
1.263758840688828378e-01 2.362962194680985270e-02 0.000000000000000000e+00
1.376708606059749429e-01 2.512136494524646463e-02 0.000000000000000000e+00
1.489917843307232703e-01 2.656691966043802505e-02 0.000000000000000000e+00
1.602747775613006798e-01 2.795294185430841766e-02 0.000000000000000000e+00
1.714559626158806693e-01 2.926608728878160939e-02 0.000000000000000000e+00
1.824723549338072848e-01 3.049319325858374993e-02 0.000000000000000000e+00
1.932980826542903263e-01 3.162864046086447112e-02 0.000000000000000000e+00
2.039569163513205996e-01 3.267689974693056831e-02 0.000000000000000000e+00
2.144760923256497365e-01 3.364314640004179013e-02 0.000000000000000000e+00
2.248828468780292855e-01 3.453255570345786785e-02 0.000000000000000000e+00
2.352044163092109064e-01 3.535030294043858129e-02 0.000000000000000000e+00
2.454680369199461198e-01 3.610156339424366173e-02 0.000000000000000000e+00
2.557009450109866133e-01 3.679151234813287513e-02 0.000000000000000000e+00
2.659303768830839632e-01 3.742532508536597358e-02 0.000000000000000000e+00
2.761835688369894681e-01 3.800817688920268139e-02 0.000000000000000000e+00
2.864877571734550932e-01 3.854524304290278536e-02 0.000000000000000000e+00
2.968699770036055674e-01 3.904166258231864944e-02 0.000000000000000000e+00
3.073451920609585608e-01 3.950039969886039171e-02 0.000000000000000000e+00
3.179096554437400024e-01 3.992104757505265250e-02 0.000000000000000000e+00
3.285580107331624311e-01 4.030290941416107137e-02 0.000000000000000000e+00
3.392849015104379973e-01 4.064528841945132254e-02 0.000000000000000000e+00
3.500849713567783517e-01 4.094748779418905943e-02 0.000000000000000000e+00
3.609528638533961997e-01 4.120881074163993546e-02 0.000000000000000000e+00
3.718832225815032477e-01 4.142856046506961792e-02 0.000000000000000000e+00
3.828706911223112574e-01 4.160604016774375330e-02 0.000000000000000000e+00
3.939099130570329899e-01 4.174055305292800888e-02 0.000000000000000000e+00
4.049955319668804288e-01 4.183140232388803809e-02 0.000000000000000000e+00
4.161221899976481065e-01 4.187799283103096210e-02 0.000000000000000000e+00
4.272843953190041955e-01 4.188921676235901614e-02 0.000000000000000000e+00
4.384764149160302327e-01 4.189104546517081334e-02 0.000000000000000000e+00
4.496924905449104504e-01 4.191123683692322965e-02 0.000000000000000000e+00
4.609268639618287478e-01 4.197754877507313409e-02 0.000000000000000000e+00
4.721737769229684134e-01 4.211773917707740955e-02 0.000000000000000000e+00
4.834274711845132910e-01 4.235956594039291118e-02 0.000000000000000000e+00
4.946821885026472243e-01 4.273078696247650105e-02 0.000000000000000000e+00
5.059321706335546676e-01 4.325916014078506205e-02 0.000000000000000000e+00
5.171716593334187984e-01 4.397244337277549098e-02 0.000000000000000000e+00
5.283948963584235159e-01 4.489839455590463602e-02 0.000000000000000000e+00
5.395961247938604322e-01 4.606461926755543723e-02 0.000000000000000000e+00
5.507698035389113622e-01 4.747399011310890482e-02 0.000000000000000000e+00
5.619108440539870575e-01 4.907751471277798511e-02 0.000000000000000000e+00
5.730142147849990319e-01 5.081966996360650496e-02 0.000000000000000000e+00
5.840748841778571343e-01 5.264493276263828431e-02 0.000000000000000000e+00
5.950878206784722124e-01 5.449778000691713614e-02 0.000000000000000000e+00
6.060479927327551142e-01 5.632268859348683182e-02 0.000000000000000000e+00
6.169503687866165764e-01 5.806413541939128842e-02 0.000000000000000000e+00
6.277899172859671140e-01 5.966659738167426341e-02 0.000000000000000000e+00
6.385616066767181298e-01 6.107455137737963224e-02 0.000000000000000000e+00
6.492604054047794726e-01 6.223247430355114546e-02 0.000000000000000000e+00
6.598812720362839945e-01 6.308489005103261327e-02 0.000000000000000000e+00
6.704158158926208921e-01 6.359225340885109323e-02 0.000000000000000000e+00
6.808474361996570412e-01 6.375407101379257369e-02 0.000000000000000000e+00
6.911582972110084100e-01 6.357572372763692359e-02 0.000000000000000000e+00
7.013305631802910778e-01 6.306259241216395639e-02 0.000000000000000000e+00
7.113463983611204577e-01 6.222005792915355493e-02 0.000000000000000000e+00
7.211879670071136283e-01 6.105350114038551879e-02 0.000000000000000000e+00
7.308374333718862248e-01 5.956830290763971691e-02 0.000000000000000000e+00
7.402769617090542154e-01 5.776984409269597665e-02 0.000000000000000000e+00
7.494887162722339013e-01 5.566350555733416694e-02 0.000000000000000000e+00
7.584548613150409180e-01 5.325466816333410819e-02 0.000000000000000000e+00
7.671575773039827073e-01 5.054872994294497962e-02 0.000000000000000000e+00
7.755951927448898608e-01 4.756819071577854385e-02 0.000000000000000000e+00
7.838124860759878576e-01 4.438474369581874718e-02 0.000000000000000000e+00
7.918625367356354472e-01 4.107887337730027622e-02 0.000000000000000000e+00
7.997984241621922674e-01 3.773106425445776207e-02 0.000000000000000000e+00
8.076732277940170679e-01 3.442180082152597465e-02 0.000000000000000000e+00
8.155400270694697085e-01 3.123156757273940279e-02 0.000000000000000000e+00
8.234519014269088277e-01 2.824084900233277823e-02 0.000000000000000000e+00
8.314619303046939525e-01 2.553012960454077718e-02 0.000000000000000000e+00
8.396231931411843874e-01 2.317989387359805503e-02 0.000000000000000000e+00
8.479887693747393262e-01 2.127062630373931229e-02 0.000000000000000000e+00
8.566117405127495754e-01 1.988280351526873491e-02 0.000000000000000000e+00
8.655593712730287326e-01 1.904292633568990464e-02 0.000000000000000000e+00
8.749469754901878504e-01 1.859463930713631599e-02 0.000000000000000000e+00
8.849000321502323851e-01 1.834290235175165679e-02 0.000000000000000000e+00
8.955440202391676818e-01 1.809267539167963568e-02 0.000000000000000000e+00
9.070044187430001958e-01 1.764891834906395784e-02 0.000000000000000000e+00
9.194067066477343841e-01 1.681659114604829378e-02 0.000000000000000000e+00
9.328763629393764800e-01 1.540065370477636773e-02 0.000000000000000000e+00
9.475388666039313845e-01 1.320606594739186235e-02 0.000000000000000000e+00
9.635196966274048869e-01 1.003778779603855913e-02 0.000000000000000000e+00
1.000000000000000000e+00 0.000000000000000000e+00 0.000000000000000000e+00
