100
1.000000000000000000e+00 0.000000000000000000e+00 0.000000000000000000e+00
9.810036006081812587e-01 2.235383919340533897e-03 0.000000000000000000e+00
9.636177041024321932e-01 3.374079576654171343e-03 0.000000000000000000e+00
9.476607880173600895e-01 3.574598851884805764e-03 0.000000000000000000e+00
9.330098610288555250e-01 2.995453624976326685e-03 0.000000000000000000e+00
9.195419318128106312e-01 1.795155775872629917e-03 0.000000000000000000e+00
9.071340090451164295e-01 1.322171845176114339e-04 0.000000000000000000e+00
8.956631014016643855e-01 -1.834850269144844932e-03 0.000000000000000000e+00
8.850062175583458535e-01 -3.947534705170840930e-03 0.000000000000000000e+00
8.750403661910528541e-01 -6.047324243616482645e-03 0.000000000000000000e+00
8.656425559756765198e-01 -7.975707004537882505e-03 0.000000000000000000e+00
8.566897955881078719e-01 -9.574171107991139712e-03 0.000000000000000000e+00
8.480687717184476337e-01 -1.071473833425435306e-02 0.000000000000000000e+00
8.397119175505843858e-01 -1.141375840810698698e-02 0.000000000000000000e+00
8.315651697871114800e-01 -1.173018399363679430e-02 0.000000000000000000e+00
8.235744671005018613e-01 -1.172297396980234545e-02 0.000000000000000000e+00
8.156857481632289186e-01 -1.145108721556220045e-02 0.000000000000000000e+00
8.078449516477650416e-01 -1.097348260987492108e-02 0.000000000000000000e+00
7.999980162265830641e-01 -1.034911903169906909e-02 0.000000000000000000e+00
7.920908805721559309e-01 -9.636955359993209722e-03 0.000000000000000000e+00
7.840694833569563649e-01 -8.895950473715899531e-03 0.000000000000000000e+00
7.758797632534574218e-01 -8.185063251825705488e-03 0.000000000000000000e+00
7.674676589341320465e-01 -7.563252573281186754e-03 0.000000000000000000e+00
7.587874998248036462e-01 -7.085558747042642637e-03 0.000000000000000000e+00
7.498405675160436656e-01 -6.785094927685548366e-03 0.000000000000000000e+00
7.406444662358007136e-01 -6.687351426585629033e-03 0.000000000000000000e+00
7.312168166002140923e-01 -6.817810901661581872e-03 0.000000000000000000e+00
7.215752392254233261e-01 -7.201956010832106722e-03 0.000000000000000000e+00
7.117373547275669399e-01 -7.865269412015898215e-03 0.000000000000000000e+00
7.017207837227847911e-01 -8.833233763131657923e-03 0.000000000000000000e+00
6.915431468272157378e-01 -1.013133172209808135e-02 0.000000000000000000e+00
6.812220646569987492e-01 -1.178504594683387613e-02 0.000000000000000000e+00
6.707751578282732385e-01 -1.381985909525772216e-02 0.000000000000000000e+00
6.602200469571785080e-01 -1.626125382528833055e-02 0.000000000000000000e+00
6.495732447363307127e-01 -1.912242912585815011e-02 0.000000000000000000e+00
6.388438983827656736e-01 -2.233492215447912058e-02 0.000000000000000000e+00
6.280381504249259450e-01 -2.579695675837243019e-02 0.000000000000000000e+00
6.171621345278655024e-01 -2.940665851540743420e-02 0.000000000000000000e+00
6.062219843566382105e-01 -3.306215300345347746e-02 0.000000000000000000e+00
5.952238335762978227e-01 -3.666156580037988749e-02 0.000000000000000000e+00
5.841738158518984259e-01 -4.010302248405604730e-02 0.000000000000000000e+00
5.730780648484943285e-01 -4.328464863235122195e-02 0.000000000000000000e+00
5.619427142311388401e-01 -4.610456982313479446e-02 0.000000000000000000e+00
5.507738976648860474e-01 -4.846091163427607151e-02 0.000000000000000000e+00
5.395777488147901479e-01 -5.025179964364443613e-02 0.000000000000000000e+00
5.283603018661763295e-01 -5.139120819724112693e-02 0.000000000000000000e+00
5.171268009671062815e-01 -5.191897765970112516e-02 0.000000000000000000e+00
5.058821135187973050e-01 -5.193497040674794479e-02 0.000000000000000000e+00
4.946311046022405233e-01 -5.153941846467383764e-02 0.000000000000000000e+00
4.833786392984256164e-01 -5.083255385977093754e-02 0.000000000000000000e+00
4.721295826883434299e-01 -4.991460861833150325e-02 0.000000000000000000e+00
4.608887998529845875e-01 -4.888581476664771719e-02 0.000000000000000000e+00
4.496611558733392133e-01 -4.784640433101176177e-02 0.000000000000000000e+00
4.384515158303981530e-01 -4.689660933771588880e-02 0.000000000000000000e+00
4.272647448051514751e-01 -4.613666181305226682e-02 0.000000000000000000e+00
4.161057078785900254e-01 -4.566679378331310601e-02 0.000000000000000000e+00
4.049793347080654637e-01 -4.557612970781021317e-02 0.000000000000000000e+00
3.938911722915414138e-01 -4.584760732337514466e-02 0.000000000000000000e+00
3.828471105547971431e-01 -4.640517848429043940e-02 0.000000000000000000e+00
3.718530430977330936e-01 -4.717216307129626363e-02 0.000000000000000000e+00
3.609148635202500399e-01 -4.807188096513277664e-02 0.000000000000000000e+00
3.500384654222486458e-01 -4.902765204654018633e-02 0.000000000000000000e+00
3.392297424036295750e-01 -4.996279619625862423e-02 0.000000000000000000e+00
3.284945880642937133e-01 -5.080063329502830516e-02 0.000000000000000000e+00
3.178388960041417799e-01 -5.146448322358940231e-02 0.000000000000000000e+00
3.072685598230739945e-01 -5.187766586268204028e-02 0.000000000000000000e+00
2.967894731209917425e-01 -5.196350109304644083e-02 0.000000000000000000e+00
2.864058756820559437e-01 -5.165139369851984297e-02 0.000000000000000000e+00
2.761027816824607184e-01 -5.094148546144287859e-02 0.000000000000000000e+00
2.658528016803560212e-01 -4.987955493738421842e-02 0.000000000000000000e+00
2.556283395069245401e-01 -4.851214129479963777e-02 0.000000000000000000e+00
2.454017989933488242e-01 -4.688578370214494667e-02 0.000000000000000000e+00
2.351455839708114504e-01 -4.504702132787591351e-02 0.000000000000000000e+00
2.248320982704950510e-01 -4.304239334044836912e-02 0.000000000000000000e+00
2.144337457235824529e-01 -4.091843890831806108e-02 0.000000000000000000e+00
2.039229301612558998e-01 -3.872169719994076470e-02 0.000000000000000000e+00
1.932720554146984404e-01 -3.649870738377234552e-02 0.000000000000000000e+00
1.824535253150925407e-01 -3.429600862826851643e-02 0.000000000000000000e+00
1.714432276999434679e-01 -3.215822909309392491e-02 0.000000000000000000e+00
1.602669546746311457e-01 -3.010262399831562311e-02 0.000000000000000000e+00
1.489878067909031767e-01 -2.812598454574300258e-02 0.000000000000000000e+00
1.376697824323407926e-01 -2.622460946835351511e-02 0.000000000000000000e+00
1.263768799825239486e-01 -2.439479749912448758e-02 0.000000000000000000e+00
1.151730978250330162e-01 -2.263284737103338912e-02 0.000000000000000000e+00
1.041224343434487137e-01 -2.093505781705756047e-02 0.000000000000000000e+00
9.328888792135102415e-02 -1.929772757017442567e-02 0.000000000000000000e+00
8.273645694232105441e-02 -1.771715536336140179e-02 0.000000000000000000e+00
7.252913978993857924e-02 -1.618963992959585388e-02 0.000000000000000000e+00
6.273093484778416440e-02 -1.471148000185519555e-02 0.000000000000000000e+00
5.340580323102290389e-02 -1.327813209335308026e-02 0.000000000000000000e+00
4.461703701222079210e-02 -1.186993318810385806e-02 0.000000000000000000e+00
3.642734955998596508e-02 -1.045414228163010772e-02 0.000000000000000000e+00
2.889943516149721947e-02 -8.997587152935297705e-03 0.000000000000000000e+00
2.209598810393344562e-02 -7.467095581022927669e-03 0.000000000000000000e+00
1.607970267447390508e-02 -5.829495344896522442e-03 0.000000000000000000e+00
1.091327316029714820e-02 -4.051614223559528785e-03 0.000000000000000000e+00
6.659393848582547543e-03 -2.100279996015485401e-03 0.000000000000000000e+00
3.380759026508772715e-03 5.767955873216094875e-05 0.000000000000000000e+00
1.140062981254954307e-03 2.455436661679893245e-03 0.000000000000000000e+00
0.000000000000000000e+00 5.126163533824188399e-03 0.000000000000000000e+00
101
0.000000000000000000e+00 5.126163533824188399e-03 0.000000000000000000e+00
2.064911448792472020e-05 8.101218931262671452e-03 0.000000000000000000e+00
1.201938481460076719e-03 1.137025191741808904e-02 0.000000000000000000e+00
3.483645382655115984e-03 1.488120186303823825e-02 0.000000000000000000e+00
6.802931844376820109e-03 1.858019467397203917e-02 0.000000000000000000e+00
1.109695989292874309e-02 2.241335625606841186e-02 0.000000000000000000e+00
1.630289155461477416e-02 2.632681251517618101e-02 0.000000000000000000e+00
2.235788885573857313e-02 3.026668935714443148e-02 0.000000000000000000e+00
2.919911382260393165e-02 3.417911268782201917e-02 0.000000000000000000e+00
3.676372848151439332e-02 3.801020841305784853e-02 0.000000000000000000e+00
4.498889485877384520e-02 4.170610243870084138e-02 0.000000000000000000e+00
5.381177498068572679e-02 4.521292067059985015e-02 0.000000000000000000e+00
6.316951589736806427e-02 4.847781170078283713e-02 0.000000000000000000e+00
7.299881045929637602e-02 5.147894027554742596e-02 0.000000000000000000e+00
8.323582641442309193e-02 5.423032907533943681e-02 0.000000000000000000e+00
9.381670226033732296e-02 5.674799821454789422e-02 0.000000000000000000e+00
1.046775764946284437e-01 5.904796780756177421e-02 0.000000000000000000e+00
1.157545876148859398e-01 6.114625796877018460e-02 0.000000000000000000e+00
1.269838741186990749e-01 6.305888881256212219e-02 0.000000000000000000e+00
1.383015745036565991e-01 6.480188045332659075e-02 0.000000000000000000e+00
1.496438272673480951e-01 6.639125300545258013e-02 0.000000000000000000e+00
1.609467709073626740e-01 6.784302658332912184e-02 0.000000000000000000e+00
1.721465439212898074e-01 6.917322130134530289e-02 0.000000000000000000e+00
1.831801785069114286e-01 7.039775446993146168e-02 0.000000000000000000e+00
1.940218436225007725e-01 7.152827149041675325e-02 0.000000000000000000e+00
2.046953828449212254e-01 7.257070360240873430e-02 0.000000000000000000e+00
2.152281077246704644e-01 7.353058311820041826e-02 0.000000000000000000e+00
2.256473298122461391e-01 7.441344235008484631e-02 0.000000000000000000e+00
2.359803606581467317e-01 7.522481361035510128e-02 0.000000000000000000e+00
2.462545118128695032e-01 7.597022921130416884e-02 0.000000000000000000e+00
2.564970948269125750e-01 7.665522146522513180e-02 0.000000000000000000e+00
2.667354212507737077e-01 7.728532268441101749e-02 0.000000000000000000e+00
2.769968026349507451e-01 7.786606518115485320e-02 0.000000000000000000e+00
2.873085505299416420e-01 7.840298126774969401e-02 0.000000000000000000e+00
2.976977747454472856e-01 7.890156103436317403e-02 0.000000000000000000e+00
3.081794806433470479e-01 7.936476124363814333e-02 0.000000000000000000e+00
3.187499116913976027e-01 7.979161200055408243e-02 0.000000000000000000e+00
3.294036974309794141e-01 8.018080563308717379e-02 0.000000000000000000e+00
3.401354674034732239e-01 8.053103446921361375e-02 0.000000000000000000e+00
3.509398511502593299e-01 8.084099083690958476e-02 0.000000000000000000e+00
3.618114782127181406e-01 8.110936706415121378e-02 0.000000000000000000e+00
3.727449781322304534e-01 8.133485547891475265e-02 0.000000000000000000e+00
3.837349804501762329e-01 8.151614840917634219e-02 0.000000000000000000e+00
3.947761147079363875e-01 8.165193818291216488e-02 0.000000000000000000e+00
4.058630104468913813e-01 8.174091712809841703e-02 0.000000000000000000e+00
4.169902965202082479e-01 8.178178103559252676e-02 0.000000000000000000e+00
4.281525375459599436e-01 8.177354890773708140e-02 0.000000000000000000e+00
4.393441825058377326e-01 8.171582159403524559e-02 0.000000000000000000e+00
4.505596682854929313e-01 8.160826080759123191e-02 0.000000000000000000e+00
4.617934317705763014e-01 8.145052826150921133e-02 0.000000000000000000e+00
4.730399098467387153e-01 8.124228566889338254e-02 0.000000000000000000e+00
4.842935393996308790e-01 8.098319474284786101e-02 0.000000000000000000e+00
4.955487573149037206e-01 8.067291719647690096e-02 0.000000000000000000e+00
5.068000004782087231e-01 8.031111474288460395e-02 0.000000000000000000e+00
5.180417057751964816e-01 7.989744909517526583e-02 0.000000000000000000e+00
5.292683100915177574e-01 7.943158196645294655e-02 0.000000000000000000e+00
5.404742505838192601e-01 7.891317875394718295e-02 0.000000000000000000e+00
5.516540084116757781e-01 7.834250306473437842e-02 0.000000000000000000e+00
5.628021570087006209e-01 7.772107295055825926e-02 0.000000000000000000e+00
5.739132814274484629e-01 7.705056442003514749e-02 0.000000000000000000e+00
5.849819667204735341e-01 7.633265348178144838e-02 0.000000000000000000e+00
5.960027979403298426e-01 7.556901614441344228e-02 0.000000000000000000e+00
6.069703601395717296e-01 7.476132841654746508e-02 0.000000000000000000e+00
6.178792383707539804e-01 7.391126630679985265e-02 0.000000000000000000e+00
6.287240176864303809e-01 7.302050582378695476e-02 0.000000000000000000e+00
6.394992831391562715e-01 7.209072297612514890e-02 0.000000000000000000e+00
6.501996197814847722e-01 7.112359377243071545e-02 0.000000000000000000e+00
6.608196031367574719e-01 7.012079656078964995e-02 0.000000000000000000e+00
6.713505783249476000e-01 6.908480276948361642e-02 0.000000000000000000e+00
6.817759716896329980e-01 6.802002792603548120e-02 0.000000000000000000e+00
6.920780184227076637e-01 6.693117999166858789e-02 0.000000000000000000e+00
7.022389537160642625e-01 6.582296692760621071e-02 0.000000000000000000e+00
7.122410127615967923e-01 6.470009669507173489e-02 0.000000000000000000e+00
7.220664307511989177e-01 6.356727725528840689e-02 0.000000000000000000e+00
7.316974428767640815e-01 6.242921656947961195e-02 0.000000000000000000e+00
7.411162843301857261e-01 6.129062259886862429e-02 0.000000000000000000e+00
7.503051903033575165e-01 6.015620330467882221e-02 0.000000000000000000e+00
7.592463959881728952e-01 5.903066664813349379e-02 0.000000000000000000e+00
7.679221528742661285e-01 5.791871521225754743e-02 0.000000000000000000e+00
7.763309450009897583e-01 5.681969489440546334e-02 0.000000000000000000e+00
7.845179494347490623e-01 5.571754305333199292e-02 0.000000000000000000e+00
7.925366876851772657e-01 5.459344341017816071e-02 0.000000000000000000e+00
8.004406812619078160e-01 5.342857968608504676e-02 0.000000000000000000e+00
8.082834516745742715e-01 5.220413560219373805e-02 0.000000000000000000e+00
8.161185204328101905e-01 5.090129487964521054e-02 0.000000000000000000e+00
8.239994090462489096e-01 4.950124123958055122e-02 0.000000000000000000e+00
8.319796390245243201e-01 4.798515840314082626e-02 0.000000000000000000e+00
8.401127318772695363e-01 4.633423009146707405e-02 0.000000000000000000e+00
8.484522091141183386e-01 4.452964002570041629e-02 0.000000000000000000e+00
8.570515942541606647e-01 4.255257141435363905e-02 0.000000000000000000e+00
8.659781856412740453e-01 4.038069339994854179e-02 0.000000000000000000e+00
8.753459472292592913e-01 3.797977036140184892e-02 0.000000000000000000e+00
8.852787154320458374e-01 3.531304813551286448e-02 0.000000000000000000e+00
8.959003266635626739e-01 3.234377255908101739e-02 0.000000000000000000e+00
9.073346173377404567e-01 2.903518946890552149e-02 0.000000000000000000e+00
9.197054238685072880e-01 2.535054470178574326e-02 0.000000000000000000e+00
9.331365826697933796e-01 2.125308409452106306e-02 0.000000000000000000e+00
9.477519301555277220e-01 1.670605348391078840e-02 0.000000000000000000e+00
9.636753027396396387e-01 1.167269870675438810e-02 0.000000000000000000e+00
1.000000000000000000e+00 0.000000000000000000e+00 0.000000000000000000e+00
