100
1.000000000000000000e+00 0.000000000000000000e+00 0.000000000000000000e+00
9.810004286541487151e-01 1.765946346628919587e-03 0.000000000000000000e+00
9.636114346871850200e-01 2.458972871100421204e-03 0.000000000000000000e+00
9.476516216060537623e-01 2.242019505857368190e-03 0.000000000000000000e+00
9.329980279728143922e-01 1.278026183342622366e-03 0.000000000000000000e+00
9.195276923495285804e-01 -2.700671640009545552e-04 0.000000000000000000e+00
9.071176532982559992e-01 -2.239320603730496524e-03 0.000000000000000000e+00
8.956449493810576534e-01 -4.466794203403147250e-03 0.000000000000000000e+00
8.849866191599936593e-01 -6.789548030576041115e-03 0.000000000000000000e+00
8.750197011971252437e-01 -9.044642152806316518e-03 0.000000000000000000e+00
8.656212340545123007e-01 -1.106913663765111272e-02 0.000000000000000000e+00
8.566682562942155021e-01 -1.270009155266755771e-02 0.000000000000000000e+00
8.480474714429228067e-01 -1.380700501090921690e-02 0.000000000000000000e+00
8.396912678377319583e-01 -1.441270480801933734e-02 0.000000000000000000e+00
8.315455191266543089e-01 -1.458527882551086986e-02 0.000000000000000000e+00
8.235561009249244835e-01 -1.439282154738925901e-02 0.000000000000000000e+00
8.156688888477765520e-01 -1.390342745765993024e-02 0.000000000000000000e+00
8.078297585104448064e-01 -1.318519104032832463e-02 0.000000000000000000e+00
7.999845855281632057e-01 -1.230620677939986245e-02 0.000000000000000000e+00
7.920792455161663748e-01 -1.133456915887998302e-02 0.000000000000000000e+00
7.840596140896883837e-01 -1.033837266277411529e-02 0.000000000000000000e+00
7.758715668639636354e-01 -9.385711775087696856e-03 0.000000000000000000e+00
7.674609794542264218e-01 -8.544680979826153183e-03 0.000000000000000000e+00
7.587821279174360445e-01 -7.878056396550156895e-03 0.000000000000000000e+00
7.498362946885656077e-01 -7.418854156276931400e-03 0.000000000000000000e+00
7.406411036868818520e-01 -7.189744509189737766e-03 0.000000000000000000e+00
7.312141952387637422e-01 -7.213387318041285939e-03 0.000000000000000000e+00
7.215732096705907983e-01 -7.512442445584291070e-03 0.000000000000000000e+00
7.117357873087423181e-01 -8.109569754571457900e-03 0.000000000000000000e+00
7.017195684795979327e-01 -9.027429107755500712e-03 0.000000000000000000e+00
6.915421935095366068e-01 -1.028868036788912685e-02 0.000000000000000000e+00
6.812213027249378605e-01 -1.191598339772505927e-02 0.000000000000000000e+00
6.707745364521808806e-01 -1.393199806001598623e-02 0.000000000000000000e+00
6.602195350176452981e-01 -1.635938421751463590e-02 0.000000000000000000e+00
6.495728289538466038e-01 -1.920877856215833998e-02 0.000000000000000000e+00
6.388435708836943672e-01 -2.241088774630388067e-02 0.000000000000000000e+00
6.280379036691401407e-01 -2.586381158305667977e-02 0.000000000000000000e+00
6.171619612937842003e-01 -2.946555370015572356e-02 0.000000000000000000e+00
6.062218777412273774e-01 -3.311411772533996017e-02 0.000000000000000000e+00
5.952237869950696147e-01 -3.670750728634834120e-02 0.000000000000000000e+00
5.841738230389118547e-01 -4.014372601091983905e-02 0.000000000000000000e+00
5.730781198563541512e-01 -4.332077752679334981e-02 0.000000000000000000e+00
5.619428114309975575e-01 -4.613666546170787364e-02 0.000000000000000000e+00
5.507740317464417945e-01 -4.848939344340232049e-02 0.000000000000000000e+00
5.395779147862875824e-01 -5.027696509961569749e-02 0.000000000000000000e+00
5.283604977246773027e-01 -5.141285964629275368e-02 0.000000000000000000e+00
5.171270489049513142e-01 -5.193345863836584808e-02 0.000000000000000000e+00
5.058824700363784288e-01 -5.193375234528448126e-02 0.000000000000000000e+00
4.946316605702822389e-01 -5.150909198316188514e-02 0.000000000000000000e+00
4.833795199579844493e-01 -5.075482876811125005e-02 0.000000000000000000e+00
4.721309476508083747e-01 -4.976631391624579404e-02 0.000000000000000000e+00
4.608908431000764971e-01 -4.863889864367874905e-02 0.000000000000000000e+00
4.496641057571111877e-01 -4.746793416652329844e-02 0.000000000000000000e+00
4.384556350732356500e-01 -4.634877170089268805e-02 0.000000000000000000e+00
4.272703304997719775e-01 -4.537676246290010124e-02 0.000000000000000000e+00
4.161130914880432630e-01 -4.464725766865876300e-02 0.000000000000000000e+00
4.049888734990417238e-01 -4.424572785728179969e-02 0.000000000000000000e+00
3.939031674380471526e-01 -4.416318573491349181e-02 0.000000000000000000e+00
3.828617616453958705e-01 -4.433817343029259478e-02 0.000000000000000000e+00
3.718704476481373700e-01 -4.470867090346191536e-02 0.000000000000000000e+00
3.609350169733208658e-01 -4.521265811446425337e-02 0.000000000000000000e+00
3.500612611479959058e-01 -4.578811502334241557e-02 0.000000000000000000e+00
3.392549716992119269e-01 -4.637302159013921565e-02 0.000000000000000000e+00
3.285219401540183659e-01 -4.690535777489747427e-02 0.000000000000000000e+00
3.178679580394648263e-01 -4.732310353765999122e-02 0.000000000000000000e+00
3.072988168826002453e-01 -4.756423883846955941e-02 0.000000000000000000e+00
2.968203082104746149e-01 -4.756674363736899253e-02 0.000000000000000000e+00
2.864365798220551707e-01 -4.727323285093976146e-02 0.000000000000000000e+00
2.761326711773578468e-01 -4.668020276552536235e-02 0.000000000000000000e+00
2.658812937757846773e-01 -4.581891184150926194e-02 0.000000000000000000e+00
2.556549536507272125e-01 -4.472119790884225565e-02 0.000000000000000000e+00
2.454261568355774747e-01 -4.341889879747517361e-02 0.000000000000000000e+00
2.351674093637266816e-01 -4.194385233735880431e-02 0.000000000000000000e+00
2.248512172685667443e-01 -4.032789635844399867e-02 0.000000000000000000e+00
2.144500865834894909e-01 -3.860286869068153132e-02 0.000000000000000000e+00
2.039365233418862777e-01 -3.680060716402219767e-02 0.000000000000000000e+00
1.932830335771491548e-01 -3.495294960841687643e-02 0.000000000000000000e+00
1.824621233226696726e-01 -3.309173385381630056e-02 0.000000000000000000e+00
1.714497774379520056e-01 -3.124763221646934680e-02 0.000000000000000000e+00
1.602718108499948113e-01 -2.943462240802040969e-02 0.000000000000000000e+00
1.489912914599371696e-01 -2.765420124845766395e-02 0.000000000000000000e+00
1.376721836658058307e-01 -2.590756520374996180e-02 0.000000000000000000e+00
1.263784518656270728e-01 -2.419591073986604793e-02 0.000000000000000000e+00
1.151740604574272436e-01 -2.252043432277478496e-02 0.000000000000000000e+00
1.041229738392329407e-01 -2.088233241844492799e-02 0.000000000000000000e+00
9.328915640907016471e-02 -1.928280149284530842e-02 0.000000000000000000e+00
8.273657256496586010e-02 -1.772303801194474726e-02 0.000000000000000000e+00
7.252918670494598596e-02 -1.620423844171202041e-02 0.000000000000000000e+00
6.273096322703711203e-02 -1.472759924811594540e-02 0.000000000000000000e+00
5.340583022076249992e-02 -1.329333564425595055e-02 0.000000000000000000e+00
4.461706396539139030e-02 -1.188404739171992040e-02 0.000000000000000000e+00
3.642737694175276347e-02 -1.046709735753974593e-02 0.000000000000000000e+00
2.889946304072140565e-02 -9.009346007278130897e-03 0.000000000000000000e+00
2.209601615317221407e-02 -7.477653806497815484e-03 0.000000000000000000e+00
1.607973016998032190e-02 -5.838881220761556363e-03 0.000000000000000000e+00
1.091329898202039739e-02 -4.059888715632039950e-03 0.000000000000000000e+00
6.659416480167439263e-03 -2.107536756672041128e-03 0.000000000000000000e+00
3.380776555296478338e-03 5.131419055575889288e-05 0.000000000000000000e+00
1.140073098282402744e-03 2.449803660488606045e-03 0.000000000000000000e+00
0.000000000000000000e+00 5.121071187563739323e-03 0.000000000000000000e+00
101
0.000000000000000000e+00 5.121071187563739323e-03 0.000000000000000000e+00
2.063591442380167812e-05 8.096444172807417197e-03 0.000000000000000000e+00
1.201909046816058979e-03 1.136557094879200695e-02 0.000000000000000000e+00
3.483597153726738973e-03 1.487642077963590576e-02 0.000000000000000000e+00
6.802862754805564204e-03 1.857515079604650857e-02 0.000000000000000000e+00
1.109686836970213281e-02 2.240791812873120514e-02 0.000000000000000000e+00
1.630277651806582781e-02 2.632087990839729330e-02 0.000000000000000000e+00
2.235774971954647417e-02 3.026019326575233800e-02 0.000000000000000000e+00
2.919895049379356289e-02 3.417201533150366483e-02 0.000000000000000000e+00
3.676354136045657806e-02 3.800250323635863403e-02 0.000000000000000000e+00
4.498868483918525701e-02 4.169781411102466140e-02 0.000000000000000000e+00
5.381154344962885139e-02 4.520410508620906209e-02 0.000000000000000000e+00
6.316926473998635272e-02 4.846855742505073311e-02 0.000000000000000000e+00
7.299854220242071867e-02 5.146941240708328286e-02 0.000000000000000000e+00
8.323554439259601978e-02 5.422081995521512571e-02 0.000000000000000000e+00
9.381641062506124173e-02 5.673893025100962967e-02 0.000000000000000000e+00
1.046772802143653702e-01 5.903989347603014887e-02 0.000000000000000000e+00
1.157542924750578628e-01 6.113985981184016233e-02 0.000000000000000000e+00
1.269835867216877190e-01 6.305497944000303112e-02 0.000000000000000000e+00
1.383013022688037996e-01 6.480140254208210937e-02 0.000000000000000000e+00
1.496435784309553263e-01 6.639527929964081365e-02 0.000000000000000000e+00
1.609465545226910488e-01 6.785275989424248422e-02 0.000000000000000000e+00
1.721463698585606883e-01 6.918999450745061397e-02 0.000000000000000000e+00
1.831800574170908413e-01 7.042302521411218652e-02 0.000000000000000000e+00
1.940217854324325364e-01 7.156340182951931306e-02 0.000000000000000000e+00
2.046953947443962418e-01 7.261666526358151463e-02 0.000000000000000000e+00
2.152281940258964910e-01 7.358793692172027612e-02 0.000000000000000000e+00
2.256474919498478449e-01 7.448233820935708238e-02 0.000000000000000000e+00
2.359805971891656418e-01 7.530499053191351544e-02 0.000000000000000000e+00
2.462548184167639154e-01 7.606101529481097689e-02 0.000000000000000000e+00
2.564974643055575876e-01 7.675553390347106264e-02 0.000000000000000000e+00
2.667358435284615248e-01 7.739366776331522979e-02 0.000000000000000000e+00
2.769972647583900938e-01 7.798053827976501873e-02 0.000000000000000000e+00
2.873090366682582997e-01 7.852126685824190044e-02 0.000000000000000000e+00
2.976982662269185287e-01 7.902093794811422545e-02 0.000000000000000000e+00
3.081799581594980020e-01 7.948241863555996489e-02 0.000000000000000000e+00
3.187503587133482807e-01 7.990513909381209701e-02 0.000000000000000000e+00
3.294041005033248037e-01 8.028823384767816429e-02 0.000000000000000000e+00
3.401358161442831207e-01 8.063083742196575088e-02 0.000000000000000000e+00
3.509401382510779488e-01 8.093208434148241315e-02 0.000000000000000000e+00
3.618116994385650598e-01 8.119110913103573524e-02 0.000000000000000000e+00
3.727451323215993928e-01 8.140704631543331515e-02 0.000000000000000000e+00
3.837350695150361646e-01 8.157903041948265377e-02 0.000000000000000000e+00
3.947761436337308139e-01 8.170619596799137685e-02 0.000000000000000000e+00
4.058629872925385573e-01 8.178767748576704077e-02 0.000000000000000000e+00
4.169902324000039351e-01 8.182261035372835611e-02 0.000000000000000000e+00
4.281524449404387478e-01 8.181020985878353913e-02 0.000000000000000000e+00
4.393440722209763227e-01 8.174983513505927613e-02 0.000000000000000000e+00
4.505595491346302550e-01 8.164086036369165578e-02 0.000000000000000000e+00
4.617933105744138622e-01 8.148265972581680838e-02 0.000000000000000000e+00
4.730397914333401288e-01 8.127460740257083649e-02 0.000000000000000000e+00
4.842934266044222058e-01 8.101607757508982877e-02 0.000000000000000000e+00
4.955486509806733553e-01 8.070644442450986000e-02 0.000000000000000000e+00
5.067998994551070613e-01 8.034508213196706050e-02 0.000000000000000000e+00
5.180416069207366414e-01 7.993136487859757444e-02 0.000000000000000000e+00
5.292682082705748581e-01 7.946466684553743498e-02 0.000000000000000000e+00
5.404741386766623856e-01 7.894436705877928839e-02 0.000000000000000000e+00
5.516538786180446019e-01 7.837063122789621195e-02 0.000000000000000000e+00
5.628020035824538025e-01 7.774527473611239636e-02 0.000000000000000000e+00
5.739131010209036488e-01 7.707032068987612616e-02 0.000000000000000000e+00
5.849817583844070246e-01 7.634779219563579689e-02 0.000000000000000000e+00
5.960025631239778132e-01 7.557971235983965141e-02 0.000000000000000000e+00
6.069701026906294539e-01 7.476810428893600202e-02 0.000000000000000000e+00
6.178789645353754967e-01 7.391499108937317486e-02 0.000000000000000000e+00
6.287237361092294918e-01 7.302239586759945444e-02 0.000000000000000000e+00
6.394990048632053226e-01 7.209234173006320856e-02 0.000000000000000000e+00
6.501993582483157619e-01 7.112685178321266621e-02 0.000000000000000000e+00
6.608193741817340872e-01 7.012795080758875421e-02 0.000000000000000000e+00
6.713503986086415409e-01 6.909823110109940270e-02 0.000000000000000000e+00
6.817758548526129392e-01 6.804167613254391567e-02 0.000000000000000000e+00
6.920779745071370392e-01 6.696247863228757535e-02 0.000000000000000000e+00
7.022389891657028205e-01 6.586483133069569174e-02 0.000000000000000000e+00
7.122411304217990402e-01 6.475292695813363031e-02 0.000000000000000000e+00
7.220666298689153439e-01 6.363095824496660391e-02 0.000000000000000000e+00
7.316977191005404890e-01 6.250311792156000579e-02 0.000000000000000000e+00
7.411166297101632328e-01 6.137359871827910429e-02 0.000000000000000000e+00
7.503055932912729986e-01 6.024659336548924410e-02 0.000000000000000000e+00
7.592468414373585439e-01 5.912629459355569356e-02 0.000000000000000000e+00
7.679226220383860158e-01 5.801688956833528366e-02 0.000000000000000000e+00
7.763314142753308111e-01 5.691702320515509145e-02 0.000000000000000000e+00
7.845183867355393081e-01 5.580939810230697851e-02 0.000000000000000000e+00
7.925370518025380839e-01 5.467386782969808207e-02 0.000000000000000000e+00
8.004409218598544928e-01 5.349028595723552548e-02 0.000000000000000000e+00
8.082835092910157782e-01 5.223850605482650844e-02 0.000000000000000000e+00
8.161183264795491832e-01 5.089838169237807103e-02 0.000000000000000000e+00
8.239988858089816182e-01 4.944976643979737824e-02 0.000000000000000000e+00
8.319786996628407705e-01 4.787251386699159506e-02 0.000000000000000000e+00
8.401112804246536614e-01 4.614647754386784484e-02 0.000000000000000000e+00
8.484501404779476452e-01 4.425151104033331340e-02 0.000000000000000000e+00
8.570487942183823149e-01 4.216746779913993493e-02 0.000000000000000000e+00
8.659745492117503218e-01 3.987332961481349775e-02 0.000000000000000000e+00
8.753414407831404676e-01 3.734512535893889928e-02 0.000000000000000000e+00
8.852733898659355116e-01 3.455825919008340130e-02 0.000000000000000000e+00
8.958943173935187687e-01 3.148813526681434882e-02 0.000000000000000000e+00
9.073281442992747747e-01 2.811015774769888564e-02 0.000000000000000000e+00
9.196987915165851790e-01 2.439973079130432904e-02 0.000000000000000000e+00
9.331301799788346285e-01 2.033225855619797545e-02 0.000000000000000000e+00
9.477462306194055497e-01 1.588314520094707624e-02 0.000000000000000000e+00
9.636708643716818123e-01 1.102779488411902153e-02 0.000000000000000000e+00
1.000000000000000000e+00 0.000000000000000000e+00 0.000000000000000000e+00
