100
1.0 0.0 0.0
0.9913846316831292 5.924833920196511e-05 0.0
0.9824752346166915 -0.0001239036426884132 0.0
0.9733136068563535 -0.0004652336057195651 0.0
0.9639416740052346 -0.000880519209939921 0.0
0.9544013616664554 -0.0012855381153979118 0.0
0.9447345954431355 -0.0015960679821419666 0.0
0.934983300938395 -0.0017278864702205163 0.0
0.9251891203120358 -0.0015980168746267472 0.0
0.9153781592196633 -0.0011917600304875307 0.0
0.9055532510263185 -0.0005966904075227453 0.0
0.8957153188679297 9.122273101744333e-05 0.0
0.8858652858804259 0.0007760101218828663 0.0
0.8760040751997347 0.00136170250182336 0.0
0.866132609961785 0.0017523306075887546 0.0
0.8562518133025052 0.0018519251759288864 0.0
0.8463584656534684 0.0015701713828056311 0.0
0.8364054086395654 0.0008767271394175338 0.0
0.8263190194492237 -0.00022262793739832946 0.0
0.8160253115766624 -0.0017216178191319358 0.0
0.8054502985160998 -0.0036139664772732805 0.0
0.7945199937617553 -0.005893397883312336 0.0
0.7831604108078468 -0.0085536360087391 0.0
0.7712975643483317 -0.0115884038741006 0.0
0.7588810787237886 -0.014972710893782729 0.0
0.7459447411042179 -0.01861485688382739 0.0
0.7325410845678711 -0.02240828317680336 0.0
0.7187226421929992 -0.026246431105279352 0.0
0.7045419470578538 -0.030022742001824133 0.0
0.6900515322406864 -0.033630657199006486 0.0
0.6753039308197478 -0.03696361802939513 0.0
0.6603513293470111 -0.03991612509360012 0.0
0.6452311329495103 -0.04242786312979931 0.0
0.6299607508018995 -0.04449964087922336 0.0
0.6145561727071971 -0.04613660584499985 0.0
0.59903338846842 -0.047343905530256435 0.0
0.5834083878885866 -0.048126687438120715 0.0
0.5676971607707146 -0.04849009907172031 0.0
0.5519156969178217 -0.04843928793418285 0.0
0.5360800074152435 -0.04798539022221957 0.0
0.5202063009645246 -0.04719514993333628 0.0
0.5043108935165652 -0.04616549027392039 0.0
0.48841010208653673 -0.044993633928694175 0.0
0.4725202436896105 -0.04377680358237997 0.0
0.45665763534095766 -0.0426122219197001 0.0
0.44083859405574993 -0.04159711162537687 0.0
0.42507943681372856 -0.04082868304479985 0.0
0.40939638351745694 -0.04037033675162255 0.0
0.3938053453711569 -0.04017796071324443 0.0
0.3783221723566534 -0.04018612053007222 0.0
0.36296271445577283 -0.04032938180251273 0.0
0.3477428216503405 -0.040542310130972696 0.0
0.3326783439221819 -0.040759471115858925 0.0
0.3177851312531231 -0.04091543035757815 0.0
0.3030790130911223 -0.04094627973964923 0.0
0.2885751195755992 -0.040840090775333196 0.0
0.27428772584413064 -0.040648487296714365 0.0
0.26023105496682425 -0.04042696331281416 0.0
0.24641933001378777 -0.04023101283265397 0.0
0.232866774055128 -0.04011612986525517 0.0
0.21958761016095305 -0.04013780841963917 0.0
0.20659606140137007 -0.04035154250482736 0.0
0.1939100972236258 -0.04080292468284032 0.0
0.18157828373706011 -0.04145668239804276 0.0
0.16966412760304278 -0.042238056124160095 0.0
0.15823123663512695 -0.04307201899584876 0.0
0.14734321864686545 -0.043883544147765075 0.0
0.1370636814518108 -0.044597604714565475 0.0
0.127456232863516 -0.04513917383090634 0.0
0.11858443817400507 -0.04543325666523995 0.0
0.11047362322197192 -0.04543366626003514 0.0
0.10304047763960583 -0.0451760572605585 0.0
0.09618252959833744 -0.04471051968966234 0.0
0.08979730726959763 -0.044087143570199 0.0
0.08378233882481759 -0.0433560189250208 0.0
0.07803515243542787 -0.04256723577698005 0.0
0.07245327627285991 -0.04177088414892912 0.0
0.06693656416969539 -0.04101531431779488 0.0
0.061449417822413054 -0.040300590556695 0.0
0.056027602270595014 -0.039573392712850895 0.0
0.050710575617595906 -0.03877763798138948 0.0
0.045537795966770385 -0.03785724355743771 0.0
0.040548721421472984 -0.03675612663612246 0.0
0.03578281008505848 -0.03541820441257068 0.0
0.0312795200608814 -0.03378739408190926 0.0
0.027074900617196175 -0.03181914570757883 0.0
0.023180420674652234 -0.0295520702873813 0.0
0.019596767576431896 -0.027061255360072676 0.0
0.016324582655093543 -0.024421944128866335 0.0
0.013364507243195878 -0.02170937979697568 0.0
0.010717182673296846 -0.018998805567613995 0.0
0.00838325027795516 -0.016365464643994715 0.0
0.006363340739042293 -0.013884531494116122 0.0
0.0046536340827002904 -0.01160245785800461 0.0
0.0032389939803880853 -0.009492664309739234 0.0
0.00210251209555484 -0.007517135602001825 0.0
0.0012272800916500546 -0.005637856487474289 0.0
0.0005963896321231164 -0.0038168117188384617 0.0
0.00019293238042330255 -0.002015986048776233 0.0
0.0 0.0 0.0
100
0.0 0.0 0.0
0.0001970866099244241 0.0035866805108977066 0.0
0.0006032784576607598 0.005473910535375126 0.0
0.0012368511777778803 0.007270338443414443 0.0
0.002114692172647973 0.008909715780551726 0.0
0.003253688844643115 0.010325794092323008 0.0
0.004670728596135271 0.011452324924264429 0.0
0.00638269882949674 0.012223059821912016 0.0
0.008404721666540998 0.012592259234080218 0.0
0.010740645837082848 0.012645157071541558 0.0
0.013389886312178734 0.01251849833722454 0.0
0.01635184745263344 0.012349151303198315 0.0
0.019625933619252085 0.012273984241532069 0.0
0.023211549172839675 0.01242986542429495 0.0
0.02710809847420122 0.012953663123556143 0.0
0.031314939739733434 0.013981909517009214 0.0
0.0358206182590233 0.015572380459509904 0.0
0.040589027502344555 0.017603299435465927 0.0
0.04558064219308009 0.019927989369187986 0.0
0.05075593705461225 0.022399773184986767 0.0
0.05607538681032384 0.024871973807172928 0.0
0.06149946618359775 0.027197914160057277 0.0
0.06698864989781655 0.029230917167950468 0.0
0.07250710908574554 0.030831580516552957 0.0
0.07809044287253453 0.03200107658104417 0.0
0.08383885672225107 0.03286772699179762 0.0
0.08985488386697014 0.033564434570032886 0.0
0.09624105753876715 0.03422410213696954 0.0
0.10309991096971693 0.0349796325138271 0.0
0.11053397739189481 0.035963928521825145 0.0
0.11864579003737584 0.03730989298218322 0.0
0.12751871222656022 0.03912459587727193 0.0
0.13712742316073478 0.041368647498770915 0.0
0.14740834572283562 0.043951104989671474 0.0
0.1582978602555156 0.04678096816686568 0.0
0.1697323471014282 0.04976723684724561 0.0
0.18164818660322662 0.05281891084770332 0.0
0.1939817591035644 0.055844989985130995 0.0
0.2066695460045332 0.058754616334134854 0.0
0.21966295556154408 0.0614779439605839 0.0
0.23294396463860118 0.06398815725448029 0.0
0.24649829304186396 0.06626370941005458 0.0
0.2603116605774932 0.06828305362153732 0.0
0.2743697870516484 0.07002464308315902 0.0
0.2886583922704899 0.0714669309891503 0.0
0.30316319604017733 0.07258837053374158 0.0
0.3178698694286344 0.07336803475617781 0.0
0.3327632831713984 0.07379517519364116 0.0
0.34782765340977745 0.0738673684069151 0.0
0.36304717706416323 0.0735824354052909 0.0
0.37840605105494757 0.07293819719805986 0.0
0.39388847230252233 0.07193247479451333 0.0
0.4094786377272795 0.0705630892039425 0.0
0.4251607442496109 0.06882786143563875 0.0
0.4409189263273151 0.06674426225394371 0.0
0.4567370034664677 0.06442884130963056 0.0
0.47259869612944877 0.06202930585117962 0.0
0.4884877247424916 0.05969337449845714 0.0
0.5043878097318292 0.05756876587132951 0.0
0.5202826715236938 0.055803198589663046 0.0
0.5361560305443189 0.0545443912733241 0.0
0.5519916075807728 0.0539388143651686 0.0
0.5677731597825062 0.05400715627200419 0.0
0.583484511299798 0.05453834112770699 0.0
0.5991094934985961 0.05529633316494512 0.0
0.614631937744848 0.05604509661638666 0.0
0.6300356754045011 0.05654859571469969 0.0
0.6453045378435044 0.056570794692552356 0.0
0.6604223564278041 0.05587565778261271 0.0
0.6753715600575227 0.05424561074211067 0.0
0.690114819847621 0.05172316326707312 0.0
0.7046002015462939 0.048543084524158675 0.0
0.7187754285028544 0.04494465088817066 0.0
0.7325882240666141 0.041167138733912666 0.0
0.7459863115868854 0.03744982443618817 0.0
0.7589174144129804 0.034031984369800636 0.0
0.7713292558942112 0.031152894909553596 0.0
0.7831882530499193 0.028996239019775036 0.0
0.7945447511968066 0.02749610393114365 0.0
0.8054726395064538 0.026516559419954417 0.0
0.8160458083468386 0.025921671704523988 0.0
0.8263381480859366 0.025575507003169004 0.0
0.8364235490917251 0.025342131534206138 0.0
0.8463759017321807 0.025085611515952025 0.0
0.8562687328876776 0.024670788222528096 0.0
0.8661491200360361 0.024018900348099594 0.0
0.8760202268091343 0.023144823016245326 0.0
0.8858810764878807 0.02207225972057032 0.0
0.8957306923531854 0.02082491395467951 0.0
0.9055680976859575 0.019426489212177916 0.0
0.9153923157671054 0.01790068898667051 0.0
0.9252023698775395 0.01627121677176231 0.0
0.934995378208348 0.01456031245577485 0.0
0.9447452492719852 0.012772384847395499 0.0
0.9544103968762235 0.010899938785533103 0.0
0.9639489521480944 0.008935261936645506 0.0
0.97331904621463 0.00687064196719055 0.0
0.9824788102028623 0.004698366543626127 0.0
0.9913863752398236 0.00241072333240998 0.0
1.0 0.0 0.0
