100
1.0 0.0 0.0
0.9913846699593467 0.0008756621819398924 0.0
0.9824753178354352 0.0014439000160605389 0.0
0.9733139003552433 0.0017032738518988216 0.0
0.9639422809084932 0.0016523440389916214 0.0
0.9544023228849084 0.0012896709268758212 0.0
0.9447358896742117 0.0006138148650883018 0.0
0.9349848446661262 -0.00037666379683405594 0.0
0.9251907686559931 -0.0016827259000658874 0.0
0.9153797524680847 -0.003279087100104952 0.0
0.9055546843385623 -0.005101150116972917 0.0
0.8957165479957706 -0.007081090798216396 0.0
0.8858663271680544 -0.009151084991381998 0.0
0.8760050055837575 -0.011243308544016346 0.0
0.8661335669712252 -0.013289937303666045 0.0
0.8562529950588019 -0.01522314711787771 0.0
0.8463601274032302 -0.01697977679776203 0.0
0.8364078259798787 -0.018546121991572805 0.0
0.8263224661781781 -0.019938266305475853 0.0
0.8160300593889557 -0.021172702714180314 0.0
0.8054566170030382 -0.02226592419239536 0.0
0.7945281504112527 -0.02323442371483014 0.0
0.7831706710044257 -0.024094694256193802 0.0
0.7713101913724087 -0.024863228731238158 0.0
0.7588963196983863 -0.02555534015360592 0.0
0.7459627768983011 -0.02618213546738854 0.0
0.7325620186381263 -0.026753784782751505 0.0
0.7187465005838344 -0.027280458209860275 0.0
0.7045686784013987 -0.02777232585888035 0.0
0.6900810077567922 -0.028239557839977225 0.0
0.6753359443159875 -0.02869232426331636 0.0
0.6603855980834965 -0.02914130545831605 0.0
0.6452673345285403 -0.029618945666841652 0.0
0.629998573071382 -0.030187130822521654 0.0
0.6145953173029381 -0.030909836717043972 0.0
0.599073570814126 -0.03185103914209651 0.0
0.5834493371958633 -0.03307471388936721 0.0
0.5677386200390673 -0.034644836750543966 0.0
0.5519574229346551 -0.036625383517314695 0.0
0.5361217730281805 -0.03906641313016518 0.0
0.5202479161809372 -0.04188876010383221 0.0
0.5043522169546145 -0.044943126869395764 0.0
0.48845104108880577 -0.04807951991392617 0.0
0.4725607543231037 -0.05114794572449378 0.0
0.45669772239710177 -0.05399841078816895 0.0
0.44087831105039293 -0.05648092159202197 0.0
0.4251188859810634 -0.058445504342774804 0.0
0.40943569915871336 -0.05979621709252896 0.0
0.393844640904658 -0.060608935217762845 0.0
0.37836152981655374 -0.06099360965291682 0.0
0.36300218449205773 -0.06106019133243129 0.0
0.34778242352882605 -0.06091863119074663 0.0
0.3327180655245154 -0.06067888016230324 0.0
0.31782492907678284 -0.0604508891815415 0.0
0.3031188130816191 -0.06034268681101103 0.0
0.2886148454682273 -0.060396832645991334 0.0
0.27432733381569585 -0.06057584137375428 0.0
0.26027053574584696 -0.06083735314728825 0.0
0.24645870888050328 -0.06113900811958162 0.0
0.2329061108414864 -0.06143844644362272 0.0
0.21962699925061901 -0.06169330827239994 0.0
0.206635631729723 -0.061861233758901665 0.0
0.19395000468376813 -0.06189823712218239 0.0
0.18161864915968484 -0.06174705357885867 0.0
0.16970500647159376 -0.06134393412101881 0.0
0.15827261888076083 -0.06062508584053488 0.0
0.1473850286484519 -0.05952671582927897 0.0
0.13710577803593268 -0.05798503117912314 0.0
0.1274984093044689 -0.0559362389819395 0.0
0.11862642222550669 -0.053316597473808784 0.0
0.11051510563294298 -0.050108358688279904 0.0
0.10308119316595221 -0.0464244405352309 0.0
0.0962222712919629 -0.04240080802036749 0.0
0.08983592647840342 -0.03817342614939552 0.0
0.08381974519270251 -0.0338782599280207 0.0
0.07807131390228843 -0.029651274361948865 0.0
0.07248821907459026 -0.025628434456885844 0.0
0.06697037120995299 -0.021943530106721582 0.0
0.06148218348158153 -0.01866998178249735 0.0
0.056059382443115806 -0.01581446624638982 0.0
0.050741385126392674 -0.013380206263572088 0.0
0.04556760856324923 -0.011370424599217234 0.0
0.0405774697855221 -0.009788344018498256 0.0
0.0358103858250484 -0.008637187286588247 0.0
0.031305773713664886 -0.007920177168660234 0.0
0.027099648673795926 -0.0076307494642644975 0.0
0.023203496240923785 -0.007691768352464916 0.0
0.01961804259414303 -0.007995143470693028 0.0
0.01634396799675335 -0.008432652357179111 0.0
0.013381952712054786 -0.008896072550153442 0.0
0.010732677003346701 -0.009277181587846302 0.0
0.008396821133928789 -0.009467757008487973 0.0
0.0063750546806941415 -0.009359674224425492 0.0
0.004663581638286666 -0.008885707794547087 0.0
0.003247251694106436 -0.008082623526798748 0.0
0.0021091365846190465 -0.0070034710353024335 0.0
0.0012323080462903126 -0.005701299934180137 0.0
0.0005998378155861637 -0.004229159837553803 0.0
0.000194797628972082 -0.0026401003595454197 0.0
0.0 0.0 0.0
100
0.0 0.0 0.0
0.00019402768363683406 0.0023020073576471324 0.0
0.0005985803180487657 0.003842436936160143 0.0
0.0012306016135827887 0.005251911763644709 0.0
0.002107035280586229 0.0064843318012586075 0.0
0.0032448250294059675 0.007493597010159586 0.0
0.004660914570388997 0.008233607351505471 0.0
0.006372247613882533 0.00865826278645401 0.0
0.00839398458885908 0.008739394379285129 0.0
0.010729897575918846 0.008563344371242168 0.0
0.013379279685237281 0.008261491575873022 0.0
0.016341413308544626 0.007965322581950941 0.0
0.019615580837571017 0.0078063239782492026 0.0
0.023201064664046575 0.007915982353541065 0.0
0.027097147179701436 0.008425784296599799 0.0
0.03130306493585039 0.009466864648930868 0.0
0.03580731279103033 0.011087934018277032 0.0
0.04057389618716298 0.013149788366023957 0.0
0.045563424341500056 0.01548716340198253 0.0
0.05073650647129266 0.01793479483596363 0.0
0.05605375179379252 0.020327418377778114 0.0
0.06147576952625117 0.022499769737236962 0.0
0.06696316888592002 0.024286584624151026 0.0
0.07248024857994677 0.025532396428262202 0.0
0.07806260159836959 0.026271065135763584 0.0
0.08381030633043196 0.02670769589665709 0.0
0.08982576457592382 0.027053563828481387 0.0
0.09621137813463543 0.027519944048775138 0.0
0.10306954880635667 0.02831811167507698 0.0
0.11050267839087795 0.02965934182492558 0.0
0.11861316868798902 0.03175490961585959 0.0
0.12748427892381478 0.034763529015180164 0.0
0.137090739198647 0.03854591771300209 0.0
0.14736907785136 0.042857900057702895 0.0
0.15825578074121158 0.047455183758303175 0.0
0.16968733372745987 0.05209347652382351 0.0
0.18160022266936268 0.05652848606328443 0.0
0.19393093342617845 0.06051592008570668 0.0
0.20661605269315697 0.06381224366792002 0.0
0.2196070610149999 0.06628578791724252 0.0
0.23288593995658874 0.06803397367795266 0.0
0.2464384057491666 0.06918227245392979 0.0
0.26025017462397754 0.06985615574905325 0.0
0.2743069628122648 0.07018109506720237 0.0
0.2885944865452717 0.07028256191225651 0.0
0.30309846205424157 0.07028602778809495 0.0
0.3178045572921513 0.07031106160952996 0.0
0.3326976474327744 0.07038030565768752 0.0
0.3477619592334258 0.07043712563300497 0.0
0.3629817004119026 0.07042255942968294 0.0
0.3783410786860018 0.07027764494192214 0.0
0.39382430177352057 0.06994342006392323 0.0
0.4094155773922566 0.0693609226898869 0.0
0.4250991132600066 0.06847119071401384 0.0
0.4408590367549267 0.06723649054879373 0.0
0.45667907016298764 0.06572612800477898 0.0
0.47254280837975676 0.06404306985323496 0.0
0.488433846254309 0.062290295150449024 0.0
0.504335778635719 0.06057078295270872 0.0
0.520232200373061 0.058987512316301505 0.0
0.5361067063154098 0.057643462297514866 0.0
0.5519428927192446 0.05664083477719568 0.0
0.56772449766891 0.05600351365046405 0.0
0.5834355205788478 0.0556110751546086 0.0
0.5990599890074996 0.055327554283923525 0.0
0.6145819305133058 0.05501698603270302 0.0
0.6299853726547076 0.05454340539524133 0.0
0.6452543429901468 0.05377084736583266 0.0
0.6603728690780637 0.0525633469387712 0.0
0.6753235606189806 0.050795870213799735 0.0
0.6900690526861355 0.0484973795086304 0.0
0.704557214691781 0.045810674356310595 0.0
0.7187355698914526 0.042881223016803686 0.0
0.7325516415406851 0.039854493750073244 0.0
0.7459529528950131 0.03687595481608272 0.0
0.7588870272099713 0.03409107447479562 0.0
0.7713013877410949 0.03164532098617544 0.0
0.783162298389228 0.029647258953919637 0.0
0.7945201622558011 0.028039767964719443 0.0
0.8054489854604229 0.026719249073959988 0.0
0.8160227753221039 0.025582100975192368 0.0
0.8263155391598545 0.024524722361967656 0.0
0.8364012842926845 0.023443511927836967 0.0
0.8463540180396053 0.02223486836635135 0.0
0.8562473835161445 0.020796096070066078 0.0
0.8661285223438031 0.019090403185637705 0.0
0.8760005758108595 0.01719041762066562 0.0
0.8858625367003004 0.015179083760468823 0.0
0.8957133977951124 0.013139345990366143 0.0
0.9055521518782822 0.011154148695676566 0.0
0.9153777917327953 0.009306436261719018 0.0
0.9251893101416392 0.0076791530738124425 0.0
0.9349837971016042 0.006347419681507303 0.0
0.9447351609958649 0.005291038968992084 0.0
0.9544018342390277 0.004426180062370049 0.0
0.9639419669067749 0.0036678511725652648 0.0
0.9733137090747886 0.0029310605105017976 0.0
0.9824752108187514 0.0021308162871037342 0.0
0.9913846222143458 0.0011821267132951071 0.0
1.0 0.0 0.0
