100
1.0 0.0 0.0
0.9913813566642423 0.0007043368990098344 0.0
0.9824725007577118 0.000890362574215488 0.0
0.973310633428482 0.0006461020054440026 0.0
0.9639378015588685 5.958017252241882e-05 0.0
0.9543960520311884 -0.0007811779447222223 0.0
0.9447274317277573 -0.0017881473664628786 0.0
0.9349739875308917 -0.0028733031128725106 0.0
0.9251774831689963 -0.003948924177717963 0.0
0.91536416172964 -0.004943951394050122 0.0
0.90553701777172 -0.005812283536568731 0.0
0.8956971375754381 -0.006509867970188561 0.0
0.8858456074209955 -0.006992652059824386 0.0
0.8759835135885929 -0.007216583170390982 0.0
0.8661119423584326 -0.00713760866680312 0.0
0.8562319800107152 -0.006711675913975576 0.0
0.8463405419919899 -0.005906199278252835 0.0
0.8363903065940771 -0.0048102156980706695 0.0
0.8263073079766736 -0.003586015645003635 0.0
0.8160172141357542 -0.00239689629582726 0.0
0.805445693067293 -0.00140615482731706 0.0
0.7945184127672653 -0.0007770884162485619 0.0
0.7831610412316449 -0.0006729942393972842 0.0
0.7712992476620746 -0.0012571662952693477 0.0
0.7588824275886052 -0.0026303534188200626 0.0
0.7459445553138002 -0.00467034566822479 0.0
0.7325384436930663 -0.007205272642261501 0.0
0.7187169055818092 -0.010063263939708135 0.0
0.704532753835436 -0.01307244915934266 0.0
0.690038801309353 -0.016060957899943048 0.0
0.6752878608589663 -0.018856919760287246 0.0
0.6603323947835517 -0.021290770678218753 0.0
0.645209912060057 -0.023291325790759477 0.0
0.6299376931744431 -0.024920485224367676 0.0
0.6145315827347583 -0.02624959587031392 0.0
0.5990074253490502 -0.027350004619868785 0.0
0.5833810656253668 -0.028293058364302848 0.0
0.5676683481717565 -0.029150103994886684 0.0
0.5518851175962668 -0.029992488402890868 0.0
0.5360472554704969 -0.030886175270137033 0.0
0.5201709865897822 -0.03184714267900195 0.0
0.5042727220222597 -0.03286424075813696 0.0
0.4883688746845128 -0.03392605043647909 0.0
0.47247585749312526 -0.03502115264296533 0.0
0.456610083364681 -0.03613812830653271 0.0
0.440787965215764 -0.0372655583561182 0.0
0.4250259159138554 -0.038392025886822397 0.0
0.40934021378680274 -0.039512049281998314 0.0
0.3937467093362361 -0.04063902070840892 0.0
0.3782611682154315 -0.04179007546351066 0.0
0.3628993560776659 -0.042982348844759974 0.0
0.3476770385762155 -0.044232976149613336 0.0
0.3326099813643566 -0.04555909267552718 0.0
0.3177139500953662 -0.04697783371995792 0.0
0.3030046930178857 -0.04850537798275233 0.0
0.28849736564225087 -0.05012532594208045 0.0
0.2742063987738699 -0.05178144667406203 0.0
0.2601461790854373 -0.05341508362226019 0.0
0.24633109324964764 -0.054967580230238 0.0
0.23277552793919482 -0.05638027994155859 0.0
0.21949386982677357 -0.05759452619978506 0.0
0.206500505585078 -0.05855166244848054 0.0
0.1938135591289275 -0.0591938875653361 0.0
0.18148167642957141 -0.05947038675856578 0.0
0.1695684075798516 -0.05933375670768597 0.0
0.15813740357814776 -0.0587366171889345 0.0
0.14725231542283948 -0.05763158797854918 0.0
0.13697679411230596 -0.05597128885276782 0.0
0.1273744906449268 -0.0537083395878283 0.0
0.1185090133843135 -0.05079542560358251 0.0
0.11040562940506968 -0.04724426537895997 0.0
0.10298068026567442 -0.04323428710205491 0.0
0.09613129503486757 -0.03897449991849181 0.0
0.08975460278138889 -0.03467391297389536 0.0
0.08374773257397845 -0.030541535413890073 0.0
0.07800781348137568 -0.026786376384100568 0.0
0.0724319745723211 -0.023617445030151486 0.0
0.06691968236340884 -0.021237485987063504 0.0
0.06143527837072489 -0.01967537471823737 0.0
0.05601482913064306 -0.018767759019100792 0.0
0.05069811296015862 -0.018341338874261547 0.0
0.04552490817626669 -0.018222814268327406 0.0
0.04053499309596249 -0.018238885185906134 0.0
0.035768146036241386 -0.018216251611605495 0.0
0.03126414531409827 -0.01798161353003327 0.0
0.027059323143579974 -0.017383616730678297 0.0
0.023165162661009143 -0.016429153294375217 0.0
0.01958224755324663 -0.015194526226348195 0.0
0.016311114993507826 -0.013756334744499322 0.0
0.013352302155008567 -0.01219117806673072 0.0
0.010706346210964146 -0.010575655410944435 0.0
0.008373784334590177 -0.0089863659950426 0.0
0.006355143157151037 -0.007499832566259664 0.0
0.004646544091988972 -0.0061606226916041925 0.0
0.0032329077291332817 -0.004932053853753168 0.0
0.0020974007414567173 -0.00376472072806056 0.0
0.0012231898018322553 -0.0026092179898803856 0.0
0.0005934415831327575 -0.001416140314566613 0.0
0.0001913227582310883 -0.0001360823774732465 0.0
0.0 0.0 0.0
100
0.0 0.0 0.0
0.00020135331759175846 0.004667533929865816 0.0
0.0006101782917929757 0.006599038476622571 0.0
0.0012466613243806734 0.008631250703595005 0.0
0.0021276472083174495 0.010720256253511548 0.0
0.0032699807365658994 0.012822140769100576 0.0
0.004690506702088511 0.01489298989309061 0.0
0.006406069897847992 0.01688888926821003 0.0
0.008431750003839469 0.018773285691333033 0.0
0.010771354378327535 0.02055663558385602 0.0
0.013424257041747599 0.02226788397597272 0.0
0.01638982140529131 0.023936020142229456 0.0
0.01966741088015021 0.025590033357172477 0.0
0.02325638887751594 0.027258912895348028 0.0
0.027156118808580272 0.028971648031302377 0.0
0.03136591787398788 0.03075707698031583 0.0
0.035874274849437296 0.032608640542002784 0.0
0.04064499135793348 0.03443907882222319 0.0
0.04563844537551091 0.036149940247943095 0.0
0.05081501487820328 0.03764277324612846 0.0
0.056135077842044634 0.03881912624374534 0.0
0.06155901224306934 0.03958054766775976 0.0
0.0670471960573113 0.03982858594513776 0.0
0.07256371423591719 0.0394724359644066 0.0
0.07814428389051926 0.0385690498946421 0.0
0.08388941314091426 0.037309025785561035 0.0
0.08990194452854354 0.035887776951303664 0.0
0.09628472059484915 0.034500716706010126 0.0
0.10314058388127259 0.03334325836382065 0.0
0.11057237692925578 0.03261081523887545 0.0
0.11868294228024012 0.032498800645314734 0.0
0.1275558904082783 0.03316367123933091 0.0
0.13716579527549883 0.034541018285327456 0.0
0.14744885048500392 0.03648868942876889 0.0
0.15834120696168177 0.038864445865726724 0.0
0.1697790156304213 0.04152604879227246 0.0
0.18169842741611097 0.044331259404477574 0.0
0.1940355932436397 0.04713783889841369 0.0
0.20672676544842514 0.04980376721291535 0.0
0.21972317507658878 0.052219333403082706 0.0
0.23300672798125435 0.054340992159056294 0.0
0.24656308596105736 0.05613329975479444 0.0
0.26037791081463457 0.05756081246425558 0.0
0.2744368643406215 0.058588086561398016 0.0
0.28872560833765437 0.059179678320180146 0.0
0.30322980460436894 0.0593001440145603 0.0
0.3179350800378476 0.058920886336516654 0.0
0.33282648841546664 0.05812573326190053 0.0
0.34788861475829724 0.05709046573913142 0.0
0.3631060303232718 0.055993564741038934 0.0
0.3784633063673229 0.05501351124045266 0.0
0.39394501414738303 0.05432878621020223 0.0
0.40953572492038515 0.054117870623117195 0.0
0.4252200099432618 0.054559245452027186 0.0
0.44098223946563925 0.05577202023162622 0.0
0.45680577020898444 0.0575759391375368 0.0
0.47267364016790164 0.05969660413444881 0.0
0.4885688872206713 0.06185958282858108 0.0
0.5044745492455743 0.06379044282615234 0.0
0.5203736641208905 0.06521475173338136 0.0
0.5362492697249008 0.0658580771564869 0.0
0.5520844089645615 0.0654477789073098 0.0
0.5678626314995864 0.06389182200855968 0.0
0.5835684207254414 0.06143095219392587 0.0
0.5991863605964576 0.05834175408445052 0.0
0.6147010350669654 0.05490081230117573 0.0
0.6300970280912955 0.051384711465143736 0.0
0.6453589236237797 0.048070036197396526 0.0
0.6604713056187478 0.045233371118976275 0.0
0.675417305013978 0.04313364642304896 0.0
0.6901595828089722 0.04178107865381383 0.0
0.7046456681980339 0.041002030040165734 0.0
0.7188227356350989 0.040618552647943805 0.0
0.7326379595741018 0.04045269854298724 0.0
0.7460385144689776 0.04032651979113517 0.0
0.7589715747736612 0.04006206845822675 0.0
0.7713843149420874 0.039481396610101166 0.0
0.7832427290080385 0.038447130639498346 0.0
0.7945973045954335 0.03700406203396891 0.0
0.805522231760947 0.035248083860524644 0.0
0.8160917017657071 0.03327509178293426 0.0
0.8263799058708416 0.031180981464966458 0.0
0.8364610353374785 0.02906164857039 0.0
0.846409281426746 0.027012988762973488 0.0
0.856298469841138 0.02513018077688849 0.0
0.8661758261806434 0.02345623551608619 0.0
0.8760444119927373 0.021947549827557512 0.0
0.8859031248835744 0.02055235428210048 0.0
0.8957508624593101 0.019218879450513014 0.0
0.9055865223260997 0.017895355903593122 0.0
0.9154090020900975 0.01653001421213878 0.0
0.9252171993574593 0.015071084946947977 0.0
0.9350081157808714 0.01347065261773462 0.0
0.944755654642412 0.011727754210054354 0.0
0.954418298828347 0.009872772027016396 0.0
0.9639542498998711 0.007936660226293284 0.0
0.9733217094181793 0.005950372965557553 0.0
0.9824788789444664 0.003944864402481777 0.0
0.9913839600399271 0.0019510886947384004 0.0
1.0 0.0 0.0
