100
1.0 0.0 0.0
0.9913825345958914 -0.00025253163327643835 0.0
0.9824728672938119 -0.0005851326399596442 0.0
0.9733109779646076 -0.0010058699692751783 0.0
0.9639387197896951 -0.0015228105704486 0.0
0.9543979459504925 -0.00214402139270547 0.0
0.944730509628417 -0.0028775693852713478 0.0
0.9349782640048856 -0.0037315214973717946 0.0
0.9251827800005891 -0.004713734875398854 0.0
0.9153701568539202 -0.0058205666500731725 0.0
0.9055433186101001 -0.007031147959522705 0.0
0.8957032870551564 -0.00832319600316338 0.0
0.8858510839751176 -0.009674427980411134 0.0
0.8759877311560103 -0.011062561090681898 0.0
0.8661142503838628 -0.012465312533391604 0.0
0.856231663444703 -0.013860399507956183 0.0
0.8463368461505548 -0.015224792754797784 0.0
0.8363827008278576 -0.01652754583883789 0.0
0.826295644479411 -0.017732943793401155 0.0
0.8160017301267585 -0.018805206119061085 0.0
0.8054270107914435 -0.019708552316391178 0.0
0.7944975394950096 -0.020407201885964933 0.0
0.7831393692589994 -0.020865374328355835 0.0
0.7712785543022123 -0.021047290584742775 0.0
0.7588647096259492 -0.02094552126961838 0.0
0.7459314388718584 -0.020653696905632853 0.0
0.7325310527920414 -0.020287957474531233 0.0
0.7187158621385996 -0.019964442958058562 0.0
0.7045381776636346 -0.01979929333795988 0.0
0.6900503101192481 -0.01990864859598025 0.0
0.6753045702575414 -0.020408648713864684 0.0
0.6603529253706379 -0.021413585104063788 0.0
0.6452326921218354 -0.02295889660720376 0.0
0.6299613681598554 -0.02497335222134341 0.0
0.6145550443213492 -0.02737814920471146 0.0
0.5990298114429679 -0.03009448481553665 0.0
0.5834017603613633 -0.03304355631204768 0.0
0.5676869819131866 -0.03614656095247328 0.0
0.5519015669350888 -0.039324695995042167 0.0
0.5360616319818323 -0.04249916246956607 0.0
0.5201835324127821 -0.045591196426756395 0.0
0.504283753190234 -0.04852205292370542 0.0
0.48837878056257683 -0.05121298720611212 0.0
0.47248510077819955 -0.05358525451967545 0.0
0.45661920008549134 -0.05556011011009442 0.0
0.44079756473284115 -0.05705880922306794 0.0
0.42503668090853075 -0.05800261969014031 0.0
0.4093528701077628 -0.058347294559017646 0.0
0.3937619301137687 -0.05815824734763182 0.0
0.37827955484494624 -0.05752263991461816 0.0
0.36292143821969464 -0.05652763411861206 0.0
0.34770327415641206 -0.05526039181824884 0.0
0.33264075657349684 -0.05380807487216391 0.0
0.3177495793893479 -0.05225784513899261 0.0
0.3030454181533124 -0.050696027120188884 0.0
0.28854332283193457 -0.049180427989124524 0.0
0.27425757852987 -0.047733988523715 0.0
0.2602024237736027 -0.04637752622577716 0.0
0.24639209708961646 -0.0451318585971278 0.0
0.2328408370043942 -0.044017803139583686 0.0
0.21956288204442004 -0.043056177354961644 0.0
0.20657247073617727 -0.042267798745078466 0.0
0.19388758481532717 -0.04167010046664389 0.0
0.18155677680688048 -0.041252875729877896 0.0
0.16964352715404662 -0.04099242097671339 0.0
0.1582114173666832 -0.04086494127176542 0.0
0.14732402895464766 -0.040846641679648965 0.0
0.13704494342779713 -0.04091372726497905 0.0
0.12743774229598914 -0.04104240309237068 0.0
0.1185659645754726 -0.041208870864828925 0.0
0.11045493493775575 -0.0413863092019824 0.0
0.10302141317997905 -0.041539308308057125 0.0
0.09616301022022265 -0.04163094354623297 0.0
0.08977733697656656 -0.041624290279689814 0.0
0.08376200436709116 -0.04148242387160756 0.0
0.07801462330987637 -0.041168419685166054 0.0
0.07243280472300279 -0.040645353083545215 0.0
0.06691648307916936 -0.03987696035430387 0.0
0.06143008224895845 -0.03884532149635242 0.0
0.05600932480673282 -0.03755279709556343 0.0
0.05069362304553322 -0.036002797261244564 0.0
0.04552238925840043 -0.03419873210270354 0.0
0.040535035738375066 -0.032144011729247995 0.0
0.03577097477849789 -0.02984204625018565 0.0
0.03126961867180953 -0.027296245774824146 0.0
0.02706697001245112 -0.02451765290988667 0.0
0.023174444818295198 -0.021572346494134958 0.0
0.019592674797693575 -0.018550545683985026 0.0
0.016322245636715037 -0.015542572655200437 0.0
0.013363743021428827 -0.012638749583544781 0.0
0.010717752637903623 -0.009929398644781526 0.0
0.00838486017220822 -0.007504842014674278 0.0
0.006365640732742217 -0.005455301382547192 0.0
0.004656249284247979 -0.003829007666887584 0.0
0.0032416020175865894 -0.002567424944389806 0.0
0.0021048552638500834 -0.0015952988604038846 0.0
0.0012291653541310558 -0.0008373750602798968 0.0
0.0005976886195215447 -0.00021839918936788133 0.0
0.0001935813911136988 0.00033688310698209826 0.0
0.0 0.0 0.0
100
0.0 0.0 0.0
0.0001960078760251192 0.002303603239423803 0.0
0.0006017881520935649 0.003104363381726018 0.0
0.0012350210209431537 0.003908773475002772 0.0
0.0021125833861135295 0.004668516574818751 0.0
0.003251352151144445 0.005335275736738621 0.0
0.004668204219575098 0.0058607340163271005 0.0
0.006380016494945244 0.006196574469148857 0.0
0.008401907175722844 0.006312134489988219 0.0
0.010737763060594256 0.006289495187654306 0.0
0.013387053704778626 0.006255079110483863 0.0
0.01634923809276635 0.006335414918544474 0.0
0.019623775209047477 0.006657031271903743 0.0
0.023210124038112186 0.007346456830629253 0.0
0.027107743564450757 0.008530220254788605 0.0
0.031316046484708294 0.01033453194131139 0.0
0.03582359895743583 0.012811024322537742 0.0
0.040594238693284476 0.015841303478094333 0.0
0.0455883740290607 0.019283396008243393 0.0
0.05076641330157051 0.022995328513247145 0.0
0.05608876484762028 0.026835127593367765 0.0
0.06151583700401648 0.03066081984886764 0.0
0.06700803810756524 0.03433043188000895 0.0
0.072529472081455 0.037705696668764235 0.0
0.07811565493791357 0.040719967890913734 0.0
0.08386669464357342 0.04337137985883647 0.0
0.08988502641480012 0.04566040093286901 0.0
0.09627308546795943 0.04758749947334799 0.0
0.10313330701941682 0.049153143840609925 0.0
0.1105681262855382 0.05035780239499139 0.0
0.1186799784826889 0.051201943496828946 0.0
0.12755215790851582 0.051694002381544854 0.0
0.13715943911757827 0.0518875826095622 0.0
0.14743839820570243 0.051852186787408765 0.0
0.15832556879276996 0.05165733520104246 0.0
0.16975748449866324 0.051372548136421274 0.0
0.18167067894326416 0.05106734587950316 0.0
0.19400168574645535 0.050811248716246066 0.0
0.2066871393167887 0.050673643002687146 0.0
0.2196785609226582 0.050704133149523274 0.0
0.23295795853865933 0.05091181224659022 0.0
0.2465110730530887 0.05130081301628637 0.0
0.2603236453542438 0.051875268181010105 0.0
0.27438141633042124 0.0526393104631598 0.0
0.2886701268699181 0.053597072585133874 0.0
0.3031755178610309 0.05475268726933068 0.0
0.31788327693757784 0.05610699921873536 0.0
0.3327782172396085 0.05760686044776968 0.0
0.34784443665612863 0.05915496219100858 0.0
0.3630660120741555 0.060652698985593195 0.0
0.3784270203807067 0.06200146536866467 0.0
0.3939115384627996 0.06310265587736413 0.0
0.40950364320745186 0.06385766504883279 0.0
0.42518741150168105 0.06416788742021175 0.0
0.4409468816262574 0.06396586272661507 0.0
0.4567658971997789 0.06334117243344488 0.0
0.4726282406249194 0.06243278333159279 0.0
0.48851769428201125 0.06137968023579172 0.0
0.5044180405513866 0.060320847960774734 0.0
0.5203130618133774 0.05939527132127477 0.0
0.5361865404483163 0.058741935132024865 0.0
0.5520222589098788 0.058498841059353476 0.0
0.5678040070428493 0.05870491635384145 0.0
0.5835155883107624 0.059216535091917925 0.0
0.5991408076438282 0.05987041124824395 0.0
0.614663469972256 0.06050325879748059 0.0
0.6300673802262554 0.06095179171428889 0.0
0.6453363433360371 0.06105272397332996 0.0
0.6604541642318098 0.060642769549264806 0.0
0.6754032463355947 0.05957051307041085 0.0
0.690146248775331 0.057851771635442924 0.0
0.7046312352850808 0.05562598407212873 0.0
0.7188059274338213 0.05303548731703857 0.0
0.7326180467905297 0.05022261830674294 0.0
0.7460153149241824 0.047329713977812264 0.0
0.7589454534037565 0.044499111266816965 0.0
0.7713561837982289 0.04187314711032751 0.0
0.7832139237635388 0.03956271420074373 0.0
0.7945690301042035 0.03753753113940536 0.0
0.8054954065236404 0.035727713885666146 0.0
0.8160669579218178 0.03406337638644812 0.0
0.8263575891987032 0.03247463258867335 0.0
0.8364412052542637 0.03089159643926392 0.0
0.846391710988468 0.02924438188514182 0.0
0.8562826479453977 0.027463675283185964 0.0
0.8661611178510137 0.025521814758539707 0.0
0.8760303244983344 0.023460292714255163 0.0
0.8858893328297425 0.021327121660548922 0.0
0.8957372077876211 0.01917031410763743 0.0
0.9055730143143533 0.017037882565737295 0.0
0.9153958173523211 0.014977839545065036 0.0
0.9252046818439084 0.013038197555837223 0.0
0.9349967628690531 0.011262220443733633 0.0
0.9447459476842592 0.009635319150739697 0.0
0.9544105900240715 0.008104282211711746 0.0
0.9639487602341243 0.006615193545905158 0.0
0.9733185286600521 0.00511413707257531 0.0
0.9824779656474889 0.003547196710977612 0.0
0.9913851415420695 0.0018604563803673725 0.0
1.0 0.0 0.0
