100
1.0 0.0 0.0
0.9913810492703501 0.00013686228944441073 0.0
0.9824718293569253 0.00015341481766381805 0.0
0.9733103051051591 6.300808453773638e-05 0.0
0.9639383634873268 -0.00012100741005432024 0.0
0.9543978914757049 -0.00038528116623283757 0.0
0.9447307760425689 -0.0007164626841183009 0.0
0.9349789041601951 -0.0011012014638311965 0.0
0.9251838798136395 -0.0015264086577471247 0.0
0.91537179548408 -0.0019933374792322255 0.0
0.9055455088103654 -0.00252472426336712 0.0
0.8957059702760479 -0.003145068716328966 0.0
0.8858541303646786 -0.003878870544294919 0.0
0.8759909395598082 -0.00475062945344214 0.0
0.8661173483449888 -0.00578484514994778 0.0
0.8562343072037717 -0.007006017339989001 0.0
0.8463386274249124 -0.008434341503122625 0.0
0.8363832187139612 -0.01004436115700088 0.0
0.8262945487597844 -0.011783123545790536 0.0
0.8159987218651489 -0.013597298039167666 0.0
0.8054218423328217 -0.015433554006808365 0.0
0.7944900144655699 -0.01723856081838872 0.0
0.7831293425661594 -0.018958987843584817 0.0
0.7712659321351678 -0.02054150513526954 0.0
0.758849460371683 -0.021946227376095816 0.0
0.74591363202814 -0.023181196187265284 0.0
0.7325108676346682 -0.02426512813994216 0.0
0.7186935877213961 -0.025216739805290607 0.0
0.7045142128184537 -0.02605474775447484 0.0
0.6900251634559704 -0.026797868558659056 0.0
0.6752788601640748 -0.027464818789007445 0.0
0.6603273767635945 -0.02807485685366895 0.0
0.6452079978433641 -0.028670353759212976 0.0
0.629938001478648 -0.029324946673575616 0.0
0.6145332456234088 -0.030114492128982408 0.0
0.5990095882316087 -0.03111484665765889 0.0
0.5833828872572107 -0.03240186679183059 0.0
0.5676690006541772 -0.03405140906372303 0.0
0.5518837863764711 -0.03613933000556176 0.0
0.5360431605315494 -0.038723349912403005 0.0
0.5201635792090722 -0.041692785695562826 0.0
0.5042617915553476 -0.044845559159525816 0.0
0.48835454962478153 -0.04797868516471061 0.0
0.4724586054717806 -0.05088917857153581 0.0
0.4565907111507513 -0.05337405424042005 0.0
0.4407676187161001 -0.05523032703178189 0.0
0.42500608011585833 -0.05625504636415752 0.0
0.4093225558311233 -0.05633995089819102 0.0
0.39373257949941565 -0.055677884172806315 0.0
0.378251500942612 -0.054521406154066886 0.0
0.3628946699825899 -0.05312307680803621 0.0
0.34767743644122606 -0.051735456100777795 0.0
0.3326151501403974 -0.050611103998355125 0.0
0.31772316090198144 -0.050002580466831696 0.0
0.30301681052554036 -0.05015608153517264 0.0
0.28851116759989537 -0.05110107077198911 0.0
0.27422096667577955 -0.05260202620274591 0.0
0.26016092196184387 -0.05440728889745564 0.0
0.24634574766673914 -0.05626519992613083 0.0
0.23279015799911557 -0.05792410035878407 0.0
0.21950886716762438 -0.05913233126542791 0.0
0.20651658938091594 -0.059638233716074955 0.0
0.19383171310006939 -0.05922637462262283 0.0
0.18150263440574288 -0.057977177347644106 0.0
0.16959240229727768 -0.056115533911148964 0.0
0.15816416497883068 -0.053867314430878485 0.0
0.14728107065455887 -0.051458389024573725 0.0
0.13700626752861897 -0.0491146278099757 0.0
0.1274029038051678 -0.047061900904825475 0.0
0.11853408537768469 -0.045525973826947244 0.0
0.11042486830397553 -0.04463854577636378 0.0
0.10299221112878723 -0.044264078661871605 0.0
0.09613400595188364 -0.04421989857048515 0.0
0.08974814487302854 -0.044323331589218876 0.0
0.0837325199919856 -0.04439170380508723 0.0
0.07798502340851843 -0.04424234130510468 0.0
0.0724035472223913 -0.043692570176285674 0.0
0.0668882993014665 -0.04256452588625137 0.0
0.061403760799504034 -0.04081382648011064 0.0
0.055985472643228736 -0.038543666737515775 0.0
0.05067265311333753 -0.03586487855639738 0.0
0.04550452049052736 -0.032888293834686104 0.0
0.040520293055495045 -0.029724744470312477 0.0
0.035759189088937625 -0.02648506236120717 0.0
0.03126042687155192 -0.023280079405300715 0.0
0.027059839296650515 -0.020212299501598797 0.0
0.023168847986177785 -0.01732417521121598 0.0
0.019588167145829487 -0.01463181902221731 0.0
0.016318465287162527 -0.012151231015814907 0.0
0.013360410921733804 -0.009898411273220905 0.0
0.010714672561099996 -0.007889359875647352 0.0
0.008381918716817783 -0.006140076904306395 0.0
0.006362807282751269 -0.004666515495755252 0.0
0.0046535592843978376 -0.0034650117889092743 0.0
0.0032391144486853193 -0.0024820232269146063 0.0
0.002102645983907012 -0.0016561968359680942 0.0
0.001227327098356099 -0.0009261796422666216 0.0
0.0005963310003258741 -0.00023061867200703957 0.0
0.00019283089810940947 0.0004918390486137779 0.0
0.0 0.0 0.0
100
0.0 0.0 0.0
0.00019799042686385312 0.003377200360805903 0.0
0.0006049943243043241 0.004614168716933829 0.0
0.0012395903816401215 0.005931811626353962 0.0
0.0021186438562108 0.007290287236435555 0.0
0.0032590200053556908 0.00864975369454783 0.0
0.004677584086414238 0.009970369148060106 0.0
0.0063912013567257705 0.011212291744341603 0.0
0.008414970067744054 0.012343217562501708 0.0
0.01075270406068256 0.013378981238968439 0.0
0.013403779084586238 0.01435435002159523 0.0
0.01636756026787895 0.015304136465113034 0.0
0.01964341273898411 0.016263153124252788 0.0
0.023230701626325567 0.017266212553745393 0.0
0.027128792058326856 0.018348127308321797 0.0
0.0313370030517561 0.0195435888621326 0.0
0.035843848371394475 0.020858916119108877 0.0
0.04061320746013348 0.022235742862608963 0.0
0.04560554344053944 0.023606732257958236 0.0
0.050781319435178114 0.02490454747048205 0.0
0.05610099856661574 0.02606185166550579 0.0
0.06152504395741863 0.027011308008354853 0.0
0.06701391873015278 0.027685579664354615 0.0
0.07253178515177272 0.028021878526831103 0.0
0.07811428633181744 0.028045314358464378 0.0
0.08386171952154217 0.02786050019996364 0.0
0.08987671146254561 0.027574913597134768 0.0
0.09626188889642658 0.027296032095783584 0.0
0.10311987856478401 0.02713133324171593 0.0
0.11055330720921686 0.027188294580737668 0.0
0.11866480157132347 0.02757439365865463 0.0
0.1275378088664895 0.028381005469381188 0.0
0.13714703768120676 0.029608211332793347 0.0
0.14742892109642042 0.031223957608425456 0.0
0.15831984963145695 0.03319615492236061 0.0
0.16975621380564315 0.03549271390068194 0.0
0.18167440413830555 0.038081545169472514 0.0
0.19401081114877125 0.040930559354815536 0.0
0.20670192602057028 0.044007505117948535 0.0
0.21969910841289803 0.047256208312549196 0.0
0.23298416704231323 0.0505715034258606 0.0
0.2465426389292017 0.053842226247141856 0.0
0.2603600610939503 0.05695721256565226 0.0
0.2744219705569449 0.0598052981706509 0.0
0.28871390433857186 0.06227531885139697 0.0
0.30322139945921717 0.06425611039714961 0.0
0.31792995430082177 0.06564241368445893 0.0
0.3328244327619841 0.06642593724698677 0.0
0.3478891797954973 0.06667769975226502 0.0
0.36310852511629677 0.06647104865928762 0.0
0.37846679843931774 0.06587933142704844 0.0
0.3939483294794956 0.06497589551454148 0.0
0.40953744795176605 0.06383408838076057 0.0
0.4252184835710642 0.06252725748469966 0.0
0.44097567563802403 0.06112126665523775 0.0
0.4567928075621859 0.059644245421953325 0.0
0.47265351938782035 0.05811245691019175 0.0
0.48854145110687514 0.056542159914493816 0.0
0.5044402427112981 0.054949613229400465 0.0
0.520333534193036 0.05335107564945254 0.0
0.5362049655440368 0.05176280596919092 0.0
0.5520381780244773 0.05020105286368463 0.0
0.567816940697289 0.04868104524256342 0.0
0.5835252581130235 0.047216133009495856 0.0
0.5991471601831209 0.04581946370821559 0.0
0.6146666768190209 0.04450418488245627 0.0
0.6300678379321634 0.0432834440759516 0.0
0.6453346734339889 0.04217038883243521 0.0
0.6604512132359367 0.041178166695640776 0.0
0.6754000675920795 0.040317965290603754 0.0
0.6901438467787692 0.03957336112210506 0.0
0.7046303766718016 0.03890751997910735 0.0
0.7188071365509373 0.038283129154797334 0.0
0.7326216056959354 0.03766287594236175 0.0
0.7460212633865551 0.037009447634987314 0.0
0.758953588902556 0.03628553152586073 0.0
0.771366061523698 0.035453814908168776 0.0
0.7832249055839383 0.03448268241327003 0.0
0.7945805044122469 0.03336609780660921 0.0
0.8055068499085725 0.03210520040037566 0.0
0.8160779351725485 0.03070112987138837 0.0
0.8263677533038076 0.02915502589646632 0.0
0.8364502974019825 0.027468028152428534 0.0
0.8463995605667066 0.02564127631609392 0.0
0.8562891723435111 0.023676193987199872 0.0
0.8661663080364894 0.02159486459409155 0.0
0.876034221069814 0.01945367300269094 0.0
0.8858920237592159 0.01731223813841226 0.0
0.8957388284204275 0.015230178926669589 0.0
0.9055737473691804 0.01326711429287715 0.0
0.9153958929212055 0.01148266316244911 0.0
0.9252043773922352 0.009936444460799651 0.0
0.9349963942720357 0.008679787159918526 0.0
0.9447457600245063 0.007663023862526193 0.0
0.9544106846884052 0.0067690623293144795 0.0
0.9639490935835562 0.005879580242398662 0.0
0.9733189120297832 0.004876255283894021 0.0
0.9824780653469095 0.0036407651359158665 0.0
0.9913844788547596 0.002054787480579425 0.0
1.0 0.0 0.0
