100
1.0 0.0 0.0
0.9913844959038478 0.0008595141319418318 0.0
0.9824758030857813 0.0014462329009931013 0.0
0.9733148017173757 0.00183088317855026 0.0
0.9639434232641966 0.0020841918360097584 0.0
0.9544035991918105 0.002276885744768048 0.0
0.9447372609657837 0.002479691776221579 0.0
0.9349863400516822 0.002763336801766803 0.0
0.9251924839957192 0.0031970986687475575 0.0
0.9153817777468026 0.003770829227088786 0.0
0.9055569948781373 0.004355407302477895 0.0
0.8957189955256415 0.0048119462128238385 0.0
0.8858686398252335 0.005001559276035574 0.0
0.8760067879128304 0.004785359810022055 0.0
0.8661342999243511 0.00402446113269224 0.0
0.8562520359957134 0.002579976561955086 0.0
0.8463567278066079 0.0003321092534336557 0.0
0.8364013193501028 -0.002636464900341538 0.0
0.8263123812027366 -0.006121120247944776 0.0
0.8160161214977038 -0.009915555212554269 0.0
0.8054387483681975 -0.013813468217348286 0.0
0.7945064699474123 -0.01760855768550504 0.0
0.7831454943685412 -0.02109452204020278 0.0
0.771282030960636 -0.024065062992102502 0.0
0.7588658223272661 -0.02637857662505519 0.0
0.7459305016528609 -0.028124079225851563 0.0
0.7325283873911401 -0.029441953999372387 0.0
0.718711797995823 -0.030472584150498378 0.0
0.704533051920629 -0.03135635288411029 0.0
0.6900444676192781 -0.03223364340508888 0.0
0.6752983635454889 -0.033244838918314874 0.0
0.6603467143297764 -0.034528337458083244 0.0
0.6452268284800341 -0.03613785762218075 0.0
0.629956174529949 -0.038012565724910845 0.0
0.6145508127133614 -0.04008349682185749 0.0
0.5990268032641116 -0.04228168596860467 0.0
0.5834002064160406 -0.04453816822073635 0.0
0.5676870824029887 -0.0467839786338365 0.0
0.5519034914587961 -0.0489501522634891 0.0
0.5360655172078762 -0.05097013855865101 0.0
0.5201894604669713 -0.05279980573187816 0.0
0.5042917399264418 -0.05440718900358971 0.0
0.48838877544634723 -0.055760444331473626 0.0
0.4724969868867468 -0.0568277276732179 0.0
0.4566327941077004 -0.057577194986510545 0.0
0.4408126169692675 -0.05797700222903953 0.0
0.4250528752778742 -0.057995314731892005 0.0
0.40936984188496595 -0.05762598093983718 0.0
0.39377932233587626 -0.05694451972447358 0.0
0.37829702949775984 -0.056042647191137794 0.0
0.36293867623777265 -0.05501207944516655 0.0
0.34771997542306987 -0.05394453259189647 0.0
0.3326566399208066 -0.05293172273666423 0.0
0.3177643825981388 -0.05206536598480649 0.0
0.303058898475164 -0.05143556852698211 0.0
0.28855527476637927 -0.051077608738350135 0.0
0.2742678555594925 -0.050959730372462805 0.0
0.2602109396876523 -0.05104609494242337 0.0
0.24639882598400767 -0.0513008639613351 0.0
0.23284581328170667 -0.05168819894230122 0.0
0.2195662004138984 -0.052172261398425 0.0
0.20657428621373142 -0.0527172128428097 0.0
0.19388810905412265 -0.05328669198565998 0.0
0.1815562481292741 -0.053840067805907485 0.0
0.16964219591798252 -0.05433462434452423 0.0
0.15820954586661906 -0.054727631526803995 0.0
0.1473218914215544 -0.05497635927804049 0.0
0.13704282602915902 -0.0550380775235275 0.0
0.1274359431358038 -0.054870056188558766 0.0
0.11856479367268272 -0.05442958322047177 0.0
0.11045469482982628 -0.05369015372380533 0.0
0.10302234381871603 -0.05267130645496196 0.0
0.09616527925239288 -0.05140070143724692 0.0
0.08978103974389771 -0.04990599869396561 0.0
0.08376716390627165 -0.04821485824842334 0.0
0.07802119035255535 -0.04635494012392543 0.0
0.07244065769579018 -0.04435390434377726 0.0
0.0669254292735029 -0.04223904470937637 0.0
0.061439890290324144 -0.04002749066870849 0.0
0.05601976055224551 -0.03772513408270109 0.0
0.050704451441642144 -0.03533728526545591 0.0
0.045533374340888645 -0.03286925453107479 0.0
0.04054594063235984 -0.03032635219365939 0.0
0.035781561698430886 -0.027713888567311547 0.0
0.03127964892147616 -0.025037173966132954 0.0
0.02707620943998272 -0.022305619048945388 0.0
0.02318270315103675 -0.019558201143402947 0.0
0.019599822895496666 -0.016846866284339557 0.0
0.016328215565566562 -0.014223615850838232 0.0
0.013368528053450774 -0.011740451221981993 0.0
0.01072140725135318 -0.00944937377685376 0.0
0.008387500051478113 -0.007402384894536581 0.0
0.006367442708373075 -0.0056514197053421965 0.0
0.004657426265820533 -0.00422072963432094 0.0
0.0032423392574304007 -0.0030641767871325545 0.0
0.0021053003766909302 -0.0021246011301298278 0.0
0.001229428317090038 -0.0013448426296655913 0.0
0.0005978417721159741 -0.0006677412520926394 0.0
0.00019365943525654464 -3.61369637637926e-05 0.0
0.0 0.0 0.0
100
0.0 0.0 0.0
0.00019573930033036816 0.0021170293495456354 0.0
0.0006013770205930073 0.002992100929848947 0.0
0.0012345221590012718 0.00392852291054695 0.0
0.002112097306079753 0.004911874253847975 0.0
0.0032510250523525956 0.005927733921960325 0.0
0.00466822798834428 0.006961680877092379 0.0
0.006380628704578951 0.00799929408145244 0.0
0.008403371942078472 0.009028882979199938 0.0
0.010740248782379414 0.010056194352273659 0.0
0.013390584979529488 0.011093832984988406 0.0
0.016353695601779156 0.012154420073271078 0.0
0.01962889571737889 0.013250576813048523 0.0
0.02321550039457938 0.014394924400247587 0.0
0.0271128247016312 0.015600084030795134 0.0
0.03132013783176407 0.01687869778524026 0.0
0.03582595917643618 0.01824830159589814 0.0
0.040594300223224036 0.019737588628605515 0.0
0.045585773671196275 0.02137679934909349 0.0
0.05076099221942043 0.023196174223093127 0.0
0.05608056856696462 0.025225953716335507 0.0
0.06150511541289737 0.027496378294551788 0.0
0.0669952454562863 0.030037688423473055 0.0
0.07251525792810966 0.03287548385882005 0.0
0.07810068918324933 0.035945689062003225 0.0
0.08385150927571289 0.03910311754250325 0.0
0.08987000980729953 0.04219966038017329 0.0
0.09625848237980869 0.04508720865486664 0.0
0.10311921859503947 0.047617653446436425 0.0
0.1105545100547913 0.04964288583473585 0.0
0.11866664836086316 0.05101479689961809 0.0
0.1275388153014149 0.05162766059062685 0.0
0.1371458492722611 0.05161604121105937 0.0
0.14742445228514633 0.05119908418190462 0.0
0.15831128394489694 0.050596028976710186 0.0
0.16974300385633972 0.05002611506902373 0.0
0.1816562716243013 0.04970858193239287 0.0
0.19398774685360853 0.04986266904036525 0.0
0.20667418931451453 0.050706799564580476 0.0
0.2196671535817404 0.05233882586152399 0.0
0.23294849241659155 0.0546096840772087 0.0
0.246503768410981 0.05734007695364694 0.0
0.2603185441568232 0.0603507072328512 0.0
0.27437838224603134 0.06346227765683378 0.0
0.2886688452705193 0.06649549096760708 0.0
0.30317549582220066 0.06927104990718347 0.0
0.3178838540540543 0.07161665431417925 0.0
0.3327787432277423 0.07347490360969598 0.0
0.3478444166154543 0.07488237392356427 0.0
0.3630651107527214 0.07587840083319386 0.0
0.37842506217507493 0.07650231991599454 0.0
0.39390850741804606 0.07679346674937612 0.0
0.40949968301716644 0.07679117691074838 0.0
0.42518282550796727 0.07653478597752109 0.0
0.4409420858425186 0.07605477705078849 0.0
0.45676118344007904 0.07533699687392628 0.0
0.47262370201465054 0.07435325527763395 0.0
0.48851322523070784 0.07307535696965 0.0
0.504413336752725 0.07147510665771305 0.0
0.5203076202451768 0.06952430904956168 0.0
0.5361796593725376 0.06719476885293447 0.0
0.5520130394879789 0.06445870732785247 0.0
0.5677915161191022 0.06133032278868229 0.0
0.5834991583546012 0.05790115990055664 0.0
0.5991200690521973 0.05427109315981776 0.0
0.6146383510696106 0.05053999706280785 0.0
0.6300381072645623 0.046807746105869234 0.0
0.6453034404947741 0.04317421478534396 0.0
0.6604184536179659 0.03973927759757433 0.0
0.6753658284280621 0.03659772650410202 0.0
0.6901082269276463 0.033772751272100825 0.0
0.704593512072104 0.031234611833673244 0.0
0.7187691998774193 0.028952327267698818 0.0
0.7325828063595746 0.0268949166530573 0.0
0.7459818475345532 0.025031399068628325 0.0
0.7589138394183378 0.02333079359329156 0.0
0.7713262980269115 0.021762119305926687 0.0
0.783185477379818 0.020297621166466332 0.0
0.7945417588366208 0.018924027256874767 0.0
0.8054691234478946 0.017632128514363778 0.0
0.8160415534634476 0.0164127160826015 0.0
0.8263330311330874 0.015256581105256078 0.0
0.8364175387066215 0.014154514725995672 0.0
0.846369058433858 0.013097308088488375 0.0
0.8562612085701149 0.012075822449516 0.0
0.8661411210841546 0.011086020890395936 0.0
0.8760119528604278 0.010132337032988645 0.0
0.8858727146586476 0.009220003131339813 0.0
0.8957224172385281 0.008354251439495065 0.0
0.9055600713597831 0.007540314211500085 0.0
0.9153846877821257 0.006783423701400531 0.0
0.9251952772652702 0.006088812163242072 0.0
0.9349889445160934 0.005459591046907313 0.0
0.9447395728304245 0.004873034079262253 0.0
0.954405542966891 0.004289165808758109 0.0
0.9639449528604858 0.0036676960950134192 0.0
0.9733159004462016 0.0029683347976467217 0.0
0.9824764836590321 0.002150791776276575 0.0
0.9913848004339698 0.001174776890521483 0.0
1.0 0.0 0.0
