101
1.000000000000000000e+00 0.000000000000000000e+00 0.000000000000000000e+00
9.810365078022863505e-01 -1.773896977120648132e-03 0.000000000000000000e+00
9.636485045831459928e-01 -3.301761711260781020e-03 0.000000000000000000e+00
9.476951149253035611e-01 -4.602744353823865799e-03 0.000000000000000000e+00
9.330523214191810411e-01 -5.695995056213366999e-03 0.000000000000000000e+00
9.195961066552025276e-01 -6.600663969832750236e-03 0.000000000000000000e+00
9.072024532237902283e-01 -7.335901246085483295e-03 0.000000000000000000e+00
8.957473437153676832e-01 -7.920857036375026153e-03 0.000000000000000000e+00
8.851067607203575438e-01 -8.374681492104851799e-03 0.000000000000000000e+00
8.751566868291834611e-01 -8.716524764678421078e-03 0.000000000000000000e+00
8.657731046322679758e-01 -8.965537005499202641e-03 0.000000000000000000e+00
8.568319967200341836e-01 -9.140868365970656467e-03 0.000000000000000000e+00
8.482192375310396715e-01 -9.262111009201203990e-03 0.000000000000000000e+00
8.398674587579111339e-01 -9.350946420062738670e-03 0.000000000000000000e+00
8.317230939697162206e-01 -9.429672812561580575e-03 0.000000000000000000e+00
8.237325787489272466e-01 -9.520588490671839932e-03 0.000000000000000000e+00
8.158423486780157496e-01 -9.645991758367607888e-03 0.000000000000000000e+00
8.079988393394532675e-01 -9.828180919622987732e-03 0.000000000000000000e+00
8.001484863157112271e-01 -1.008945427841208449e-02 0.000000000000000000e+00
7.922377251892612771e-01 -1.045211013870899971e-02 0.000000000000000000e+00
7.842129915425751774e-01 -1.093844680448783323e-02 0.000000000000000000e+00
7.760207209581245769e-01 -1.157076257972268311e-02 0.000000000000000000e+00
7.676073490183809023e-01 -1.237135576838765960e-02 0.000000000000000000e+00
7.589276545996361811e-01 -1.335738817150828282e-02 0.000000000000000000e+00
7.499831031734845999e-01 -1.451727924450920207e-02 0.000000000000000000e+00
7.407913905252806464e-01 -1.582945633942292943e-02 0.000000000000000000e+00
7.313702287358739840e-01 -1.727233677604964393e-02 0.000000000000000000e+00
7.217373298861144981e-01 -1.882433787418951940e-02 0.000000000000000000e+00
7.119104060568520742e-01 -2.046387695364274006e-02 0.000000000000000000e+00
7.019071693289368197e-01 -2.216937133420949363e-02 0.000000000000000000e+00
6.917453317832183979e-01 -2.391923833568996086e-02 0.000000000000000000e+00
6.814426055005464722e-01 -2.569189527788433985e-02 0.000000000000000000e+00
6.710167025617713721e-01 -2.746575948059278363e-02 0.000000000000000000e+00
6.604853350477426499e-01 -2.921924826361550070e-02 0.000000000000000000e+00
6.498650253392151965e-01 -3.093166053424365597e-02 0.000000000000000000e+00
6.391643866907072979e-01 -3.258815599340863373e-02 0.000000000000000000e+00
6.283888058900793938e-01 -3.417628520731736536e-02 0.000000000000000000e+00
6.175436602075912162e-01 -3.568360579487675488e-02 0.000000000000000000e+00
6.066343269135017202e-01 -3.709767537499369938e-02 0.000000000000000000e+00
5.956661832780701937e-01 -3.840605156657506819e-02 0.000000000000000000e+00
5.846446065715559248e-01 -3.959629198852777920e-02 0.000000000000000000e+00
5.735749740642182015e-01 -4.065595425975867400e-02 0.000000000000000000e+00
5.624626630263166449e-01 -4.157259599917468434e-02 0.000000000000000000e+00
5.513130507281103210e-01 -4.233377482568265876e-02 0.000000000000000000e+00
5.401315144398582957e-01 -4.292704835818951514e-02 0.000000000000000000e+00
5.289234537578018092e-01 -4.334294746877743326e-02 0.000000000000000000e+00
5.176944455842253934e-01 -4.359561568739889897e-02 0.000000000000000000e+00
5.064501513737460492e-01 -4.371045676521543438e-02 0.000000000000000000e+00
4.951962331017034646e-01 -4.371294380040147143e-02 0.000000000000000000e+00
4.839383527434365506e-01 -4.362854989113137266e-02 0.000000000000000000e+00
4.726821722742851062e-01 -4.348274813557954227e-02 0.000000000000000000e+00
4.614333536695886528e-01 -4.330101163192037056e-02 0.000000000000000000e+00
4.501975589046862125e-01 -4.310881347832823396e-02 0.000000000000000000e+00
4.389804499549176953e-01 -4.293162677297753665e-02 0.000000000000000000e+00
4.277876887956220675e-01 -4.279492461404266895e-02 0.000000000000000000e+00
4.166249374021391838e-01 -4.272418009969800728e-02 0.000000000000000000e+00
4.054978401217597117e-01 -4.274357926647877337e-02 0.000000000000000000e+00
3.944118727802006230e-01 -4.286500402911419538e-02 0.000000000000000000e+00
3.833724175907806120e-01 -4.309350146021048711e-02 0.000000000000000000e+00
3.723848557638566037e-01 -4.343404540401476360e-02 0.000000000000000000e+00
3.614545685097853567e-01 -4.389160970477413992e-02 0.000000000000000000e+00
3.505869370389240181e-01 -4.447116820673572418e-02 0.000000000000000000e+00
3.397873425616296239e-01 -4.517769475414664532e-02 0.000000000000000000e+00
3.290611662882594324e-01 -4.601616319125403226e-02 0.000000000000000000e+00
3.184137894291702020e-01 -4.699154736230500007e-02 0.000000000000000000e+00
3.078505931947188023e-01 -4.810882111154664298e-02 0.000000000000000000e+00
2.973769587952627136e-01 -4.937295828322610380e-02 0.000000000000000000e+00
2.869966443966542879e-01 -5.078605155177079444e-02 0.000000000000000000e+00
2.766945402723853809e-01 -5.231669999245403685e-02 0.000000000000000000e+00
2.664433638621655498e-01 -5.391189390690141053e-02 0.000000000000000000e+00
2.562156297251417247e-01 -5.551826345051098788e-02 0.000000000000000000e+00
2.459838524204608357e-01 -5.708243877868083432e-02 0.000000000000000000e+00
2.357205465072697015e-01 -5.855105004680905001e-02 0.000000000000000000e+00
2.253982265447152245e-01 -5.987072741029372813e-02 0.000000000000000000e+00
2.149894070919441957e-01 -6.098810102453296189e-02 0.000000000000000000e+00
2.044666027081032400e-01 -6.184980104492480285e-02 0.000000000000000000e+00
1.938023279523396758e-01 -6.240245762686737196e-02 0.000000000000000000e+00
1.829690973838000168e-01 -6.259270092575873468e-02 0.000000000000000000e+00
1.719429087881291507e-01 -6.237029234051032905e-02 0.000000000000000000e+00
1.607496530487764752e-01 -6.172984462809659456e-02 0.000000000000000000e+00
1.494525211448125002e-01 -6.069950143489513672e-02 0.000000000000000000e+00
1.381156016861791180e-01 -5.930821333179538829e-02 0.000000000000000000e+00
1.268029832828173609e-01 -5.758493088968658080e-02 0.000000000000000000e+00
1.155787545446685383e-01 -5.555860467945818171e-02 0.000000000000000000e+00
1.045070040816739876e-01 -5.325818527199940866e-02 0.000000000000000000e+00
9.365182050377482414e-02 -5.071262323819969442e-02 0.000000000000000000e+00
8.307729242091296817e-02 -4.795086914894837460e-02 0.000000000000000000e+00
7.284750844302895212e-02 -4.500187357513474318e-02 0.000000000000000000e+00
6.302655718006457131e-02 -4.189458708764817740e-02 0.000000000000000000e+00
5.367848393221065495e-02 -3.865791112828691201e-02 0.000000000000000000e+00
4.486655650301474979e-02 -3.531986517340453269e-02 0.000000000000000000e+00
3.665337018221743320e-02 -3.190770582282727308e-02 0.000000000000000000e+00
2.910149808496695356e-02 -2.844866452228652851e-02 0.000000000000000000e+00
2.227351332641143780e-02 -2.496997271751379491e-02 0.000000000000000000e+00
1.623198902169913777e-02 -2.149886185424060986e-02 0.000000000000000000e+00
1.103949828597817866e-02 -1.806256337819835481e-02 0.000000000000000000e+00
6.758614234396690887e-03 -1.468830873511858641e-02 0.000000000000000000e+00
3.451909982102931498e-03 -1.140332937073268958e-02 0.000000000000000000e+00
1.181958644245136069e-03 -8.234856730772188022e-03 0.000000000000000000e+00
1.133333597144268114e-05 -5.210122260968581137e-03 0.000000000000000000e+00
0.000000000000000000e+00 -2.355233016191647395e-03 0.000000000000000000e+00
100
0.000000000000000000e+00 -2.355233016191647395e-03 0.000000000000000000e+00
1.147959613159561148e-03 3.295649385069867156e-04 0.000000000000000000e+00
3.395248186389484158e-03 2.869886527893794094e-03 0.000000000000000000e+00
6.679294558199140239e-03 5.292471067596941046e-03 0.000000000000000000e+00
1.093752756709779131e-02 7.624057873244591277e-03 0.000000000000000000e+00
1.610737605159458241e-02 9.891386260464863495e-03 0.000000000000000000e+00
2.212626885019922454e-02 1.212119554488601605e-02 0.000000000000000000e+00
2.893163480142075736e-02 1.434022504213617287e-02 0.000000000000000000e+00
3.646090274376855012e-02 1.657521406784348908e-02 0.000000000000000000e+00
4.465150151575209003e-02 1.885290193763614064e-02 0.000000000000000000e+00
5.344085995588020860e-02 2.120002796714223064e-02 0.000000000000000000e+00
6.276638850848248463e-02 2.364240433299125144e-02 0.000000000000000000e+00
7.256493975688825537e-02 2.617772482436507911e-02 0.000000000000000000e+00
8.277272133848001534e-02 2.877117541930082970e-02 0.000000000000000000e+00
9.332590496450650364e-02 3.138613127747862802e-02 0.000000000000000000e+00
1.041606623462170422e-01 3.398596755857852952e-02 0.000000000000000000e+00
1.152131651948610225e-01 3.653405942228078046e-02 0.000000000000000000e+00
1.264195852216872529e-01 3.899378202826544321e-02 0.000000000000000000e+00
1.377160941379448056e-01 4.132851053621263565e-02 0.000000000000000000e+00
1.490388636548828916e-01 4.350162010580245486e-02 0.000000000000000000e+00
1.603240654837503609e-01 4.547648589671501873e-02 0.000000000000000000e+00
1.715078713357967855e-01 4.721648306863052841e-02 0.000000000000000000e+00
1.825273443291467734e-01 4.868574769297358967e-02 0.000000000000000000e+00
1.933565890460774706e-01 4.988003471899787877e-02 0.000000000000000000e+00
2.040192572178202157e-01 5.083739292222584638e-02 0.000000000000000000e+00
2.145424596501020464e-01 5.159882377069308079e-02 0.000000000000000000e+00
2.249533071486497227e-01 5.220532873243519112e-02 0.000000000000000000e+00
2.352789105191908092e-01 5.269790927548781423e-02 0.000000000000000000e+00
2.455463805674520383e-01 5.311756686788656617e-02 0.000000000000000000e+00
2.557828280991607528e-01 5.350530297766705606e-02 0.000000000000000000e+00
2.660153639200437126e-01 5.390211907286489301e-02 0.000000000000000000e+00
2.762710988358278996e-01 5.434901662151570001e-02 0.000000000000000000e+00
2.865771436522406290e-01 5.488699709165508617e-02 0.000000000000000000e+00
2.969604098045554030e-01 5.555653789420068184e-02 0.000000000000000000e+00
3.074358465008281693e-01 5.636667301299051053e-02 0.000000000000000000e+00
3.179998614969277715e-01 5.727769911988924573e-02 0.000000000000000000e+00
3.286472675850943825e-01 5.824572042981757125e-02 0.000000000000000000e+00
3.393728775575682866e-01 5.922684115769626112e-02 0.000000000000000000e+00
3.501715042065894901e-01 6.017716551844599221e-02 0.000000000000000000e+00
3.610379603243981106e-01 6.105279772698750385e-02 0.000000000000000000e+00
3.719670587032342657e-01 6.180984199824151454e-02 0.000000000000000000e+00
3.829536121353376288e-01 6.240440254712870810e-02 0.000000000000000000e+00
3.939924334129488170e-01 6.279258358856985855e-02 0.000000000000000000e+00
4.050783353283078925e-01 6.293048933748562890e-02 0.000000000000000000e+00
4.162061285997771809e-01 6.277456700302858073e-02 0.000000000000000000e+00
4.273704303782818736e-01 6.231327750396892240e-02 0.000000000000000000e+00
4.385655093535421045e-01 6.159271302187815933e-02 0.000000000000000000e+00
4.497855977648059222e-01 6.066499420494558120e-02 0.000000000000000000e+00
4.610249278513212090e-01 5.958224170136049852e-02 0.000000000000000000e+00
4.722777318523355694e-01 5.839657615931224954e-02 0.000000000000000000e+00
4.835382420070966636e-01 5.716011822699010314e-02 0.000000000000000000e+00
4.948006905548523182e-01 5.592498855258339063e-02 0.000000000000000000e+00
5.060593097348510261e-01 5.474330778428136701e-02 0.000000000000000000e+00
5.173083317863399477e-01 5.366719657027341217e-02 0.000000000000000000e+00
5.285419889485669653e-01 5.274877555874878110e-02 0.000000000000000000e+00
5.397545143864851402e-01 5.203999403495004894e-02 0.000000000000000000e+00
5.509402915764511910e-01 5.156497622564393951e-02 0.000000000000000000e+00
5.620940191974869160e-01 5.128949727423427057e-02 0.000000000000000000e+00
5.732104356182308180e-01 5.117198513778373203e-02 0.000000000000000000e+00
5.842842792073206226e-01 5.117086777335496522e-02 0.000000000000000000e+00
5.953102883333941664e-01 5.124457313801062536e-02 0.000000000000000000e+00
6.062832013650895080e-01 5.135152918881336070e-02 0.000000000000000000e+00
6.171977566710452612e-01 5.145016388282583342e-02 0.000000000000000000e+00
6.280486926198989295e-01 5.149890517711068483e-02 0.000000000000000000e+00
6.388307475802894597e-01 5.145618102873061178e-02 0.000000000000000000e+00
6.495386599208539113e-01 5.128041939474820704e-02 0.000000000000000000e+00
6.601671582890695777e-01 5.093009245678322555e-02 0.000000000000000000e+00
6.707076758587806609e-01 5.037866452129253353e-02 0.000000000000000000e+00
6.811435675189081440e-01 4.963635050163488216e-02 0.000000000000000000e+00
6.914569730132286152e-01 4.871889338079926635e-02 0.000000000000000000e+00
7.016300320855176631e-01 4.764203614177466711e-02 0.000000000000000000e+00
7.116448844795516537e-01 4.642152176755009324e-02 0.000000000000000000e+00
7.214836699391070640e-01 4.507309324111447024e-02 0.000000000000000000e+00
7.311285282079602599e-01 4.361249354545680690e-02 0.000000000000000000e+00
7.405615990298870521e-01 4.205546566356609117e-02 0.000000000000000000e+00
7.497650221486639177e-01 4.041775257843131797e-02 0.000000000000000000e+00
7.587209373080670005e-01 3.871509727304144055e-02 0.000000000000000000e+00
7.674115005805886014e-01 3.696324439430303394e-02 0.000000000000000000e+00
7.758351314401250587e-01 3.517959585096260694e-02 0.000000000000000000e+00
7.840370311326837482e-01 3.338632067543342158e-02 0.000000000000000000e+00
7.920707612070008174e-01 3.160643982589392970e-02 0.000000000000000000e+00
7.999898832118133019e-01 2.986297426052255885e-02 0.000000000000000000e+00
8.078479586958571268e-01 2.817894493749778517e-02 0.000000000000000000e+00
8.156985492078694389e-01 2.657737281499795295e-02 0.000000000000000000e+00
8.235952162965863854e-01 2.508127885120153139e-02 0.000000000000000000e+00
8.315915215107447800e-01 2.371368400428697232e-02 0.000000000000000000e+00
8.397410263990813251e-01 2.249760923243269983e-02 0.000000000000000000e+00
8.480972925103322790e-01 2.145607549381716578e-02 0.000000000000000000e+00
8.567138834218718246e-01 2.061209981906197974e-02 0.000000000000000000e+00
8.656582690197145435e-01 1.996177583709055417e-02 0.000000000000000000e+00
8.750450302337217101e-01 1.940998752582132406e-02 0.000000000000000000e+00
8.849987146887722256e-01 1.884232277673308226e-02 0.000000000000000000e+00
8.956438700097459904e-01 1.814436948130465979e-02 0.000000000000000000e+00
9.071050438215230161e-01 1.720171553101484258e-02 0.000000000000000000e+00
9.195067837489823148e-01 1.589994881734243387e-02 0.000000000000000000e+00
9.329736374170036761e-01 1.412465723176625429e-02 0.000000000000000000e+00
9.476301524504665563e-01 1.176142866576510015e-02 0.000000000000000000e+00
9.636008764742506338e-01 8.695851010817859730e-03 0.000000000000000000e+00
1.000000000000000000e+00 0.000000000000000000e+00 0.000000000000000000e+00
