100
1.0 0.0 0.0
0.9913846499401342 0.0004420716683253816 0.0
0.9824753252183219 0.0006121790131266248 0.0
0.9733139769084848 0.0005341002426338405 0.0
0.9639424595632161 0.0002316135650771387 0.0
0.9544026277351114 -0.00027150281131336996 0.0
0.944736335976765 -0.0009514706783075749 0.0
0.9349854388407709 -0.001784511827675366 0.0
0.9251915084319797 -0.0027470469537700538 0.0
0.9153806349218581 -0.0038263992863782717 0.0
0.9055557179334961 -0.005026223076041977 0.0
0.8957177535704085 -0.006351513051207571 0.0
0.88586773793611 -0.007807263940321455 0.0
0.8760066671341148 -0.00939847047183004 0.0
0.8661355372679383 -0.011130127374179719 0.0
0.856255344441095 -0.013007229375816904 0.0
0.84636293595908 -0.015029523852543861 0.0
0.8364111556894127 -0.017141103131267897 0.0
0.8263263441355855 -0.01925253838489942 0.0
0.8160344775719096 -0.02127394011341439 0.0
0.8054615322726958 -0.023115418816788757 0.0
0.7945334845122557 -0.024687084994998477 0.0
0.7831763105648996 -0.0258990491480195 0.0
0.771315987904916 -0.02666142438193256 0.0
0.758902108354112 -0.026935609338642915 0.0
0.7459684433213065 -0.026865823515974697 0.0
0.7325675138560518 -0.02663700679882752 0.0
0.7187518410078998 -0.026434099072100994 0.0
0.7045739458264025 -0.02644204022069473 0.0
0.6900863493611127 -0.026845770129508346 0.0
0.6753415726615816 -0.027830228683441444 0.0
0.6603917897043857 -0.029576677324507104 0.0
0.6452743697212144 -0.032109469834949514 0.0
0.6300066544447229 -0.035240699128687214 0.0
0.6146045639966539 -0.03876739121757537 0.0
0.5990840184987496 -0.042486572113469206 0.0
0.5834609380727536 -0.04619526782822389 0.0
0.5677512428404086 -0.04969050437369461 0.0
0.5519708529234575 -0.05276930776173655 0.0
0.5361357215578316 -0.05524911537629732 0.0
0.5202621094600863 -0.05713689366929257 0.0
0.5043664442212398 -0.05854246943326685 0.0
0.4884651550882609 -0.059576690178162015 0.0
0.47257467130811925 -0.06035040341391983 0.0
0.456711422127784 -0.06097445665048219 0.0
0.4408918367942245 -0.06155969739779088 0.0
0.4251323445048052 -0.062216959287993215 0.0
0.409449238540887 -0.06301905079635022 0.0
0.3938583799808576 -0.0639178631747832 0.0
0.378375544186734 -0.06484130684634505 0.0
0.3630165065205336 -0.06571729223408863 0.0
0.3477970423442733 -0.0664737297610668 0.0
0.33273292701997004 -0.06703852985033246 0.0
0.3178399359096417 -0.06733960292493842 0.0
0.30313382552540485 -0.0673063845087791 0.0
0.2886297104206122 -0.06692024949167358 0.0
0.2743419202648405 -0.06622607585415355 0.0
0.26028473693021154 -0.0652726087558192 0.0
0.24647244228884752 -0.0641085933562707 0.0
0.23291931821286946 -0.06278277481510819 0.0
0.21963964657439963 -0.061343898291931875 0.0
0.20664770924555959 -0.05984070894634193 0.0
0.1939615259719211 -0.058318740845313084 0.0
0.18162964371151813 -0.0567973030623476 0.0
0.1697155160617019 -0.05528289883355736 0.0
0.15828269754240681 -0.05378194469555338 0.0
0.14739474267356753 -0.05230085718494664 0.0
0.13711520597511806 -0.050846052838348116 0.0
0.1275076419669929 -0.04942394819236881 0.0
0.11863556266716865 -0.04804094826095495 0.0
0.11052425824018623 -0.046693095768354655 0.0
0.10309043264442602 -0.04534699473754047 0.0
0.09623163719666576 -0.04396405673735377 0.0
0.08984542321368301 -0.042505693336635966 0.0
0.08382934201225588 -0.040933316104228464 0.0
0.07808094490916176 -0.039208336608972646 0.0
0.07249778322117902 -0.037292166419709984 0.0
0.06697973335733151 -0.03514820700478056 0.0
0.061491203800805555 -0.03279508875611276 0.0
0.0560679489209491 -0.030312502500254114 0.0
0.05074941524748362 -0.027783298950456257 0.0
0.04557504931013037 -0.02529032881997085 0.0
0.04058429763861049 -0.02291644282204944 0.0
0.03581660676264556 -0.020744491669943715 0.0
0.031311423211956735 -0.018857326076905243 0.0
0.02710478814662882 -0.017323754128271213 0.0
0.023208187367827572 -0.016111325659783817 0.0
0.0196223360599358 -0.015143176014771638 0.0
0.016347903443487806 -0.014342250996719916 0.0
0.013385558739018227 -0.013631496409113913 0.0
0.01073597116706081 -0.012933858055438844 0.0
0.00839980994814997 -0.012172281739179981 0.0
0.006377733625070001 -0.011269779275725105 0.0
0.004665938775832976 -0.010176947204245933 0.0
0.0032492768690984943 -0.008914519710388345 0.0
0.0021108228628734936 -0.007514213710087265 0.0
0.0012336517151651345 -0.006007746119277658 0.0
0.0006008383839803548 -0.004426833853894439 0.0
0.0001954578273260923 -0.00280319382987257 0.0
0.0 0.0 0.0
100
0.0 0.0 0.0
0.00019370090440792655 0.002048549159587991 0.0
0.000597903801483488 0.0036770162973863646 0.0
0.0012295299066396816 0.005374628947093161 0.0
0.0021055004352896144 0.007183671125951233 0.0
0.0032427366028463947 0.009146426851203386 0.0
0.004658159624722908 0.01130518014009256 0.0
0.0063686907163322615 0.013702215009861565 0.0
0.008389476768324865 0.016362796411901363 0.0
0.010724333521476233 0.01920350255099055 0.0
0.013372620241970085 0.022098165773798823 0.0
0.016333685531378452 0.024920516133587468 0.0
0.01960687799127361 0.02754428368361763 0.0
0.02319154622322759 0.029843198477150452 0.0
0.027087038828812422 0.031690990567447154 0.0
0.031292658417090294 0.03296165869504335 0.0
0.035796930264260014 0.03359216255213171 0.0
0.04056380897596325 0.03366300317093069 0.0
0.045553841664767385 0.0332745880864513 0.0
0.05072757544323906 0.03252732483370446 0.0
0.05604555742394557 0.031521620947701244 0.0
0.0614683347194543 0.030357883963452525 0.0
0.06695645444233211 0.029136521415969358 0.0
0.07247415528517041 0.027956383587740812 0.0
0.07805701061227942 0.026886229012815732 0.0
0.08380511571871184 0.025967598356821175 0.0
0.08982089062629893 0.025241051624903983 0.0
0.09620675535687238 0.024747148822210935 0.0
0.10306512993226334 0.024526449953888866 0.0
0.11049843437430364 0.024619515025084603 0.0
0.11860908870482438 0.025066904040944946 0.0
0.12748036699939816 0.025895880268682614 0.0
0.1370869950867922 0.02705832090832604 0.0
0.14736549030386015 0.028479567605224767 0.0
0.15825232750035484 0.030084932497707356 0.0
0.16968398152602987 0.03179972772410238 0.0
0.1815969272306381 0.033549265422738374 0.0
0.19392763946393327 0.03525885773194398 0.0
0.2066126939089707 0.03685415003882743 0.0
0.219603559701 0.03831000980951237 0.0
0.23288220618190936 0.03970210609470593 0.0
0.24643433726033478 0.0411184504925112 0.0
0.2602456568449136 0.04264705460103139 0.0
0.2743018688442821 0.044375930018369585 0.0
0.288588677167077 0.046393088342628966 0.0
0.3030917857219345 0.04878654117191264 0.0
0.31779685261186924 0.05163493247884244 0.0
0.3326887837640788 0.054863080111063466 0.0
0.3477518698989316 0.05826998707312732 0.0
0.3629703836724161 0.061650962055655095 0.0
0.3783285977405209 0.06480131374926791 0.0
0.39381078475923437 0.06751635084458679 0.0
0.4094012173845457 0.06959138203223299 0.0
0.42508416827244305 0.07082171600282752 0.0
0.44084381336082473 0.0710570235278435 0.0
0.4566638409112439 0.07042108232925355 0.0
0.47252778582439275 0.0691238692618628 0.0
0.4884191829449925 0.0673753926400138 0.0
0.5043215671177643 0.06538566077804915 0.0
0.520218473187429 0.06336468199031148 0.0
0.5360934359987078 0.06152246459114338 0.0
0.5519299921249233 0.0600677955507993 0.0
0.5677118523351281 0.05908638382668204 0.0
0.5834230483690565 0.05843715649971531 0.0
0.599047646533449 0.05795461732982903 0.0
0.6145697131350448 0.05747327007695312 0.0
0.6299733144805836 0.05682761850101751 0.0
0.6452425168768058 0.055852166361952116 0.0
0.6603613866304507 0.05438141741968683 0.0
0.6753125695545 0.05226185731590115 0.0
0.6900586997012401 0.0495087711318433 0.0
0.7045476180121798 0.04626222401416868 0.0
0.7187268186285957 0.042665206373631435 0.0
0.7325437956917633 0.03886070862098597 0.0
0.7459460433429582 0.03499172116698659 0.0
0.7588810557234563 0.031201234422387578 0.0
0.7712963269745332 0.02763223879794329 0.0
0.7831580937200007 0.02440677167839655 0.0
0.7945167400327872 0.02155279840191506 0.0
0.805446255317904 0.019071894892338348 0.0
0.8160206301798836 0.016965635732512203 0.0
0.826313855223257 0.015235595505282437 0.0
0.8363999210525555 0.013883348793494859 0.0
0.8463528182723111 0.01291047017999521 0.0
0.8562461736232181 0.012317986022636097 0.0
0.8661271370664387 0.012067030744997938 0.0
0.8759988992632988 0.01205250633866791 0.0
0.8858605062386025 0.012163070169919823 0.0
0.8957110040171553 0.012287379605027484 0.0
0.9055494386237616 0.012314092010264706 0.0
0.9153748560832253 0.012131864751905282 0.0
0.9251863024203522 0.011629355196223027 0.0
0.93498091575341 0.010705994822728592 0.0
0.9447325902060282 0.009392475959251335 0.0
0.9543997022879022 0.007807120241748127 0.0
0.9639403454100381 0.006069847988966318 0.0
0.9733126129834423 0.004300579519653253 0.0
0.9824745984191208 0.002619235152556313 0.0
0.9913843951280799 0.001145735206422767 0.0
1.0 0.0 0.0
