101
1.000000000000000000e+00 0.000000000000000000e+00 0.000000000000000000e+00
9.810475104537591529e-01 -2.187939730723514539e-03 0.000000000000000000e+00
9.636540557426124254e-01 -3.860803267873418650e-03 0.000000000000000000e+00
9.476959235800050951e-01 -5.077986274647397318e-03 0.000000000000000000e+00
9.330490459870504072e-01 -5.898884414243129454e-03 0.000000000000000000e+00
9.195893549848637161e-01 -6.382893349858304380e-03 0.000000000000000000e+00
9.071927825945579338e-01 -6.589408744690601442e-03 0.000000000000000000e+00
8.957352608372478597e-01 -6.577826261937701723e-03 0.000000000000000000e+00
8.850927217340469610e-01 -6.407541564797293240e-03 0.000000000000000000e+00
8.751410973060701481e-01 -6.137950316467059679e-03 0.000000000000000000e+00
8.657563195744309992e-01 -5.828448180144682120e-03 0.000000000000000000e+00
8.568143205602436474e-01 -5.538430819027842511e-03 0.000000000000000000e+00
8.482009197263105094e-01 -5.321156645875945237e-03 0.000000000000000000e+00
8.398486729609050405e-01 -5.200874228765266574e-03 0.000000000000000000e+00
8.317039318805252712e-01 -5.193268966271894979e-03 0.000000000000000000e+00
8.237130501141767258e-01 -5.314025007785997540e-03 0.000000000000000000e+00
8.158223812908640404e-01 -5.578826502697744813e-03 0.000000000000000000e+00
8.079782790395920733e-01 -6.003357600397296080e-03 0.000000000000000000e+00
8.001270969893655716e-01 -6.603302450274826235e-03 0.000000000000000000e+00
7.922151887691896155e-01 -7.394345201720495427e-03 0.000000000000000000e+00
7.841889080080689522e-01 -8.392170004124477681e-03 0.000000000000000000e+00
7.759946083350083290e-01 -9.612461006876930544e-03 0.000000000000000000e+00
7.675786433790129371e-01 -1.107090235936803238e-02 0.000000000000000000e+00
7.588957274674723585e-01 -1.277631295146472966e-02 0.000000000000000000e+00
7.499473589138584417e-01 -1.469909571886603844e-02 0.000000000000000000e+00
7.407513002027197313e-01 -1.679629852210472868e-02 0.000000000000000000e+00
7.313253301480937552e-01 -1.902495581300355995e-02 0.000000000000000000e+00
7.216872275640185963e-01 -2.134210204338528663e-02 0.000000000000000000e+00
7.118547712645320047e-01 -2.370477166507267003e-02 0.000000000000000000e+00
7.018457400636719523e-01 -2.606999912988847493e-02 0.000000000000000000e+00
6.916779127754761891e-01 -2.839481888965546610e-02 0.000000000000000000e+00
6.813690682139817989e-01 -3.063626539619641528e-02 0.000000000000000000e+00
6.709369851932275308e-01 -3.275137310133405255e-02 0.000000000000000000e+00
6.603994425272508018e-01 -3.469717645689116003e-02 0.000000000000000000e+00
6.497730288176806202e-01 -3.643745790269242030e-02 0.000000000000000000e+00
6.390664201340504613e-01 -3.798086050279934900e-02 0.000000000000000000e+00
6.282850646898417990e-01 -3.935432786473464645e-02 0.000000000000000000e+00
6.174344011768360119e-01 -4.058485757992507520e-02 0.000000000000000000e+00
6.065198682868150337e-01 -4.169944723979737006e-02 0.000000000000000000e+00
5.955469047115600212e-01 -4.272509443577828664e-02 0.000000000000000000e+00
5.845209491428530191e-01 -4.368879675929456669e-02 0.000000000000000000e+00
5.734474402724754061e-01 -4.461755180177293112e-02 0.000000000000000000e+00
5.623318167922091160e-01 -4.553835715464014944e-02 0.000000000000000000e+00
5.511795173938353054e-01 -4.647821040932292869e-02 0.000000000000000000e+00
5.399959807691360192e-01 -4.746410915724807306e-02 0.000000000000000000e+00
5.287866547546180573e-01 -4.851994727890184683e-02 0.000000000000000000e+00
5.175570598113673482e-01 -4.964496994164614707e-02 0.000000000000000000e+00
5.063127510331173475e-01 -5.082666802563696323e-02 0.000000000000000000e+00
4.950592837268894542e-01 -5.205246002127081328e-02 0.000000000000000000e+00
4.838022131997042341e-01 -5.330976441894413193e-02 0.000000000000000000e+00
4.725470947585831971e-01 -5.458599970905341631e-02 0.000000000000000000e+00
4.612994837105476309e-01 -5.586858438199517052e-02 0.000000000000000000e+00
4.500649353626183236e-01 -5.714493692816582232e-02 0.000000000000000000e+00
4.388490050218170069e-01 -5.840247583796189662e-02 0.000000000000000000e+00
4.276572479951642469e-01 -5.962861960177985587e-02 0.000000000000000000e+00
4.164952195896816090e-01 -6.081078671001616254e-02 0.000000000000000000e+00
4.053684627888989311e-01 -6.193683543784764267e-02 0.000000000000000000e+00
3.942824027655674191e-01 -6.299882833889489109e-02 0.000000000000000000e+00
3.832423992494842224e-01 -6.399116341012488218e-02 0.000000000000000000e+00
3.722538112692920231e-01 -6.490826367039698175e-02 0.000000000000000000e+00
3.613219978536334476e-01 -6.574455213857051394e-02 0.000000000000000000e+00
3.504523180311511221e-01 -6.649445183350488620e-02 0.000000000000000000e+00
3.396501308304877287e-01 -6.715238577405938103e-02 0.000000000000000000e+00
3.289207952802861157e-01 -6.771277697909341975e-02 0.000000000000000000e+00
3.182696704091888540e-01 -6.817004846746632651e-02 0.000000000000000000e+00
3.077021152458384590e-01 -6.851862325803745324e-02 0.000000000000000000e+00
2.972234888188779456e-01 -6.875292436966615184e-02 0.000000000000000000e+00
2.868375384737236189e-01 -6.886722969924831406e-02 0.000000000000000000e+00
2.765292757382896704e-01 -6.885413010085485175e-02 0.000000000000000000e+00
2.662716245162945472e-01 -6.870512801383076018e-02 0.000000000000000000e+00
2.560373072510537806e-01 -6.841170773727564547e-02 0.000000000000000000e+00
2.457990463858825969e-01 -6.796535357028909985e-02 0.000000000000000000e+00
2.355295643640964998e-01 -6.735754981197072944e-02 0.000000000000000000e+00
2.252015836290107154e-01 -6.657978076142011259e-02 0.000000000000000000e+00
2.147878266239406642e-01 -6.562353071773689706e-02 0.000000000000000000e+00
2.042610157922015446e-01 -6.448028398002063344e-02 0.000000000000000000e+00
1.935938735771092212e-01 -6.314152484737095561e-02 0.000000000000000000e+00
1.827591224219786148e-01 -6.159873761888742111e-02 0.000000000000000000e+00
1.717329560569973435e-01 -5.984445394461766765e-02 0.000000000000000000e+00
1.605412902891458771e-01 -5.788620753758693532e-02 0.000000000000000000e+00
1.492472131656638890e-01 -5.574274765782395724e-02 0.000000000000000000e+00
1.379147072878088576e-01 -5.343309346871982779e-02 0.000000000000000000e+00
1.266077552568376507e-01 -5.097626413366545400e-02 0.000000000000000000e+00
1.153903396740073722e-01 -4.839127881605193027e-02 0.000000000000000000e+00
1.043264431405751952e-01 -4.569715667927018443e-02 0.000000000000000000e+00
9.348004825779800131e-02 -4.291291688671126231e-02 0.000000000000000000e+00
8.291513762693339396e-02 -4.005757860176618890e-02 0.000000000000000000e+00
7.269569384923797728e-02 -3.715016098782591980e-02 0.000000000000000000e+00
6.288569952596884116e-02 -3.420968320828147308e-02 0.000000000000000000e+00
5.354909393210383062e-02 -3.125468868011598705e-02 0.000000000000000000e+00
4.474903854924543872e-02 -2.829518022079708164e-02 0.000000000000000000e+00
3.654802208852513806e-02 -2.533377325757006637e-02 0.000000000000000000e+00
2.900851107801811005e-02 -2.237283963551924687e-02 0.000000000000000000e+00
2.219297204580045896e-02 -1.941475119972900509e-02 0.000000000000000000e+00
1.616387151994795254e-02 -1.646187979528375075e-02 0.000000000000000000e+00
1.098367602853600640e-02 -1.351659726726778948e-02 0.000000000000000000e+00
6.714852099640613789e-03 -1.058127546076553967e-02 0.000000000000000000e+00
3.419866261337301764e-03 -7.658286220861296525e-03 0.000000000000000000e+00
1.161185041701952780e-03 -4.750001392639474108e-03 0.000000000000000000e+00
1.274968810094708248e-06 -1.858792821184455241e-03 0.000000000000000000e+00
0.000000000000000000e+00 1.012613197571206238e-03 0.000000000000000000e+00
100
0.000000000000000000e+00 1.012613197571206238e-03 0.000000000000000000e+00
1.157364965643632466e-03 3.853337998185993579e-03 0.000000000000000000e+00
3.413515569146654497e-03 6.644350545709359034e-03 0.000000000000000000e+00
6.705994943177459588e-03 9.366265354342572999e-03 0.000000000000000000e+00
1.097234622040410557e-02 1.199969693828690197e-02 0.000000000000000000e+00
1.615011253349487794e-02 1.452525981174355475e-02 0.000000000000000000e+00
2.217683701511805050e-02 1.692356848891391624e-02 0.000000000000000000e+00
2.899006279794179991e-02 1.917523748399919611e-02 0.000000000000000000e+00
3.652733301463440690e-02 2.126088131120066477e-02 0.000000000000000000e+00
4.472619079786380181e-02 2.316111448471958739e-02 0.000000000000000000e+00
5.352417928029828964e-02 2.485655151875720142e-02 0.000000000000000000e+00
6.285881904647476481e-02 2.632887271181203609e-02 0.000000000000000000e+00
7.266694683838052782e-02 2.759208160177078692e-02 0.000000000000000000e+00
8.288460880414276477e-02 2.869755078844048873e-02 0.000000000000000000e+00
9.344780705256998388e-02 2.969873448158361420e-02 0.000000000000000000e+00
1.042925436924703880e-01 3.064908689096262906e-02 0.000000000000000000e+00
1.153548208326528185e-01 3.160206222634005802e-02 0.000000000000000000e+00
1.265706405819253533e-01 3.261111469747836333e-02 0.000000000000000000e+00
1.378760050490961675e-01 3.372969851414002462e-02 0.000000000000000000e+00
1.492069163429738110e-01 3.501126788608751456e-02 0.000000000000000000e+00
1.604993765723662924e-01 3.650927702308329192e-02 0.000000000000000000e+00
1.716893878460826195e-01 3.827718013488990573e-02 0.000000000000000000e+00
1.827138472883183540e-01 4.036712245763297152e-02 0.000000000000000000e+00
1.935468434352916878e-01 4.277685622089132111e-02 0.000000000000000000e+00
2.042122125444149894e-01 4.543137685428482592e-02 0.000000000000000000e+00
2.147372639503057623e-01 4.825060035912247247e-02 0.000000000000000000e+00
2.251493069875811492e-01 5.115444273671326814e-02 0.000000000000000000e+00
2.354756509908589590e-01 5.406281998836636599e-02 0.000000000000000000e+00
2.457436052947562788e-01 5.689564811539071787e-02 0.000000000000000000e+00
2.559804792338908341e-01 5.957284311909540747e-02 0.000000000000000000e+00
2.662135821428797677e-01 6.201432100078944215e-02 0.000000000000000000e+00
2.764702233563405831e-01 6.413999776178182233e-02 0.000000000000000000e+00
2.867777122088906450e-01 6.586978940338165944e-02 0.000000000000000000e+00
2.971631561846737046e-01 6.712450856026300205e-02 0.000000000000000000e+00
3.076415517393964461e-01 6.787876586900311315e-02 0.000000000000000000e+00
3.182091232346882514e-01 6.819055886912911424e-02 0.000000000000000000e+00
3.288604802283878747e-01 6.812505816708856743e-02 0.000000000000000000e+00
3.395902322783336258e-01 6.774743436932904872e-02 0.000000000000000000e+00
3.503929889423637589e-01 6.712285808229807860e-02 0.000000000000000000e+00
3.612633597783164174e-01 6.631649991244320530e-02 0.000000000000000000e+00
3.721959543440302998e-01 6.539353046621203258e-02 0.000000000000000000e+00
3.831853821973431051e-01 6.441912035005208093e-02 0.000000000000000000e+00
3.942262528960937540e-01 6.345844017041091245e-02 0.000000000000000000e+00
4.053131759981202786e-01 6.257666053373608928e-02 0.000000000000000000e+00
4.164407604776597105e-01 6.183866227895029599e-02 0.000000000000000000e+00
4.276035608379225028e-01 6.128228050327562404e-02 0.000000000000000000e+00
4.387960335230675080e-01 6.089666240533661568e-02 0.000000000000000000e+00
4.500126247198747986e-01 6.066586222974082454e-02 0.000000000000000000e+00
4.612477806151239479e-01 6.057393422109579734e-02 0.000000000000000000e+00
4.724959473955943068e-01 6.060493262400909464e-02 0.000000000000000000e+00
4.837515712480652819e-01 6.074291168308823541e-02 0.000000000000000000e+00
4.950090983593163907e-01 6.097192564294077327e-02 0.000000000000000000e+00
5.062629749161277060e-01 6.127602874817425493e-02 0.000000000000000000e+00
5.175076471052787452e-01 6.163927524339627567e-02 0.000000000000000000e+00
5.287375611135489706e-01 6.204571937321433361e-02 0.000000000000000000e+00
5.399471633919440405e-01 6.247937305178197925e-02 0.000000000000000000e+00
5.511309432952319343e-01 6.291737478578721121e-02 0.000000000000000000e+00
5.622834801472692545e-01 6.332244956233656907e-02 0.000000000000000000e+00
5.733993646006205758e-01 6.365550745032198809e-02 0.000000000000000000e+00
5.844731873078490292e-01 6.387745851863545210e-02 0.000000000000000000e+00
5.954995389215180790e-01 6.394921283616891716e-02 0.000000000000000000e+00
6.064730100941917446e-01 6.383168047181439486e-02 0.000000000000000000e+00
6.173881914784340452e-01 6.348577149446382739e-02 0.000000000000000000e+00
6.282396737268082232e-01 6.287239597300915694e-02 0.000000000000000000e+00
6.390220474918789639e-01 6.195246397634241592e-02 0.000000000000000000e+00
6.497299034262087325e-01 6.068688557335551181e-02 0.000000000000000000e+00
6.603578225977676519e-01 5.903665849804060062e-02 0.000000000000000000e+00
6.708971368969504079e-01 5.699249895331561649e-02 0.000000000000000000e+00
6.813312134160292022e-01 5.461797284026252003e-02 0.000000000000000000e+00
6.916422211729486014e-01 5.198760419747280176e-02 0.000000000000000000e+00
7.018123291856537271e-01 4.917591706353791059e-02 0.000000000000000000e+00
7.118237064720892571e-01 4.625743547704942726e-02 0.000000000000000000e+00
7.216585220502006459e-01 4.330668347659868272e-02 0.000000000000000000e+00
7.312989449379327933e-01 4.039818510077723690e-02 0.000000000000000000e+00
7.407271441532301548e-01 3.760646438817657339e-02 0.000000000000000000e+00
7.499252887140382962e-01 3.500604537738816885e-02 0.000000000000000000e+00
7.588755476383020060e-01 3.267145210700350688e-02 0.000000000000000000e+00
7.675601062922209339e-01 3.067717976137770627e-02 0.000000000000000000e+00
7.759774329037073537e-01 2.906898470539273985e-02 0.000000000000000000e+00
7.841728334504804998e-01 2.780995591659127242e-02 0.000000000000000000e+00
7.921999842166818073e-01 2.684840900346956855e-02 0.000000000000000000e+00
8.001125614864527114e-01 2.613265957452387198e-02 0.000000000000000000e+00
8.079642415439343139e-01 2.561102323825046462e-02 0.000000000000000000e+00
8.158087006732688273e-01 2.523181560314556593e-02 0.000000000000000000e+00
8.236996151585969095e-01 2.494335227770545435e-02 0.000000000000000000e+00
8.316906612840604396e-01 2.469394887042638750e-02 0.000000000000000000e+00
8.398355153338007417e-01 2.443192098980461607e-02 0.000000000000000000e+00
8.481878535919595841e-01 2.410558424433642197e-02 0.000000000000000000e+00
8.568013543555336176e-01 2.366325470436955389e-02 0.000000000000000000e+00
8.657434940462144235e-01 2.305641443245620703e-02 0.000000000000000000e+00
8.751284936297886174e-01 2.224727106911542768e-02 0.000000000000000000e+00
8.850804632312871956e-01 2.120030133140892933e-02 0.000000000000000000e+00
8.957235129757414871e-01 1.987998193639849143e-02 0.000000000000000000e+00
9.071817529881839315e-01 1.825078960114581011e-02 0.000000000000000000e+00
9.195792933936447477e-01 1.627720104271260931e-02 0.000000000000000000e+00
9.330402443171561533e-01 1.392369297816065457e-02 0.000000000000000000e+00
9.476887158837487002e-01 1.115474212455166807e-02 0.000000000000000000e+00
9.636488182184543838e-01 7.934825198947467392e-03 0.000000000000000000e+00
1.000000000000000000e+00 0.000000000000000000e+00 0.000000000000000000e+00
