100
1.0 0.0 0.0
0.9913839712999041 -6.90164719712296e-05 0.0
0.9824749001172994 -0.0002741672799237722 0.0
0.9733138122358913 -0.0005843834063882708 0.0
0.9639425422166473 -0.0009685958338953676 0.0
0.9544029246205372 -0.0013957355449757058 0.0
0.9447367940085293 -0.0018347335221599271 0.0
0.9349859849415927 -0.002254520747978675 0.0
0.9251920500413926 -0.002624658954795188 0.0
0.915381087865619 -0.0029492834450147764 0.0
0.9055560481694592 -0.0032843176297258623 0.0
0.8957179806150973 -0.0036899357758845494 0.0
0.8858679348647179 -0.004226312150446939 0.0
0.8760069605805042 -0.004953621020369138 0.0
0.8661361074246413 -0.005932036652607244 0.0
0.8562564250593131 -0.007221733314117364 0.0
0.8463648097724615 -0.008875845036208542 0.0
0.836414105877219 -0.010872834928347449 0.0
0.8263306250888515 -0.01314619164539396 0.0
0.8160403144916909 -0.015628785769393926 0.0
0.8054691211700689 -0.018253487882393206 0.0
0.7945429922083173 -0.020953168566437655 0.0
0.7831878746907673 -0.023660698403573127 0.0
0.771329716901052 -0.02630894826685552 0.0
0.7589180681596382 -0.028836515815675937 0.0
0.7459866099245512 -0.031202413353879146 0.0
0.7325877627259515 -0.033370200216992815 0.0
0.7187739470939993 -0.0353034357405446 0.0
0.7045975835588553 -0.03696567926006217 0.0
0.6901110926506799 -0.0383204901110732 0.0
0.6753668948996335 -0.03933142762910535 0.0
0.6604170665981912 -0.03996368476070157 0.0
0.6452990002361323 -0.04025213776387218 0.0
0.6300302244118529 -0.04032592878665273 0.0
0.6146268577261923 -0.04032089124779729 0.0
0.5991050187799881 -0.04037285856605994 0.0
0.5834808261740799 -0.04061766416019476 0.0
0.5677703985093057 -0.04119114144895585 0.0
0.5519898543865042 -0.042229123851097276 0.0
0.536155321787282 -0.04384968411083556 0.0
0.5202830157980366 -0.04600597886207635 0.0
0.5043891987782739 -0.0485616622288272 0.0
0.4884901335566081 -0.05137950017189895 0.0
0.4726020829616517 -0.05432225865210245 0.0
0.4567413098220185 -0.057252703630248584 0.0
0.4409240769663218 -0.06003360106714816 0.0
0.42516664718781333 -0.06252772694146305 0.0
0.40948518638990494 -0.06462530614362774 0.0
0.3938955523733882 -0.06630384909994362 0.0
0.378413541834804 -0.06755817708326065 0.0
0.36305495147069433 -0.06838311136642869 0.0
0.34783557797760045 -0.06877347322229778 0.0
0.3327712180520638 -0.06872408392371783 0.0
0.3178776683906261 -0.06822976474353876 0.0
0.3031707073564861 -0.06728649856356098 0.0
0.2886654889461375 -0.06592982842495011 0.0
0.27437640378103406 -0.06424366515973806 0.0
0.2603177959950032 -0.0623148650771978 0.0
0.24650400972187264 -0.06023028448660229 0.0
0.23294938909546845 -0.05807677969722437 0.0
0.21966827824961882 -0.05594120701833707 0.0
0.2066750213181503 -0.05391042275921327 0.0
0.19398769091349077 -0.05205981049716737 0.0
0.18165481013279333 -0.050371056007608064 0.0
0.16973977124586823 -0.04878009181089321 0.0
0.15830606719144827 -0.047222540663617904 0.0
0.14741719090826588 -0.04563402532237715 0.0
0.13713663533505344 -0.04395016854376594 0.0
0.12752789341054363 -0.04210659308437934 0.0
0.1186544156057096 -0.04003895431705128 0.0
0.11054146129286177 -0.037712239277496534 0.0
0.10310579101078439 -0.03517476465989452 0.0
0.09624502806761072 -0.03248954500209946 0.0
0.08985679577147399 -0.029719594841965707 0.0
0.08383871743050801 -0.0269279287173475 0.0
0.07808841635284555 -0.024177561166099162 0.0
0.07250351584662053 -0.021531506726075022 0.0
0.06698396285565959 -0.019051980978603274 0.0
0.06149419597185778 -0.016779024762542387 0.0
0.05606995497866919 -0.014728162787794858 0.0
0.05075066950696859 -0.012913651050890923 0.0
0.04557576918763064 -0.01134974554836082 0.0
0.04058468365153011 -0.010050702276734718 0.0
0.03581684252954189 -0.009030777232542864 0.0
0.031311675452540516 -0.008304226412315444 0.0
0.02710520455389547 -0.007877465311054824 0.0
0.02320888126447008 -0.007700373320585572 0.0
0.019623379668250437 -0.007698031632726565 0.0
0.016349327856653093 -0.007795415612421509 0.0
0.013387353921094688 -0.00791750062461411 0.0
0.010738085952991418 -0.00798926203424807 0.0
0.008402152043759822 -0.007935675206267102 0.0
0.006380169651082258 -0.007681789317939747 0.0
0.004668312660999384 -0.007183497871777679 0.0
0.0032514566170579883 -0.006475119965436638 0.0
0.0021127078752919736 -0.005603255222117845 0.0
0.001235172791735689 -0.00461450326502254 0.0
0.000601957722423038 -0.0035554637173519418 0.0
0.0001961690233882566 -0.0024727362023072895 0.0
0.0 0.0 0.0
100
0.0 0.0 0.0
0.00019342838051416433 0.0005058253328628082 0.0
0.0005973850147039533 0.0014142065203842178 0.0
0.001228760564778217 0.0023543771939586546 0.0
0.002104445692945359 0.0033761775842589413 0.0
0.0032413310614141195 0.00452944792195787 0.0
0.00465630733239279 0.005864028437728314 0.0
0.006366265168090111 0.007429759362243068 0.0
0.00838632588095922 0.009264376727835043 0.0
0.010720311404848915 0.011328317028227616 0.0
0.013367599694470133 0.013551615303312172 0.0
0.016327558069824583 0.01586423384047329 0.0
0.019599553850913855 0.01819613492709544 0.0
0.02318295435773978 0.020477280850563107 0.0
0.027077126910303954 0.022637633898260803 0.0
0.03128139284960633 0.02460724743831866 0.0
0.03578429934919173 0.026337517607840883 0.0
0.04054983012869304 0.027828498792858255 0.0
0.04553856241548295 0.029086993369687602 0.0
0.050711073436933506 0.030119803714645725 0.0
0.05602794042041707 0.030933732204049463 0.0
0.06144974059330633 0.031535581214215645 0.0
0.06693705118297356 0.03193215312146112 0.0
0.07245413907961726 0.03213171963491185 0.0
0.07803656879796098 0.03217094528544087 0.0
0.08378439327442795 0.032112175799813354 0.0
0.0897999889648887 0.032018682198925064 0.0
0.09618573232521432 0.03195373550367174 0.0
0.10304399981127514 0.031980606734949124 0.0
0.11047716787894206 0.03216256691365297 0.0
0.11858761298408557 0.03256288706067902 0.0
0.1274585694942027 0.03323541978143624 0.0
0.13706474540232522 0.03418061982494393 0.0
0.147342647908537 0.0353801461362899 0.0
0.15822874173438187 0.03681563675999334 0.0
0.16965949160140423 0.038468729740573464 0.0
0.18157136223114825 0.04032106312254943 0.0
0.1939008183451585 0.04235427495044053 0.0
0.2065844257490937 0.04454986179677882 0.0
0.21957368074672115 0.04686842429763272 0.0
0.23285065571453983 0.049227770432827105 0.0
0.246401166885144 0.05154046847896122 0.0
0.26021103049112826 0.05371908671263441 0.0
0.2742660627650868 0.055676193410445905 0.0
0.288552079939614 0.05732435684899504 0.0
0.3030548982473039 0.05857614530488102 0.0
0.31776028038552384 0.05934884098888507 0.0
0.33265310994769554 0.05963713379957961 0.0
0.3477175515055189 0.05949902561258351 0.0
0.3629377485179874 0.058994377339484816 0.0
0.37829784444409403 0.05818304989187158 0.0
0.39378198274283177 0.05712490418133192 0.0
0.4093743068731944 0.055879801119453835 0.0
0.42505896029417495 0.05450760161782541 0.0
0.44082000472096067 0.053073287043472195 0.0
0.4566410896964122 0.05166765735614343 0.0
0.47250573514647576 0.05038963175627048 0.0
0.4883974609497925 0.04933813240751116 0.0
0.5042997869850032 0.048612081473523354 0.0
0.5201962331307489 0.04831040111796493 0.0
0.5360703192656701 0.04853201350449376 0.0
0.551905567582552 0.04937472375215385 0.0
0.5676857334765327 0.050823769495800156 0.0
0.583395002038238 0.05265697305130823 0.0
0.5990176046344392 0.054629819098966984 0.0
0.6145377726319063 0.05649779231906528 0.0
0.6299397373974104 0.05801637739189199 0.0
0.6452077302977229 0.0589410589977361 0.0
0.6603259826996138 0.05902732181688643 0.0
0.6752772909595072 0.05805114343954058 0.0
0.6900242351650103 0.056077203329277375 0.0
0.7045144511162862 0.053383595394271476 0.0
0.7186952242691769 0.05025341669453049 0.0
0.7325138400795224 0.046969764290062235 0.0
0.7459175840031638 0.04381573524087447 0.0
0.7588537414959419 0.041074426606974905 0.0
0.7712695980136973 0.03902893544837136 0.0
0.7831312475161913 0.03788235254688974 0.0
0.7944892278261332 0.03747856737742905 0.0
0.8054177652493445 0.037560705027794634 0.0
0.8159910872953925 0.03787188546538997 0.0
0.8262834214738435 0.03815522865761854 0.0
0.8363689952942637 0.038153854571883854 0.0
0.8463220362662206 0.0376108831755894 0.0
0.8562164057235782 0.03627173137964089 0.0
0.8660993199963647 0.0340489546244729 0.0
0.8759737568125766 0.03113260783738222 0.0
0.885838522930102 0.02773890956774567 0.0
0.8956924251068288 0.02408407836493988 0.0
0.905534270100645 0.020384332778341688 0.0
0.915362864669438 0.016855891357327863 0.0
0.9251770155710964 0.01371497265127518 0.0
0.9349736418989114 0.011160037020451558 0.0
0.9447266653587626 0.00917319709275908 0.0
0.9543946546767654 0.007592132465649718 0.0
0.9639358984838822 0.006251887743727768 0.0
0.9733086854110752 0.004987507531597525 0.0
0.9824713040893067 0.003634036433863312 0.0
0.9913820431495394 0.002026519055129363 0.0
1.0 0.0 0.0
