100
1.0 0.0 0.0
0.9913767551400785 0.0009411011509827279 0.0
0.9824651563978638 0.002038575122863968 0.0
0.9733012341610622 0.003234170156354866 0.0
0.9639269765239686 0.004469634492166564 0.0
0.9543843715808802 0.0056867163710102074 0.0
0.9447154074260927 0.006827164033596938 0.0
0.9349620721539026 0.007832725720637902 0.0
0.9251660704542612 0.00864556210932274 0.0
0.9153535726491902 0.009230440940276242 0.0
0.9055274799700822 0.009585993308609325 0.0
0.8956887836818738 0.009713629871049989 0.0
0.8858384750495016 0.009614761284326232 0.0
0.8759775453379014 0.009290798205166047 0.0
0.8661069858120102 0.008743151290297435 0.0
0.8562277877367641 0.007973231196448395 0.0
0.8463367978237679 0.006981360528791446 0.0
0.8363869043671245 0.00575632168039088 0.0
0.8263045194128364 0.00427994635008075 0.0
0.8160156911503731 0.002533970715022216 0.0
0.8054464677692026 0.00050013095237642 0.0
0.7945228974587951 -0.001839836760695472 0.0
0.7831710284086183 -0.004504196247032322 0.0
0.7713169100044086 -0.007511210041647847 0.0
0.7589101329618512 -0.010853797569068029 0.0
0.745984207293207 -0.014434536033999436 0.0
0.7325913346759881 -0.018135880373687335 0.0
0.7187837167877065 -0.021840285525376944 0.0
0.7046135553058737 -0.025430206426313526 0.0
0.6901330519080022 -0.028788098013742353 0.0
0.6753944082716034 -0.031796415224908656 0.0
0.6604494847905744 -0.03433968940436296 0.0
0.6453355840649377 -0.03639102312666841 0.0
0.6300703152650056 -0.038043335973530275 0.0
0.6146698896634033 -0.03939805249097604 0.0
0.5991505185327559 -0.040556597225033277 0.0
0.5835284131456898 -0.04162039472172949 0.0
0.5678197847748303 -0.04269086952709221 0.0
0.552040844692803 -0.043869446187148976 0.0
0.5362078059911395 -0.045246411908346044 0.0
0.5203368986507639 -0.046808638527456266 0.0
0.5044443618187319 -0.04848687276933729 0.0
0.4885464347330581 -0.05021130441067995 0.0
0.47265935663175696 -0.051912123228175074 0.0
0.45679936675284316 -0.053519518998513524 0.0
0.4409827043343315 -0.054963681498386104 0.0
0.42522560858826447 -0.0561748091740446 0.0
0.4095442475646501 -0.05710685506873695 0.0
0.3939545630234178 -0.05778931011024669 0.0
0.37847245184566514 -0.05826664622767466 0.0
0.36311381091249095 -0.058583335350121654 0.0
0.347894537104993 -0.0587838494066885 0.0
0.3328305273042693 -0.05891266032647604 0.0
0.3179376783914187 -0.05901424003858506 0.0
0.30323186448512074 -0.05913149483628508 0.0
0.28872818449922016 -0.059254011173177745 0.0
0.2744407895519513 -0.0593061845912136 0.0
0.2603837730431712 -0.05920844066920971 0.0
0.24657122837273707 -0.0588812049859831 0.0
0.23301724894050538 -0.05824490312035079 0.0
0.21973592814633364 -0.057219960651129866 0.0
0.20674135939007862 -0.05572680315713733 0.0
0.19405141169094495 -0.053702905005825065 0.0
0.18171478955134604 -0.05122497802142538 0.0
0.16979525464365264 -0.04843772459724613 0.0
0.15835667058195793 -0.04548630744388845 0.0
0.14746290098035497 -0.0425158892719534 0.0
0.13717780945293673 -0.03967163279204199 0.0
0.12756525961379647 -0.03709870071475533 0.0
0.11868907245538333 -0.03494219799804136 0.0
0.1105747394836756 -0.03329529285284447 0.0
0.10313886021889188 -0.0321036040174738 0.0
0.0962788276056611 -0.031286725173577126 0.0
0.08989203458861182 -0.030764250002802244 0.0
0.08387587411237309 -0.03045577218679697 0.0
0.07812773912157354 -0.0302808854072091 0.0
0.07254502256084237 -0.030159183345686458 0.0
0.06702744399634013 -0.03001131036543034 0.0
0.061539297513134666 -0.02978707210701877 0.0
0.05611627000885716 -0.0294685145690702 0.0
0.050797742969960195 -0.029039352193595942 0.0
0.04562309788289645 -0.02848329942260735 0.0
0.04063171623411849 -0.027784070698115716 0.0
0.03586297951007899 -0.026925380462132387 0.0
0.03135626919723054 -0.025890943156668678 0.0
0.027147575091201904 -0.02466847367947538 0.0
0.02324843026356169 -0.023274533320034856 0.0
0.019659640432901204 -0.021738336142806746 0.0
0.01638196553859218 -0.02008915020825193 0.0
0.013416165520006693 -0.018356243576831327 0.0
0.010763000316516369 -0.01656888430900578 0.0
0.008423229867493057 -0.014756340465236217 0.0
0.006397603404461208 -0.012947877209418557 0.0
0.004682395617249441 -0.011171549303379935 0.0
0.0032625041079159408 -0.00945233390871261 0.0
0.002121044960422321 -0.007814726271019075 0.0
0.0012411342587301934 -0.00628322163590188 0.0
0.0006058880868011691 -0.004882315248963518 0.0
0.00019842252859663786 -0.003636502355806534 0.0
0.0 0.0 0.0
100
0.0 0.0 0.0
0.00019283546733499252 -0.0010333618036099384 0.0
0.0005964894612761727 -0.0005032790986023598 0.0
0.0012277937838084652 -6.758704232592548e-05 0.0
0.002103580236917129 0.00032249074884198103 0.0
0.0032406806225871985 0.0007157306585239663 0.0
0.00465592674280371 0.0011609090703426635 0.0
0.006366150399551699 0.00170680236792068 0.0
0.008386409765625097 0.002398993228073996 0.0
0.010720436305984654 0.0032626687544732857 0.0
0.013367506758028256 0.004314994591845107 0.0
0.01632688719872292 0.005573117189082537 0.0
0.019597843705035423 0.007054182995078595 0.0
0.023179642353932793 0.008775338458726311 0.0
0.027071549222382033 0.010753730028918725 0.0
0.03127278469112308 0.013006411490272912 0.0
0.03577186123546478 0.015528722792962812 0.0
0.04053287894408459 0.018266499665719152 0.0
0.045516552363609714 0.02115871252639977 0.0
0.05068359604066692 0.024144331792862475 0.0
0.05599472452188331 0.02716232788296505 0.0
0.06141065235388609 0.03015167121456544 0.0
0.06689209408330225 0.03305133220552143 0.0
0.07240345197465552 0.035801814152430986 0.0
0.07798038833392719 0.038373241110754 0.0
0.08372301989506098 0.04076252899614613 0.0
0.08973378568665291 0.04296755903565621 0.0
0.09611512473729912 0.04498621245633317 0.0
0.10296947607559542 0.046816370485225814 0.0
0.11039927873013826 0.04845591434938302 0.0
0.11850697172952322 0.04990272527585363 0.0
0.12737584431985674 0.05115424833480297 0.0
0.13698061575086737 0.052205455798008914 0.0
0.14725778912461965 0.053050449523401294 0.0
0.15814382504756413 0.05368333040102662 0.0
0.16957518412615155 0.05409819932093149 0.0
0.18148832696683267 0.054289157173162426 0.0
0.1938197141760588 0.054250304847766016 0.0
0.2065059067726842 0.05397599546231618 0.0
0.21949829705948173 0.05349783707435606 0.0
0.23277865023184394 0.05292373189757952 0.0
0.24633245046307564 0.05237092390595351 0.0
0.26014518192648306 0.051956657073444976 0.0
0.2742023287953711 0.051798175374020844 0.0
0.28848937524304535 0.05201272278164812 0.0
0.3029918054428111 0.05271754327029372 0.0
0.31769507426220306 0.0540206126891285 0.0
0.33258415533761027 0.05587771466678273 0.0
0.3476436287050422 0.05812015436406971 0.0
0.36285806284318023 0.06057558186799423 0.0
0.3782120262307065 0.06307164726556108 0.0
0.3936900873463026 0.06543600064377507 0.0
0.4092768146686506 0.06749629208964106 0.0
0.42495677667643234 0.06908017169016381 0.0
0.44071439341805185 0.070048555535605 0.0
0.4565333365200316 0.07043009506713893 0.0
0.47239704225069923 0.07030618990240041 0.0
0.48828894679248513 0.06975825891018353 0.0
0.50419248632782 0.06886772095928241 0.0
0.5200910970391337 0.06771599491849117 0.0
0.535968215108857 0.06638449965660395 0.0
0.5518072782907241 0.06495452126333714 0.0
0.5675918826828981 0.06349396533622212 0.0
0.5833059161468328 0.062046082759445065 0.0
0.5989332979654918 0.06065146922274987 0.0
0.6144579474218373 0.059350720415880395 0.0
0.6298637837988322 0.058184432028580584 0.0
0.6451347263794404 0.05719319975059427 0.0
0.6602546944466234 0.056417619271665345 0.0
0.6752062010756026 0.055893653163674485 0.0
0.6899519488407301 0.055591993140792134 0.0
0.7044399959810421 0.055435081338191 0.0
0.7186180574231392 0.05534422875875298 0.0
0.7324338480936206 0.055240746405359975 0.0
0.7458350829190861 0.05504594528089384 0.0
0.7587694768261352 0.05468113638823647 0.0
0.7711847447413678 0.05406763073026978 0.0
0.7830473063407576 0.05314076538253417 0.0
0.7944075593401764 0.05189884977404637 0.0
0.8053394592643225 0.05035785855518936 0.0
0.8159169628349997 0.04853376727401475 0.0
0.8262140267740105 0.04644255147857414 0.0
0.8363046078031579 0.04410018671691922 0.0
0.8462626626442457 0.04152264853710149 0.0
0.8561617834757047 0.03872613697907566 0.0
0.8660490362496815 0.03574318737642912 0.0
0.8759274455222225 0.03263345649078618 0.0
0.8857958834725304 0.02945915818685444 0.0
0.8956532222798084 0.02628250632934123 0.0
0.9054983341232591 0.02316571478295412 0.0
0.9153300911820849 0.02017099741240058 0.0
0.9251473656354894 0.017360568082388138 0.0
0.934947137673853 0.014791044024699166 0.0
0.9447033374181745 0.012450858782181422 0.0
0.9543745068393794 0.010282926692501426 0.0
0.9639189071716036 0.00822933165461153 0.0
0.9732947996489827 0.006232157567464083 0.0
0.9824604455056526 0.004233488330011482 0.0
0.9913741059757494 0.0021754078412059897 0.0
1.0 0.0 0.0
