100
1.0 0.0 0.0
0.9913819148781644 0.0004319849321944521 0.0
0.9824718233957608 0.0010434752253392582 0.0
0.973309424895428 0.0017966886971409152 0.0
0.9639366341627571 0.0026538431653059195 0.0
0.9543953659833406 0.0035771564475407694 0.0
0.9447275351427702 0.004528846361551958 0.0
0.9349750564266377 0.0054711307250459845 0.0
0.925179561958064 0.00636633190254108 0.0
0.9153671901568824 0.007182502829268859 0.0
0.9055408712642878 0.007896280321690437 0.0
0.8957016305547781 0.008485005775808836 0.0
0.8858504933028517 0.008926020587627075 0.0
0.8759884847830054 0.009196666153148176 0.0
0.866116630269738 0.00927428386837515 0.0
0.8562359550375468 0.009136215129311027 0.0
0.8463433377215843 0.008759614902221689 0.0
0.83639167641459 0.00811966082178525 0.0
0.8263073796353222 0.007190339571670461 0.0
0.8160164918628715 0.005945621468600719 0.0
0.8054450575763282 0.0043594768292993975 0.0
0.7945191212547834 0.0024058759704898946 0.0
0.7831647273773265 5.8789208895584054e-05 0.0
0.7713079216201205 -0.002707811704816682 0.0
0.7588983068322386 -0.005891736446789549 0.0
0.7459694616357567 -0.00939020212606934 0.0
0.7325736688972116 -0.013078020485265992 0.0
0.7187632114831394 -0.016830003266989392 0.0
0.7045903722600769 -0.020520962213849473 0.0
0.6901074340945613 -0.02402570906845617 0.0
0.6753666798531283 -0.02721905557341938 0.0
0.6604200500407764 -0.029978284878239163 0.0
0.6453048813887022 -0.03228610046471933 0.0
0.6300387549978674 -0.034267815877849724 0.0
0.614637849656369 -0.03605886754524201 0.0
0.5991183441523047 -0.03779469189450785 0.0
0.583496417273773 -0.039610725353258894 0.0
0.5677882478088707 -0.0416424043491068 0.0
0.5520100145456963 -0.04402516530966322 0.0
0.5361778926918367 -0.04687301278712019 0.0
0.5203080242081813 -0.05010094641843427 0.0
0.5044165330121239 -0.05351596281185818 0.0
0.48851954284200705 -0.0569239868256419 0.0
0.4726331774361731 -0.06013094331803541 0.0
0.45677356053296464 -0.06294275714728877 0.0
0.4409568158707243 -0.0651653531716519 0.0
0.4251990671804201 -0.0666046834605043 0.0
0.4095164179888433 -0.06714125857808101 0.0
0.3939249075749735 -0.06689267966003178 0.0
0.37844056247588514 -0.06602356867379837 0.0
0.3630794092286534 -0.06469854758682263 0.0
0.3478574743703529 -0.06308223836654635 0.0
0.3327907844380579 -0.06133926298041134 0.0
0.31789536596884393 -0.059634243395859474 0.0
0.3031872220987434 -0.058128876868222 0.0
0.288681559009751 -0.0568852556376108 0.0
0.27439260849683045 -0.05584369097503459 0.0
0.2603345430172169 -0.05493707799569973 0.0
0.24652153502814597 -0.05409831181481257 0.0
0.23296775698685224 -0.0532602875475794 0.0
0.21968738135057134 -0.052355900309206616 0.0
0.20669458057653847 -0.05131804521490054 0.0
0.19400727763138065 -0.05008801098886434 0.0
0.18167402589192658 -0.04867563695997814 0.0
0.16975833576645818 -0.047124236169801305 0.0
0.15832381892701203 -0.04547734828733618 0.0
0.14743408704562416 -0.04377851298158512 0.0
0.13715275179433037 -0.04207126992155037 0.0
0.12754342484516684 -0.040399158776234324 0.0
0.11866967535510577 -0.03880570655050037 0.0
0.11055683884155251 -0.03732305143604354 0.0
0.10312163113199316 -0.03595097662595192 0.0
0.09626160950638259 -0.034683558477111534 0.0
0.08987433124467513 -0.03351487334640848 0.0
0.08385735362682593 -0.032438997590728824 0.0
0.07810823393278932 -0.031450007566958635 0.0
0.07252452944252055 -0.030541979631983983 0.0
0.06700612120935694 -0.02970855404589169 0.0
0.06151738575622837 -0.028931267363623 0.0
0.05609400502265347 -0.028178274429075764 0.0
0.050775351014218095 -0.027417037580582386 0.0
0.04560079573650776 -0.026615019156475298 0.0
0.04060971119510821 -0.02573968149508686 0.0
0.03584146939560486 -0.02475848693474951 0.0
0.03133544234358346 -0.02363889781379563 0.0
0.027127609553254182 -0.022354074059662214 0.0
0.023229488042167963 -0.020918259640690603 0.0
0.01964186494288708 -0.01936371905026932 0.0
0.016365481597948907 -0.01772279368478208 0.0
0.013401079349890918 -0.0160278249406126 0.0
0.010749399541250367 -0.014311154214144547 0.0
0.008411183514564512 -0.012605122901761663 0.0
0.006387161891204985 -0.010942058122760296 0.0
0.004673585185393061 -0.009348320958576028 0.0
0.0032553126727086087 -0.007835103085374604 0.0
0.0021154198947748062 -0.006411220828920068 0.0
0.0012369823932148279 -0.005085490514976512 0.0
0.0006030757096518509 -0.0038667284693079795 0.0
0.00019677538570916206 -0.002763751017678558 0.0
0.0 0.0 0.0
100
0.0 0.0 0.0
0.0001932764420493465 -0.00020468764445021018 0.0
0.0005971506214510415 0.00046677263046036757 0.0
0.00122849088732135 0.0011250415279134701 0.0
0.0021041655887763145 0.0018199726603058215 0.0
0.0032410430749320895 0.002601419640034125 0.0
0.004655991694904829 0.003519236079495139 0.0
0.006365879797810685 0.00462327559108557 0.0
0.008385803026343664 0.005957701800607636 0.0
0.010719536208330683 0.007530341079127802 0.0
0.013366401761704482 0.009334728569173474 0.0
0.016325711449513492 0.011364365213503012 0.0
0.019596777034805703 0.013612751954874672 0.0
0.023178910280629534 0.01607338973604673 0.0
0.027071422950033206 0.01873977949977748 0.0
0.03127358109401295 0.02160528825759309 0.0
0.035773939149901915 0.02463189918327696 0.0
0.04053663071419963 0.027710045100653728 0.0
0.04552240266891535 0.030720236136428228 0.0
0.05069200189605831 0.03354298241730527 0.0
0.05600617527763766 0.036058794069989665 0.0
0.06142566969566295 0.03814818122118634 0.0
0.06691123203214312 0.03969165399760009 0.0
0.07242729129936135 0.040576219125327065 0.0
0.07800942857797917 0.04081442111695232 0.0
0.08375758171539519 0.04053235292048653 0.0
0.08977400733492347 0.03986019863690988 0.0
0.09616096205987854 0.03892814236720246 0.0
0.10302070251357424 0.03786636821234443 0.0
0.11045548531932532 0.03680506027331594 0.0
0.11856756710044553 0.035874402651097106 0.0
0.12744006549077078 0.0351959818810093 0.0
0.13704758931890762 0.03484264046313822 0.0
0.14732655280480594 0.03487006321763528 0.0
0.15821332769675273 0.035333915885645245 0.0
0.16964428574303544 0.03628986420831294 0.0
0.18155579869194124 0.03779357392678314 0.0
0.19388423829175752 0.039900710782200685 0.0
0.20656607802432778 0.042666370283422204 0.0
0.21955281779449606 0.04606142251836865 0.0
0.23282673002382126 0.04988425286764373 0.0
0.2463738550433397 0.05391212699747398 0.0
0.260180233184089 0.05792231057408622 0.0
0.27423190477710585 0.061692069263706975 0.0
0.2885149101534274 0.06499866873256294 0.0
0.30301528964409036 0.0676193746468807 0.0
0.31771901945048375 0.06934237355117295 0.0
0.3326110226986727 0.0701351841367642 0.0
0.34767536120129594 0.07011200138885382 0.0
0.36289607148015884 0.06939132716345546 0.0
0.37825719005706737 0.0680916633165829 0.0
0.39374275345382703 0.0663315117042499 0.0
0.4093367981922442 0.06422937418247016 0.0
0.4250233607941241 0.06190375260725739 0.0
0.44078641415708175 0.05946334237600466 0.0
0.45660961036994807 0.056967392315524897 0.0
0.4724765006359737 0.05445960165967929 0.0
0.4883706361215896 0.05198366396729489 0.0
0.5042755679932267 0.04958327279719897 0.0
0.5201748474173156 0.04730212170821871 0.0
0.5360520255602874 0.045183904259181305 0.0
0.5518906549816096 0.0432722359620337 0.0
0.5676744286207097 0.041602867342084876 0.0
0.5833872980792211 0.04019705700698217 0.0
0.5990132428154583 0.03907450285430925 0.0
0.6145362422877346 0.0382549027816498 0.0
0.6299402759543637 0.037757954686587485 0.0
0.6452093232736604 0.037603356466705984 0.0
0.6603273637039379 0.037810806019588944 0.0
0.6752769695575067 0.03839341323058057 0.0
0.6900208894276892 0.03927147678915863 0.0
0.7045072178013813 0.040296687413587884 0.0
0.7186837056239752 0.04131912742070747 0.0
0.7324981038408629 0.04218887912735653 0.0
0.745898163397436 0.04275602485037411 0.0
0.7588316352390859 0.04287064690659935 0.0
0.7712462703112051 0.042382827612871384 0.0
0.783108492919037 0.04118764308979983 0.0
0.7944685644793157 0.03938217651900573 0.0
0.80540026468388 0.03712017879823178 0.0
0.8159773744196651 0.03455540370482412 0.0
0.8262736745736049 0.03184160501612883 0.0
0.836362946032634 0.029132536509492095 0.0
0.8463189696836874 0.026581951962259907 0.0
0.8562151639450593 0.02434243976354674 0.0
0.8660985719779134 0.02248178809941985 0.0
0.8759724462008448 0.020926991690204417 0.0
0.8858359102880972 0.019591770755898984 0.0
0.8956880879139137 0.018389845516501992 0.0
0.9055281027525384 0.01723493619201198 0.0
0.9153550784782133 0.016040763002427436 0.0
0.9251681387651829 0.014721046167746887 0.0
0.9349644941552844 0.013196182736870657 0.0
0.94471804752903 0.011467913457847572 0.0
0.9543871416493307 0.009592283863193656 0.0
0.963929835404983 0.00762633020561 0.0
0.9733041876847839 0.005627088737797709 0.0
0.98246825737753 0.0036515957124579174 0.0
0.9913801033720185 0.001756887382291634 0.0
1.0 0.0 0.0
