100
1.0 0.0 0.0
0.9913840760240052 0.00029620490616681975 0.0
0.9824750156479779 0.0004781830739854504 0.0
0.9733137836371307 0.0006065927427597827 0.0
0.963942309154832 0.0007420921517937066 0.0
0.9544025213644531 0.0009453395403911133 0.0
0.9447363494293634 0.0012769931478558926 0.0
0.9349857225129325 0.001797711213491935 0.0
0.9251922857341728 0.0025667511171633866 0.0
0.9153821147628266 0.0035665843095810347 0.0
0.905557963629306 0.0046646638028192185 0.0
0.8957206720842805 0.005719001700272615 0.0
0.8858710798784196 0.0065876101053359 0.0
0.876010026762392 0.00712850112140376 0.0
0.8661383524868673 0.007199686851870863 0.0
0.856256896802515 0.006659179400131896 0.0
0.8463623713201538 0.005382222885320437 0.0
0.8364077033195747 0.0034268295276581604 0.0
0.8263194486851199 0.0009610931623133378 0.0
0.8160238008855623 -0.001845379551118718 0.0
0.8054469533896749 -0.004822981953042741 0.0
0.794515099666231 -0.007802107383863414 0.0
0.7831544331840027 -0.010613149183985465 0.0
0.7712911486079727 -0.013086503287884585 0.0
0.7588749808037695 -0.01510361435325749 0.0
0.7459395799078974 -0.016727903712564652 0.0
0.7325372868254515 -0.01806332505765108 0.0
0.7187204424615274 -0.01921383208036174 0.0
0.7045413877212204 -0.020283378472541656 0.0
0.6900524635096262 -0.021375917926035826 0.0
0.6753060107318398 -0.02259540413268923 0.0
0.660354025807487 -0.02404463748792023 0.0
0.6452338107840015 -0.025777223374771382 0.0
0.6299627895192781 -0.027780217359281108 0.0
0.6145569748587278 -0.03003595110532418 0.0
0.599032379647762 -0.032526756276775405 0.0
0.5834050167317919 -0.035234964537509565 0.0
0.5676908989562288 -0.03814290755140144 0.0
0.5519060391664838 -0.04123291698232583 0.0
0.5360664832363886 -0.04448061238193948 0.0
0.5201885837239948 -0.04779928822316256 0.0
0.504288859629598 -0.05106841419996543 0.0
0.4883838316051556 -0.05416712435177834 0.0
0.4724900203026245 -0.05697455271803154 0.0
0.45662394637396253 -0.05936983333815531 0.0
0.44080213047112704 -0.06123210025157987 0.0
0.4250410931821654 -0.06244050525780676 0.0
0.4093571799831936 -0.06292286275165547 0.0
0.393766179507165 -0.06276173062904228 0.0
0.37828376995147817 -0.06207035618906211 0.0
0.3629256295135322 -0.06096198673080985 0.0
0.3477074363907259 -0.05954986955338041 0.0
0.33264486878045774 -0.057947251955868674 0.0
0.3177536048801273 -0.056267381237369574 0.0
0.30304930457502666 -0.054622503201237196 0.0
0.28854700410697576 -0.053090756362746044 0.0
0.27426097722700626 -0.05170857833901119 0.0
0.26020545125237227 -0.05050986726696367 0.0
0.246394653500328 -0.049528521283534424 0.0
0.23284281128812664 -0.04879843852565439 0.0
0.21956415193302276 -0.04835351713025452 0.0
0.20657290275226975 -0.048227655234265816 0.0
0.19388704098750031 -0.048444745643806186 0.0
0.1815551695127421 -0.04894696762824332 0.0
0.16964084590044284 -0.0496365991976625 0.0
0.1582077289710089 -0.050415648218217084 0.0
0.14731947754484673 -0.051186122556060344 0.0
0.13703975044236194 -0.05185003007734564 0.0
0.12743220648396106 -0.052309378648226275 0.0
0.11856046195213027 -0.052466213029195706 0.0
0.11044987893549657 -0.052255756924188115 0.0
0.1030171414391415 -0.05170749361036303 0.0
0.0961597646210359 -0.050867532047711946 0.0
0.08977526363915078 -0.04978198119622633 0.0
0.08376115365145748 -0.04849695001589769 0.0
0.07801494981592672 -0.04705854746671751 0.0
0.07243416729052984 -0.04551288250867733 0.0
0.06691864674368937 -0.043905016709305134 0.0
0.061432772525117 -0.04225094164622937 0.0
0.05601228770338701 -0.040534509465376095 0.0
0.05069662817154102 -0.038737909092231855 0.0
0.045525229822620666 -0.03684332945228319 0.0
0.040537528549667384 -0.03483295947101653 0.0
0.035772960245723164 -0.03268898807391842 0.0
0.0312709608038292 -0.03039360418647534 0.0
0.027067558695976306 -0.027935555131257575 0.0
0.02317421224294293 -0.025350879365578696 0.0
0.01959160266044242 -0.022696358464016086 0.0
0.016320365172650127 -0.020028862522865745 0.0
0.013361135003742069 -0.017405261638423687 0.0
0.010714547377893482 -0.014882425906985831 0.0
0.008381237519280042 -0.012517225424848216 0.0
0.006361830020129655 -0.01036646624985825 0.0
0.004652506647619458 -0.008460194373189983 0.0
0.0032381527247341132 -0.006760414934469663 0.0
0.0021018846841969457 -0.0052184786764517075 0.0
0.0012268189587313907 -0.0037857363418905996 0.0
0.0005960719810611091 -0.0024135386735407633 0.0
0.00019276018390953676 -0.0010532364141566672 0.0
0.0 0.0 0.0
100
0.0 0.0 0.0
0.0001976188163482181 0.0034106617999257794 0.0
0.0006042425917501853 0.00509325977710155 0.0
0.0012384108826077743 0.0068644144860689 0.0
0.0021170509901723136 0.008715657525885216 0.0
0.0032570902156949075 0.010638520495607831 0.0
0.0046754558604268845 0.012624534994294213 0.0
0.006389075225619684 0.014665232621001698 0.0
0.008413086976615372 0.01674465793697917 0.0
0.010751207235383713 0.01879904196375176 0.0
0.013402659704778044 0.020745810938927352 0.0
0.01636665733702246 0.022502346099135352 0.0
0.019642413084341045 0.023986028681005092 0.0
0.02322913989895779 0.025114239921165897 0.0
0.027126050733097002 0.025804361056247126 0.0
0.03133231298672483 0.025974088392519402 0.0
0.03583641989039232 0.025614947875155173 0.0
0.04060252920097416 0.024886785733927073 0.0
0.04559142379968592 0.023972791078190888 0.0
0.05076388656774203 0.023056153017302357 0.0
0.056080700386357714 0.022320060660617307 0.0
0.0615026481367482 0.021947703117491456 0.0
0.06699051270012836 0.022122269497280606 0.0
0.07250875832697411 0.023018087588857997 0.0
0.07809298663062159 0.024638252434279865 0.0
0.08384314269005985 0.026830979727810057 0.0
0.08986148988095546 0.029438904856936194 0.0
0.09625029157897513 0.032304663209146066 0.0
0.1031118111597851 0.03527089017192729 0.0
0.11054831199905203 0.03818022113276755 0.0
0.11866205747244227 0.0408752914791545 0.0
0.12753618663719707 0.04322302191677729 0.0
0.1371454129230984 0.04522801914909427 0.0
0.1474262844294704 0.04694335472802681 0.0
0.15831530681653067 0.048422154097465614 0.0
0.1697489857444978 0.04971754270130144 0.0
0.18166382687358962 0.050882645983425026 0.0
0.19399633586402462 0.05197058938772717 0.0
0.20668311926137123 0.053034435353750825 0.0
0.21967568475107851 0.054117940345524494 0.0
0.23295605596879795 0.05524580317862471 0.0
0.24650999304463406 0.05644038917426623 0.0
0.2603232561086924 0.057724063653663886 0.0
0.27438160529107736 0.05911919193803245 0.0
0.28867080072189405 0.06064813934858676 0.0
0.3031766025312471 0.06233327120654155 0.0
0.3178847169952492 0.06419267494605 0.0
0.3327799660516106 0.06617419065938598 0.0
0.3478464483350429 0.06816820292989996 0.0
0.3630682412418391 0.0700634092690374 0.0
0.37842942216829223 0.07174850718824378 0.0
0.393914068510695 0.07311219419896464 0.0
0.40950625766534093 0.07404316781264554 0.0
0.42519006702852286 0.07443012554073195 0.0
0.44094952384777525 0.07418646435317501 0.0
0.45676840250828704 0.07335012195022654 0.0
0.4726303978769612 0.07199820068277807 0.0
0.48851920479167954 0.07020781719538918 0.0
0.5044185180903239 0.06805608813261954 0.0
0.5203120326107755 0.06562013013902877 0.0
0.5361834431909164 0.06297705985917652 0.0
0.5520164458288143 0.06020387804609357 0.0
0.5677948534375254 0.057365906762734675 0.0
0.5835026943560747 0.05450694907618487 0.0
0.5991240201238323 0.05166849056082751 0.0
0.6146428822801673 0.04889201679104595 0.0
0.6300433323644492 0.04621901334122362 0.0
0.645309421916049 0.0436909657857438 0.0
0.660425202474335 0.04134935969898988 0.0
0.6753733087599408 0.03923507002697383 0.0
0.690116415506101 0.037380369249998206 0.0
0.7046024426071744 0.035811170726341164 0.0
0.718778964054509 0.034553238735088546 0.0
0.7325935538394522 0.033632337555326276 0.0
0.7459937859533513 0.03307423146614025 0.0
0.7589272343875534 0.03290468474661634 0.0
0.7713414731334062 0.03314946167584047 0.0
0.7832027787913227 0.03380467268245303 0.0
0.7945613963923494 0.03473329237028809 0.0
0.8054911260807337 0.03576094762331307 0.0
0.8160657691976929 0.03671326342764893 0.0
0.8263591270844428 0.03741586476941664 0.0
0.8364450010821989 0.037694376634737195 0.0
0.8463971925321782 0.03737442400973158 0.0
0.8562891405814937 0.03628334817915914 0.0
0.866167929097 0.03437337797088774 0.0
0.8760368843705116 0.03180409254203474 0.0
0.8858952070766413 0.028754620763895438 0.0
0.8957420978900021 0.02540409150776485 0.0
0.905576757485207 0.021931633644938255 0.0
0.9153983865368681 0.018516376046710824 0.0
0.9252061857195992 0.015337447584377769 0.0
0.9349974381943722 0.012561565058189134 0.0
0.9447460660843185 0.010204229206434705 0.0
0.9544103957609839 0.00817998942466176 0.0
0.9639484690717036 0.0064015533824268896 0.0
0.9733183278638134 0.004781628749286686 0.0
0.982478013984649 0.0032329231947977708 0.0
0.9913855692815465 0.0016681443885166675 0.0
1.0 0.0 0.0
