100
1.000000000000000000e+00 0.000000000000000000e+00 0.000000000000000000e+00
9.810435540984274727e-01 3.517523485207152607e-04 0.000000000000000000e+00
9.636494643426078976e-01 3.765776124378361319e-04 0.000000000000000000e+00
9.476901764200079681e-01 1.056823906406099159e-04 0.000000000000000000e+00
9.330416722054343248e-01 -4.297267179817171692e-04 0.000000000000000000e+00
9.195799335736961622e-01 -1.198443114539897957e-03 0.000000000000000000e+00
9.071809423996007871e-01 -2.169260200144684358e-03 0.000000000000000000e+00
8.957206805579566167e-01 -3.310971375906831930e-03 0.000000000000000000e+00
8.850751299235711800e-01 -4.592370042937091515e-03 0.000000000000000000e+00
8.751202723712532272e-01 -5.982249602346218290e-03 0.000000000000000000e+00
8.657320897758105094e-01 -7.449403455244965264e-03 0.000000000000000000e+00
8.567865640120506665e-01 -8.962625002744081110e-03 0.000000000000000000e+00
8.481695585432359463e-01 -1.049422410155623729e-02 0.000000000000000000e+00
8.398136455907546649e-01 -1.203313235649980731e-02 0.000000000000000000e+00
8.316651849373308814e-01 -1.357318780494985201e-02 0.000000000000000000e+00
8.236705383770056565e-01 -1.510822920002654647e-02 0.000000000000000000e+00
8.157760677038188302e-01 -1.663209529485005014e-02 0.000000000000000000e+00
8.079281347118102419e-01 -1.813862484254052596e-02 0.000000000000000000e+00
8.000731011950196203e-01 -1.962165659621813163e-02 0.000000000000000000e+00
7.921573289474872492e-01 -2.107502930900303703e-02 0.000000000000000000e+00
7.841271797632530793e-01 -2.249258173401540162e-02 0.000000000000000000e+00
7.759290154363571723e-01 -2.386815262437538138e-02 0.000000000000000000e+00
7.675091977608394789e-01 -2.519558073320315311e-02 0.000000000000000000e+00
7.588224468972977199e-01 -2.647090784886191317e-02 0.000000000000000000e+00
7.498702539441979287e-01 -2.770250329090889058e-02 0.000000000000000000e+00
7.406703696349506982e-01 -2.890302197089755776e-02 0.000000000000000000e+00
7.312405610279009149e-01 -3.008512310318458768e-02 0.000000000000000000e+00
7.215985951813939092e-01 -3.126146590212665333e-02 0.000000000000000000e+00
7.117622391537749005e-01 -3.244470958208041378e-02 0.000000000000000000e+00
7.017492600033894412e-01 -3.364751335740256977e-02 0.000000000000000000e+00
6.915774247885823067e-01 -3.488253644244979079e-02 0.000000000000000000e+00
6.812645005676983834e-01 -3.616243805157873942e-02 0.000000000000000000e+00
6.708282543990833346e-01 -3.749987739914609208e-02 0.000000000000000000e+00
6.602864533410823800e-01 -3.890751369950854605e-02 0.000000000000000000e+00
6.496556816725725936e-01 -4.039371885808850510e-02 0.000000000000000000e+00
6.389446605545251456e-01 -4.193836275051343598e-02 0.000000000000000000e+00
6.281589034499946989e-01 -4.350968807058110122e-02 0.000000000000000000e+00
6.173039143597991441e-01 -4.507590321361781144e-02 0.000000000000000000e+00
6.063851972847571492e-01 -4.660521657494986342e-02 0.000000000000000000e+00
5.954082562256866051e-01 -4.806583654990353310e-02 0.000000000000000000e+00
5.843785951834058467e-01 -4.942597153380515196e-02 0.000000000000000000e+00
5.733017181587333200e-01 -5.065382992198097512e-02 0.000000000000000000e+00
5.621831291524870267e-01 -5.171762010975731322e-02 0.000000000000000000e+00
5.510283321654851907e-01 -5.258555049246044222e-02 0.000000000000000000e+00
5.398428311985462580e-01 -5.322582946541669358e-02 0.000000000000000000e+00
5.286321285836405037e-01 -5.361167882069201723e-02 0.000000000000000000e+00
5.174017133992634410e-01 -5.375613519792933614e-02 0.000000000000000000e+00
5.061570684036963419e-01 -5.369122183258742687e-02 0.000000000000000000e+00
4.949036763162972807e-01 -5.344907889066131956e-02 0.000000000000000000e+00
4.836470198564234990e-01 -5.306184653814598196e-02 0.000000000000000000e+00
4.723925817434330710e-01 -5.256166494103642339e-02 0.000000000000000000e+00
4.611458446966841263e-01 -5.198067426532763935e-02 0.000000000000000000e+00
4.499122914355336844e-01 -5.135101467701460448e-02 0.000000000000000000e+00
4.386974046793404303e-01 -5.070482634209235590e-02 0.000000000000000000e+00
4.275066671474612723e-01 -5.007424942655586131e-02 0.000000000000000000e+00
4.163455615592547843e-01 -4.949142409640012313e-02 0.000000000000000000e+00
4.052195645693771886e-01 -4.898583652217722295e-02 0.000000000000000000e+00
3.941340948548281431e-01 -4.856160106456797881e-02 0.000000000000000000e+00
3.830945388864782086e-01 -4.820873824500312294e-02 0.000000000000000000e+00
3.721062827901420178e-01 -4.791711758380719222e-02 0.000000000000000000e+00
3.611747126916338702e-01 -4.767660860130472356e-02 0.000000000000000000e+00
3.503052147167685093e-01 -4.747708081782023998e-02 0.000000000000000000e+00
3.395031749913606789e-01 -4.730840375367827838e-02 0.000000000000000000e+00
3.287739796412249005e-01 -4.716044692920339648e-02 0.000000000000000000e+00
3.181230147921758622e-01 -4.702307986472010343e-02 0.000000000000000000e+00
3.075556665700278081e-01 -4.688617208055292224e-02 0.000000000000000000e+00
2.970773211005957593e-01 -4.673959309702643145e-02 0.000000000000000000e+00
2.866917516884153749e-01 -4.657370872161282344e-02 0.000000000000000000e+00
2.763839825906583836e-01 -4.638465409987658356e-02 0.000000000000000000e+00
2.661269419049058782e-01 -4.617228653099001573e-02 0.000000000000000000e+00
2.558933561260796630e-01 -4.593652535001887388e-02 0.000000000000000000e+00
2.456559517491014033e-01 -4.567728989202893969e-02 0.000000000000000000e+00
2.353874552688926813e-01 -4.539449949208598789e-02 0.000000000000000000e+00
2.250605931803748572e-01 -4.508807348525579323e-02 0.000000000000000000e+00
2.146480919784698460e-01 -4.475793120660414431e-02 0.000000000000000000e+00
2.041226781580989524e-01 -4.440399199119676732e-02 0.000000000000000000e+00
1.934570782141841472e-01 -4.402617517409949943e-02 0.000000000000000000e+00
1.826240186416467903e-01 -4.362440009037806682e-02 0.000000000000000000e+00
1.715996987057679946e-01 -4.319778092071428072e-02 0.000000000000000000e+00
1.604100609978260927e-01 -4.273389896199515647e-02 0.000000000000000000e+00
1.491182362352693747e-01 -4.221171352355321260e-02 0.000000000000000000e+00
1.377882500718605463e-01 -4.160997642564988330e-02 0.000000000000000000e+00
1.264841281613613699e-01 -4.090743948854648482e-02 0.000000000000000000e+00
1.152698961575342462e-01 -4.008285453250445135e-02 0.000000000000000000e+00
1.042095797141413260e-01 -3.911497337778510608e-02 0.000000000000000000e+00
9.336720448494448266e-02 -3.798254784464987627e-02 0.000000000000000000e+00
8.280679612370639431e-02 -3.666432975336012673e-02 0.000000000000000000e+00
7.259238028418885103e-02 -3.513907092417720840e-02 0.000000000000000000e+00
6.278798262015408693e-02 -3.338552317736252079e-02 0.000000000000000000e+00
5.345758327656233155e-02 -3.138342273381335146e-02 0.000000000000000000e+00
4.466434542435820249e-02 -2.913017777464209021e-02 0.000000000000000000e+00
3.647072557380739294e-02 -2.663848225403510003e-02 0.000000000000000000e+00
2.893915693466870415e-02 -2.392153413930422218e-02 0.000000000000000000e+00
2.213207271670150286e-02 -2.099253139776132912e-02 0.000000000000000000e+00
1.611190612966459726e-02 -1.786467199671836273e-02 0.000000000000000000e+00
1.094109038331701582e-02 -1.455115390348711221e-02 0.000000000000000000e+00
6.682058687417690747e-03 -1.106517508537952638e-02 0.000000000000000000e+00
3.397244251725764583e-03 -7.419933509707403105e-03 0.000000000000000000e+00
1.149080286000262992e-03 -3.628627143782666917e-03 0.000000000000000000e+00
0.000000000000000000e+00 2.955460450827706795e-04 0.000000000000000000e+00
101
0.000000000000000000e+00 2.955460450827706795e-04 0.000000000000000000e+00
9.832482469781618419e-06 4.338812396028909370e-03 0.000000000000000000e+00
1.178512038824968246e-03 8.474157296587880514e-03 0.000000000000000000e+00
3.446078191151464003e-03 1.266132518268386388e-02 0.000000000000000000e+00
6.749966340521187241e-03 1.685948479669292094e-02 0.000000000000000000e+00
1.102761188800581438e-02 2.102780488099110015e-02 0.000000000000000000e+00
1.621645023467681301e-02 2.512545417795436845e-02 0.000000000000000000e+00
2.225391678160631992e-02 2.911160142995895123e-02 0.000000000000000000e+00
2.907744692986566695e-02 3.294541537938083797e-02 0.000000000000000000e+00
3.662447608052690068e-02 3.658606476859605633e-02 0.000000000000000000e+00
4.483243963466145704e-02 3.999271833998068598e-02 0.000000000000000000e+00
5.363877299334080667e-02 4.312454483591070253e-02 0.000000000000000000e+00
6.298089176484227003e-02 4.594165141000066538e-02 0.000000000000000000e+00
7.279561127907885343e-02 4.843260546920354070e-02 0.000000000000000000e+00
8.301905288108654690e-02 5.061887746451760456e-02 0.000000000000000000e+00
9.358729925809834704e-02 5.252377068139110761e-02 0.000000000000000000e+00
1.044364330973472088e-01 5.417058840527222419e-02 0.000000000000000000e+00
1.155025370860666145e-01 5.558263392160923272e-02 0.000000000000000000e+00
1.267216939114893526e-01 5.678321051585037693e-02 0.000000000000000000e+00
1.380299862608484751e-01 5.779562147344384504e-02 0.000000000000000000e+00
1.493634968213770897e-01 5.864317007983784608e-02 0.000000000000000000e+00
1.606583082803079987e-01 5.934915962048062377e-02 0.000000000000000000e+00
1.718505033248747815e-01 5.993689338082042878e-02 0.000000000000000000e+00
1.828770590434946608e-01 6.042966208220128255e-02 0.000000000000000000e+00
1.937121184140405128e-01 6.085023435798894709e-02 0.000000000000000000e+00
2.043795379962601022e-01 6.122068048981216953e-02 0.000000000000000000e+00
2.149066450437103204e-01 6.156302200471479302e-02 0.000000000000000000e+00
2.253207668099481142e-01 6.189928042974059824e-02 0.000000000000000000e+00
2.356492305485310690e-01 6.225147729193344220e-02 0.000000000000000000e+00
2.459193635130155486e-01 6.264163411833711947e-02 0.000000000000000000e+00
2.561584929569591940e-01 6.309177243599545237e-02 0.000000000000000000e+00
2.663939461339186465e-01 6.362391377195228404e-02 0.000000000000000000e+00
2.766530502974510752e-01 6.426007965325139515e-02 0.000000000000000000e+00
2.869631327011135657e-01 6.502229160693664967e-02 0.000000000000000000e+00
2.973513183271428995e-01 6.593223416079581345e-02 0.000000000000000000e+00
3.078325958785567695e-01 6.699137188725545755e-02 0.000000000000000000e+00
3.184031428255826857e-01 6.816982842793212205e-02 0.000000000000000000e+00
3.290575184678862231e-01 6.943503143039422842e-02 0.000000000000000000e+00
3.397902821051330124e-01 7.075440854221023979e-02 0.000000000000000000e+00
3.505959930369879629e-01 7.209538741094849434e-02 0.000000000000000000e+00
3.614692105631168717e-01 7.342539568417748297e-02 0.000000000000000000e+00
3.724044939831849255e-01 7.471186100946558550e-02 0.000000000000000000e+00
3.833964025968571443e-01 7.592221103438116792e-02 0.000000000000000000e+00
3.944394957037993810e-01 7.702387340649274883e-02 0.000000000000000000e+00
4.055283326036769331e-01 7.798427577336866645e-02 0.000000000000000000e+00
4.166574721823754768e-01 7.877096852335294108e-02 0.000000000000000000e+00
4.278214347052331501e-01 7.936295817781957584e-02 0.000000000000000000e+00
4.390146709126596658e-01 7.975987465421939537e-02 0.000000000000000000e+00
4.502316242724717088e-01 7.996350516187494817e-02 0.000000000000000000e+00
4.614667382524860195e-01 7.997563691010881048e-02 0.000000000000000000e+00
4.727144563205188388e-01 7.979805710824351694e-02 0.000000000000000000e+00
4.839692219443864074e-01 7.943255296560156054e-02 0.000000000000000000e+00
4.952254785919055213e-01 7.888091169150553139e-02 0.000000000000000000e+00
5.064776697308928100e-01 7.814492049527792250e-02 0.000000000000000000e+00
5.177202388291649582e-01 7.722636658624132400e-02 0.000000000000000000e+00
5.289476293545380958e-01 7.612703717371824275e-02 0.000000000000000000e+00
5.401542850532106144e-01 7.484873301727021366e-02 0.000000000000000000e+00
5.513346948736183029e-01 7.339545509651827782e-02 0.000000000000000000e+00
5.624834425531847204e-01 7.177581824746655237e-02 0.000000000000000000e+00
5.735951237649519197e-01 6.999901827261691134e-02 0.000000000000000000e+00
5.846643341819603990e-01 6.807425097447118711e-02 0.000000000000000000e+00
5.956856694772517669e-01 6.601071215553115656e-02 0.000000000000000000e+00
6.066537253238670768e-01 6.381759761829866595e-02 0.000000000000000000e+00
6.175630973948482705e-01 6.150410316527549215e-02 0.000000000000000000e+00
6.284083813632359572e-01 5.907942459896344672e-02 0.000000000000000000e+00
6.391841729020724117e-01 5.655275772186438288e-02 0.000000000000000000e+00
6.498850676843980212e-01 5.393329833648007055e-02 0.000000000000000000e+00
6.605056518941962995e-01 5.123026551391168804e-02 0.000000000000000000e+00
6.710372949246612428e-01 4.846076638040671541e-02 0.000000000000000000e+00
6.814634807614797785e-01 4.566124426819162530e-02 0.000000000000000000e+00
6.917665072580417851e-01 4.287105108439937667e-02 0.000000000000000000e+00
7.019286722677366974e-01 4.012953873616288691e-02 0.000000000000000000e+00
7.119322736439540611e-01 3.747605913061518440e-02 0.000000000000000000e+00
7.217596092400841989e-01 3.494996417488908935e-02 0.000000000000000000e+00
7.313929769095166566e-01 3.259060577611760934e-02 0.000000000000000000e+00
7.408146745056412019e-01 3.043733584143370335e-02 0.000000000000000000e+00
7.500069998818476025e-01 2.852950627797030958e-02 0.000000000000000000e+00
7.589522508915256260e-01 2.690646899286037314e-02 0.000000000000000000e+00
7.676327416670544190e-01 2.560755269703060902e-02 0.000000000000000000e+00
7.760470002142465518e-01 2.464898267995448838e-02 0.000000000000000000e+00
7.842401938435205055e-01 2.398052710011848443e-02 0.000000000000000000e+00
7.922658247078622207e-01 2.354007765839457450e-02 0.000000000000000000e+00
8.001773949602584146e-01 2.326552605565473594e-02 0.000000000000000000e+00
8.080284067536949166e-01 2.309476399277094610e-02 0.000000000000000000e+00
8.158723622411584442e-01 2.296568317061516498e-02 0.000000000000000000e+00
8.237627635756348266e-01 2.281617529005938033e-02 0.000000000000000000e+00
8.317531129101110032e-01 2.258413205197557297e-02 0.000000000000000000e+00
8.398969123975729145e-01 2.220744515723570983e-02 0.000000000000000000e+00
8.482476641910067228e-01 2.162400630671179602e-02 0.000000000000000000e+00
8.568588724638946941e-01 2.077171026085707084e-02 0.000000000000000000e+00
8.657978918861367612e-01 1.960942520993644300e-02 0.000000000000000000e+00
8.751789990938362296e-01 1.816707200074510822e-02 0.000000000000000000e+00
8.851263974173197990e-01 1.648960320300522919e-02 0.000000000000000000e+00
8.957642901869142804e-01 1.462197138643903452e-02 0.000000000000000000e+00
9.072168807329477058e-01 1.260912912076861576e-02 0.000000000000000000e+00
9.196083723857456649e-01 1.049602897571617899e-02 0.000000000000000000e+00
9.330629684756361897e-01 8.327623521003909429e-03 0.000000000000000000e+00
9.477048723329453139e-01 6.148865326353976715e-03 0.000000000000000000e+00
9.636582872880006256e-01 4.004706961488603383e-03 0.000000000000000000e+00
1.000000000000000000e+00 0.000000000000000000e+00 0.000000000000000000e+00
