101
1.000000000000000000e+00 0.000000000000000000e+00 0.000000000000000000e+00
9.810397595811953808e-01 8.546857285848451181e-04 0.000000000000000000e+00
9.636433582076595616e-01 1.833816729413589039e-03 0.000000000000000000e+00
9.476822887369212856e-01 2.895571564293526832e-03 0.000000000000000000e+00
9.330325530425598313e-01 3.998128795031950962e-03 0.000000000000000000e+00
9.195701529981566980e-01 5.099666983436158124e-03 0.000000000000000000e+00
9.071710904772910533e-01 6.158364691313440026e-03 0.000000000000000000e+00
8.957113673535436194e-01 7.132400480471090543e-03 0.000000000000000000e+00
8.850669855004945630e-01 7.979952912716406152e-03 0.000000000000000000e+00
8.751139467917247172e-01 8.659200549856679863e-03 0.000000000000000000e+00
8.657282531008140269e-01 9.128321953699208152e-03 0.000000000000000000e+00
8.567859063013424370e-01 9.345495686051275355e-03 0.000000000000000000e+00
8.481727824687879114e-01 9.275850199860016104e-03 0.000000000000000000e+00
8.398214315216298020e-01 8.917365021131853225e-03 0.000000000000000000e+00
8.316781806333849447e-01 8.277716704931523811e-03 0.000000000000000000e+00
8.236893589873829358e-01 7.364583220915906295e-03 0.000000000000000000e+00
8.158012957669525944e-01 6.185642538741871303e-03 0.000000000000000000e+00
8.079603201554228509e-01 4.748572628066303342e-03 0.000000000000000000e+00
8.001127613361220803e-01 3.061051458546063496e-03 0.000000000000000000e+00
7.922049484923798790e-01 1.130756999838040608e-03 0.000000000000000000e+00
7.841832108075247332e-01 -1.034632778400902068e-03 0.000000000000000000e+00
7.759938774648860171e-01 -3.427439906513876124e-03 0.000000000000000000e+00
7.675832776477922170e-01 -6.039986414844022641e-03 0.000000000000000000e+00
7.589060921308036223e-01 -8.859303636077241889e-03 0.000000000000000000e+00
7.499637347136314247e-01 -1.184281772948562149e-02 0.000000000000000000e+00
7.407738656508036090e-01 -1.493766279405494939e-02 0.000000000000000000e+00
7.313541615085499270e-01 -1.809096259537716980e-02 0.000000000000000000e+00
7.217222988531001304e-01 -2.124984089904418880e-02 0.000000000000000000e+00
7.118959542506835270e-01 -2.436142147064793845e-02 0.000000000000000000e+00
7.018928042675302015e-01 -2.737282807578036298e-02 0.000000000000000000e+00
6.917305254698699057e-01 -3.023118448003338926e-02 0.000000000000000000e+00
6.814267944239316144e-01 -3.288361444899896152e-02 0.000000000000000000e+00
6.709992876959459673e-01 -3.527724174826896847e-02 0.000000000000000000e+00
6.604656818521419392e-01 -3.735919014343537514e-02 0.000000000000000000e+00
6.498424836897699342e-01 -3.908680127819810085e-02 0.000000000000000000e+00
6.391384233819007443e-01 -4.048534524991903583e-02 0.000000000000000000e+00
6.283590586881325768e-01 -4.160780304138894659e-02 0.000000000000000000e+00
6.175099380099120516e-01 -4.250723737842347638e-02 0.000000000000000000e+00
6.065966097486849007e-01 -4.323671098683826847e-02 0.000000000000000000e+00
5.956246223058971889e-01 -4.384928659244893834e-02 0.000000000000000000e+00
5.845995240829955364e-01 -4.439802692107118476e-02 0.000000000000000000e+00
5.735268634814256750e-01 -4.493599469852058853e-02 0.000000000000000000e+00
5.624121889026341137e-01 -4.551625265061281372e-02 0.000000000000000000e+00
5.512610487480666954e-01 -4.619186350316348277e-02 0.000000000000000000e+00
5.400789914191695962e-01 -4.701588998198825975e-02 0.000000000000000000e+00
5.288715585752792325e-01 -4.803386772483919653e-02 0.000000000000000000e+00
5.176442383319744822e-01 -4.923155456222300108e-02 0.000000000000000000e+00
5.064024932713038218e-01 -5.056620194740273078e-02 0.000000000000000000e+00
4.951517858180652931e-01 -5.199488577473616868e-02 0.000000000000000000e+00
4.838975783970563271e-01 -5.347468193858107011e-02 0.000000000000000000e+00
4.726453334330751321e-01 -5.496266633329521811e-02 0.000000000000000000e+00
4.614005133509195833e-01 -5.641591485323642352e-02 0.000000000000000000e+00
4.501685805753870562e-01 -5.779150339276240000e-02 0.000000000000000000e+00
4.389549975312761476e-01 -5.904650784623097920e-02 0.000000000000000000e+00
4.277652266433839001e-01 -6.013800410799991641e-02 0.000000000000000000e+00
4.166047303365087440e-01 -6.102306807242698083e-02 0.000000000000000000e+00
4.054789677771638567e-01 -6.166281296502122700e-02 0.000000000000000000e+00
3.943933669831393707e-01 -6.205694830904773945e-02 0.000000000000000000e+00
3.833533386693565581e-01 -6.222662356520530097e-02 0.000000000000000000e+00
3.723642933653539822e-01 -6.219321790124498345e-02 0.000000000000000000e+00
3.614316416006699839e-01 -6.197811048491787961e-02 0.000000000000000000e+00
3.505607939048432931e-01 -6.160268048397506135e-02 0.000000000000000000e+00
3.397571608074123062e-01 -6.108830706616758671e-02 0.000000000000000000e+00
3.290261528379157530e-01 -6.045636939924660391e-02 0.000000000000000000e+00
3.183731805258920855e-01 -5.972824665096313629e-02 0.000000000000000000e+00
3.078036544008796449e-01 -5.892531798906825574e-02 0.000000000000000000e+00
2.973229849924173829e-01 -5.806896258131309663e-02 0.000000000000000000e+00
2.869349690388912077e-01 -5.717961080259677253e-02 0.000000000000000000e+00
2.766246429565417664e-01 -5.626666331091499662e-02 0.000000000000000000e+00
2.663649397279672648e-01 -5.533240481787403409e-02 0.000000000000000000e+00
2.561285906118715983e-01 -5.437900143597375335e-02 0.000000000000000000e+00
2.458883268669591615e-01 -5.340861927771396039e-02 0.000000000000000000e+00
2.356168797519337110e-01 -5.242342445559446812e-02 0.000000000000000000e+00
2.252869805254996693e-01 -5.142558308211513107e-02 0.000000000000000000e+00
2.148713604463609039e-01 -5.041726126977574135e-02 0.000000000000000000e+00
2.043427507732213100e-01 -4.940062513107610492e-02 0.000000000000000000e+00
1.936738827647856154e-01 -4.837784077851612491e-02 0.000000000000000000e+00
1.828374876797572990e-01 -4.735107432459553789e-02 0.000000000000000000e+00
1.718097658523629057e-01 -4.632173418714745361e-02 0.000000000000000000e+00
1.606166080186511025e-01 -4.528037570449911647e-02 0.000000000000000000e+00
1.493210534747114460e-01 -4.420944044932369199e-02 0.000000000000000000e+00
1.379870355007845606e-01 -4.309117473563875422e-02 0.000000000000000000e+00
1.266784873771102105e-01 -4.190782487746171764e-02 0.000000000000000000e+00
1.154593423839286731e-01 -4.064163718881014936e-02 0.000000000000000000e+00
1.043935338014800179e-01 -3.927485798370149161e-02 0.000000000000000000e+00
9.354499491000420330e-02 -3.778973357615328377e-02 0.000000000000000000e+00
8.297765898974177046e-02 -3.616851028018302355e-02 0.000000000000000000e+00
7.275545932093233081e-02 -3.439343440980818789e-02 0.000000000000000000e+00
6.294232918381630071e-02 -3.244675227904628145e-02 0.000000000000000000e+00
5.360216170938024438e-02 -3.031200316623563693e-02 0.000000000000000000e+00
4.479812926921032668e-02 -2.799593764520099531e-02 0.000000000000000000e+00
3.659278079728344596e-02 -2.552538343974022905e-02 0.000000000000000000e+00
2.904864467115831489e-02 -2.292783027138334956e-02 0.000000000000000000e+00
2.222824926839399307e-02 -2.023076786166041335e-02 0.000000000000000000e+00
1.619412296654942213e-02 -1.746168593210152900e-02 0.000000000000000000e+00
1.100879414318341534e-02 -1.464807420423666975e-02 0.000000000000000000e+00
6.734791175854913485e-03 -1.181742239959594938e-02 0.000000000000000000e+00
3.434642442122860361e-03 -8.997220239709358483e-03 0.000000000000000000e+00
1.170876319546186985e-03 -6.214957446106984806e-03 0.000000000000000000e+00
6.021185683719022443e-06 -3.498123740318903087e-03 0.000000000000000000e+00
0.000000000000000000e+00 -8.730333436371444031e-04 0.000000000000000000e+00
100
0.000000000000000000e+00 -8.730333436371444031e-04 0.000000000000000000e+00
1.152811105787445107e-03 1.661036028120013545e-03 0.000000000000000000e+00
3.404528230166336492e-03 4.131843164607998733e-03 0.000000000000000000e+00
6.692619682162676518e-03 6.568322355720257640e-03 0.000000000000000000e+00
1.095455377080236173e-02 8.999407891350237609e-03 0.000000000000000000e+00
1.612779880511116745e-02 1.145403406139132961e-02 0.000000000000000000e+00
2.214982309411531874e-02 1.396113515573708247e-02 0.000000000000000000e+00
2.895809494684047428e-02 1.654964546428090016e-02 0.000000000000000000e+00
3.649008267231265007e-02 1.924849927691621790e-02 0.000000000000000000e+00
4.468325457955774072e-02 2.208663088353648996e-02 0.000000000000000000e+00
5.347507897760138407e-02 2.509297457403509429e-02 0.000000000000000000e+00
6.280300558640719566e-02 2.829494492167830555e-02 0.000000000000000000e+00
7.260392035451693205e-02 3.167386634389508099e-02 0.000000000000000000e+00
8.281405745145736796e-02 3.515777819386995545e-02 0.000000000000000000e+00
9.336961473999166872e-02 3.867175162824976892e-02 0.000000000000000000e+00
1.042067900828831245e-01 4.214085780368129197e-02 0.000000000000000000e+00
1.152617813428956223e-01 4.549016787681153806e-02 0.000000000000000000e+00
1.264707863827922163e-01 4.864475300428727084e-02 0.000000000000000000e+00
1.377700030653361829e-01 5.152968434275534415e-02 0.000000000000000000e+00
1.490956292532909511e-01 5.407003304886259104e-02 0.000000000000000000e+00
1.603838628094196861e-01 5.619087027925582373e-02 0.000000000000000000e+00
1.715709015964862749e-01 5.781726719058200709e-02 0.000000000000000000e+00
1.825938340619518985e-01 5.887597227640946340e-02 0.000000000000000000e+00
1.934267559527152180e-01 5.936343398116057657e-02 0.000000000000000000e+00
2.040932644654566142e-01 5.936933231896459467e-02 0.000000000000000000e+00
2.146204126809203028e-01 5.898985615363756124e-02 0.000000000000000000e+00
2.250352536798496672e-01 5.832119434899556143e-02 0.000000000000000000e+00
2.353648405429890067e-01 5.745953576885464570e-02 0.000000000000000000e+00
2.456362263510819821e-01 5.650106927703084370e-02 0.000000000000000000e+00
2.558764641848723098e-01 5.554198373734026833e-02 0.000000000000000000e+00
2.661126071251040393e-01 5.467846801359895620e-02 0.000000000000000000e+00
2.763717082525207203e-01 5.400671096962300632e-02 0.000000000000000000e+00
2.866808206478664856e-01 5.362290146922842060e-02 0.000000000000000000e+00
2.970667984341998080e-01 5.362214097564157317e-02 0.000000000000000000e+00
3.075445582734638861e-01 5.403428691670519174e-02 0.000000000000000000e+00
3.181105137628721935e-01 5.478806846541742909e-02 0.000000000000000000e+00
3.287594868381568669e-01 5.580351559005857637e-02 0.000000000000000000e+00
3.394862994350499874e-01 5.700065825890900106e-02 0.000000000000000000e+00
3.502857734892831365e-01 5.829952644024903596e-02 0.000000000000000000e+00
3.611527309365882288e-01 5.962015010235898610e-02 0.000000000000000000e+00
3.720819937126972898e-01 6.088255921351920508e-02 0.000000000000000000e+00
3.830683837533417346e-01 6.200678374200997017e-02 0.000000000000000000e+00
3.941067229942539774e-01 6.291285365611168356e-02 0.000000000000000000e+00
4.051918333711655995e-01 6.352079892410462947e-02 0.000000000000000000e+00
4.163185350346476077e-01 6.375111727164818609e-02 0.000000000000000000e+00
4.274814815154874270e-01 6.356796502712970531e-02 0.000000000000000000e+00
4.386750263945872197e-01 6.301409298478878596e-02 0.000000000000000000e+00
4.498934918768608959e-01 6.214047324255850963e-02 0.000000000000000000e+00
4.611312001672220884e-01 6.099807789837210364e-02 0.000000000000000000e+00
4.723824734705835970e-01 5.963787905016273289e-02 0.000000000000000000e+00
4.836416339918589435e-01 5.811084879586353447e-02 0.000000000000000000e+00
4.949030039359614830e-01 5.646795923340771489e-02 0.000000000000000000e+00
5.061609055078051256e-01 5.476018246072834883e-02 0.000000000000000000e+00
5.174096609123030044e-01 5.303849057575869830e-02 0.000000000000000000e+00
5.286435923543684190e-01 5.135385567643187960e-02 0.000000000000000000e+00
5.398570225255544530e-01 4.975714469913178339e-02 0.000000000000000000e+00
5.510443531355544433e-01 4.828214897367998776e-02 0.000000000000000000e+00
5.622001515949185402e-01 4.692685232237212012e-02 0.000000000000000000e+00
5.733190061788794312e-01 4.568472976607912406e-02 0.000000000000000000e+00
5.843955051626691377e-01 4.454925632567185989e-02 0.000000000000000000e+00
5.954242368215193482e-01 4.351390702202121569e-02 0.000000000000000000e+00
6.063997894306627501e-01 4.257215687599807258e-02 0.000000000000000000e+00
6.173167512653314759e-01 4.171748090847324925e-02 0.000000000000000000e+00
6.281697106007581022e-01 4.094335414031767539e-02 0.000000000000000000e+00
6.389532557121748724e-01 4.024325159240222521e-02 0.000000000000000000e+00
6.496619748748132528e-01 3.961064828559773821e-02 0.000000000000000000e+00
6.602904468112580361e-01 3.903902229346187941e-02 0.000000000000000000e+00
6.708300118963276271e-01 3.852288655035401854e-02 0.000000000000000000e+00
6.812640722541252192e-01 3.805929077330711535e-02 0.000000000000000000e+00
6.915748359277191781e-01 3.764566626519549181e-02 0.000000000000000000e+00
7.017445109601779807e-01 3.727944432889343518e-02 0.000000000000000000e+00
7.117553053945696595e-01 3.695805626727528825e-02 0.000000000000000000e+00
7.215894272739633575e-01 3.667893338321532443e-02 0.000000000000000000e+00
7.312290846414273293e-01 3.643950697958788648e-02 0.000000000000000000e+00
7.406564855400296077e-01 3.623720835926726863e-02 0.000000000000000000e+00
7.498538380128393355e-01 3.606946882512779978e-02 0.000000000000000000e+00
7.588033501029246564e-01 3.593371968004377415e-02 0.000000000000000000e+00
7.674872462018487163e-01 3.582738651937075747e-02 0.000000000000000000e+00
7.759040338019571603e-01 3.574221024977500966e-02 0.000000000000000000e+00
7.840990588330877253e-01 3.565357973666299224e-02 0.000000000000000000e+00
7.921260376543952653e-01 3.553396159583385727e-02 0.000000000000000000e+00
8.000386866250353002e-01 3.535582244308670130e-02 0.000000000000000000e+00
8.078907221041629061e-01 3.509162889422069720e-02 0.000000000000000000e+00
8.157358604509333810e-01 3.471384756503493457e-02 0.000000000000000000e+00
8.236278180245016900e-01 3.419494507132855160e-02 0.000000000000000000e+00
8.316203111840234641e-01 3.350738802890067258e-02 0.000000000000000000e+00
8.397670562886536683e-01 3.262364305355044264e-02 0.000000000000000000e+00
8.481217696975476006e-01 3.151617676107700688e-02 0.000000000000000000e+00
8.567381697802253226e-01 3.015745694051936987e-02 0.000000000000000000e+00
8.656837559561122442e-01 2.852799394056212273e-02 0.000000000000000000e+00
8.750727143436793920e-01 2.663554426053145463e-02 0.000000000000000000e+00
8.850291079830873153e-01 2.449362852747612174e-02 0.000000000000000000e+00
8.956769999144970074e-01 2.211576736844497390e-02 0.000000000000000000e+00
9.071404531780702385e-01 1.951548141048669791e-02 0.000000000000000000e+00
9.195435308139671138e-01 1.670629128065010544e-02 0.000000000000000000e+00
9.330102958623492926e-01 1.370171760598399430e-02 0.000000000000000000e+00
9.476648113633772130e-01 1.051528101353713454e-02 0.000000000000000000e+00
9.636311403572120904e-01 7.160502130358391629e-03 0.000000000000000000e+00
1.000000000000000000e+00 0.000000000000000000e+00 0.000000000000000000e+00
