100
1.0 0.0 0.0
0.9913831416293489 0.0010395782315532106 0.0
0.9824730335181145 0.001992277679399751 0.0
0.9733108737411321 0.002875638438144106 0.0
0.9639385098367642 0.0037072006023907574 0.0
0.9543977893433752 0.004504504266744191 0.0
0.9447305597993283 0.0052850895258088875 0.0
0.9349786687429867 0.006066496474189335 0.0
0.9251836818612013 0.006865514476818322 0.0
0.9153717155889378 0.00765778282050641 0.0
0.9055457447667394 0.008357301663807536 0.0
0.895706844733798 0.008873011720999888 0.0
0.8858560908293063 0.009113853706361663 0.0
0.8759945583924548 0.008988768334171044 0.0
0.8661233227624364 0.008406696318706232 0.0
0.856243459278443 0.007276578374245413 0.0
0.8463518843808888 0.005520840628294883 0.0
0.836401403940444 0.0032049396817213217 0.0
0.8263182559380589 0.0004804796928719068 0.0
0.8160283132387425 -0.002499751275315488 0.0
0.8054574487075034 -0.005582965159903032 0.0
0.7945315352093509 -0.008616373897952848 0.0
0.7831764456092932 -0.011447189426527095 0.0
0.7713180539737681 -0.013922626374107685 0.0
0.7589058772768297 -0.01594286381896012 0.0
0.745973713889568 -0.017596886628097684 0.0
0.7325741345003414 -0.019015733102542925 0.0
0.7187597097975079 -0.020330441543318388 0.0
0.7045830104694262 -0.02167205025144662 0.0
0.6900966072044543 -0.023171597527950182 0.0
0.6753530706909507 -0.0249601216738516 0.0
0.660404623569127 -0.027166068547644664 0.0
0.6452886421374514 -0.029807300779314705 0.0
0.6300224189241392 -0.03275208669516535 0.0
0.6146218208521965 -0.03585807597690226 0.0
0.5991027148446294 -0.03898291830623112 0.0
0.5834809678244445 -0.04198426336485758 0.0
0.5677724467146478 -0.04471976083448733 0.0
0.5519930184382459 -0.047047060396826004 0.0
0.5361585907948562 -0.048840838109916095 0.0
0.5202854511424159 -0.050133867842342944 0.0
0.5043900928310007 -0.05104472557642298 0.0
0.4884890112548146 -0.05169283873740647 0.0
0.4725987018080616 -0.052197634750543696 0.0
0.4567356598849462 -0.052678541041085 0.0
0.4409163808796724 -0.053254985034280604 0.0
0.42515736012318583 -0.054046373167805306 0.0
0.40947491961868665 -0.055114605922405135 0.0
0.3938848301997961 -0.056338719033307824 0.0
0.3784027533897899 -0.057561481705240086 0.0
0.3630443507119445 -0.058625663142928594 0.0
0.34782528368953597 -0.059374032551100075 0.0
0.3327612138458402 -0.0596493591344812 0.0
0.3178678027041339 -0.05929441209779866 0.0
0.3031606966865819 -0.058156793176593134 0.0
0.28865502792665954 -0.05624868246047456 0.0
0.27436529976846846 -0.053783479941562816 0.0
0.26030597726441346 -0.05098683939972921 0.0
0.24649152546689937 -0.04808441461484507 0.0
0.23293640942833033 -0.04530185936678164 0.0
0.21965509420111146 -0.04286482743541027 0.0
0.20666204483764716 -0.04099897260060222 0.0
0.19397543838402798 -0.03989956584180128 0.0
0.18164376773877347 -0.039513741807359226 0.0
0.1697303292312208 -0.03966746853752275 0.0
0.15829851941453724 -0.04018589373692702 0.0
0.14741173484188955 -0.04089416511020714 0.0
0.13713337206644466 -0.04161743036199828 0.0
0.12752682764136938 -0.04218083719693558 0.0
0.11865545567584716 -0.042409593753829286 0.0
0.11054444056170758 -0.042183256401342926 0.0
0.10311052860039044 -0.04153578187235513 0.0
0.0962513395766744 -0.0405283603296949 0.0
0.08986449327533842 -0.03922218193619124 0.0
0.08384760948116145 -0.037678436854673106 0.0
0.07809830797892223 -0.035958315247969504 0.0
0.07251420855339988 -0.034123007278909476 0.0
0.06699525479122166 -0.03223306374775573 0.0
0.0615058865386544 -0.03033129018354655 0.0
0.05608184993202163 -0.028440873156575206 0.0
0.05076258121891585 -0.02658398395305991 0.0
0.04558751664692934 -0.024782793859218923 0.0
0.04059609246365428 -0.0230594741612704 0.0
0.035827744916683064 -0.02143619614543261 0.0
0.031321910253608067 -0.019935131097923737 0.0
0.027114620242761307 -0.01857373593680294 0.0
0.023217357713858702 -0.017335473325589427 0.0
0.019630837695945428 -0.01618889516678872 0.0
0.016355729266235446 -0.015102489730899048 0.0
0.01339270150194293 -0.014044745288418647 0.0
0.010742423480281718 -0.012984150109845707 0.0
0.008405564278465765 -0.011889192465678482 0.0
0.00638278230194401 -0.010728394204911748 0.0
0.004670276492265735 -0.009484308790803841 0.0
0.003252907040413431 -0.008175166839242383 0.0
0.0021137586224276414 -0.006824785588485509 0.0
0.0012359159143490216 -0.005456982276791402 0.0
0.0006024635922183374 -0.004095574142418192 0.0
0.0001964863320763559 -0.002764378423624052 0.0
0.0 0.0 0.0
100
0.0 0.0 0.0
0.00019326773213081992 0.00085193937772581 0.0
0.0005970586921257519 0.0019772018316331894 0.0
0.0012282638638343485 0.00314062132766389 0.0
0.0021037742311058277 0.004393362887157027 0.0
0.0032404807777894084 0.00578659153145168 0.0
0.00465527448773442 0.007371472281887028 0.0
0.006365046344790302 0.009199170159802154 0.0
0.008384918227746226 0.011308061622451978 0.0
0.010718714199455855 0.013654853108522191 0.0
0.013365814958222888 0.016164130718807023 0.0
0.01632559056911283 0.01876040368820102 0.0
0.019597411097190865 0.02136818125159861 0.0
0.02318064660752249 0.023911972643894212 0.0
0.02707466716517311 0.026316287099982315 0.0
0.031278796874242676 0.028505707749309397 0.0
0.03578158989783637 0.03042213328392506 0.0
0.04054704658082994 0.03204693923023279 0.0
0.04553576211212779 0.0333669758142116 0.0
0.05070833168063398 0.03436909326184047 0.0
0.05602535047525302 0.03504014179909843 0.0
0.06144741368488954 0.03536697165196452 0.0
0.06693511649844759 0.03533643304641775 0.0
0.07245274075298991 0.03494028253463559 0.0
0.07803580765582238 0.03426508462810589 0.0
0.08378427414518122 0.03348315726560462 0.0
0.08980041878030051 0.032769908084038624 0.0
0.09618652012041425 0.03230074472031462 0.0
0.1030448567247564 0.03225107481133942 0.0
0.11047770715256099 0.03279630599401983 0.0
0.11858734996306187 0.034111845905262624 0.0
0.12745695975386867 0.03632052662183418 0.0
0.1370614009083369 0.03924710224614057 0.0
0.14733741310429055 0.04261140478181503 0.0
0.1582216936256218 0.046133149561156474 0.0
0.16965093975622295 0.04953205191646391 0.0
0.18156184877998627 0.05252782718003626 0.0
0.19389111798080433 0.05484019068417262 0.0
0.20657554468343098 0.05618988367404984 0.0
0.2195667026183637 0.056449178526594236 0.0
0.23284642602405325 0.05580066726592313 0.0
0.246400254356037 0.05446493868941098 0.0
0.26021372706985324 0.0526625815944321 0.0
0.2742723836210393 0.05061418477836096 0.0
0.28856176346513296 0.048540337038571975 0.0
0.3030674060576719 0.04666162717243954 0.0
0.317774809187202 0.04519018256469678 0.0
0.33266878642705705 0.0441991854297074 0.0
0.3477335917289217 0.043648174315577624 0.0
0.3629534626122536 0.043493350839976345 0.0
0.3783126365965107 0.04369091662057246 0.0
0.3937953512011507 0.04419707327503488 0.0
0.4093858439456318 0.044968022421032545 0.0
0.42506835234941187 0.04595996567623434 0.0
0.4408270355371309 0.04713063547392357 0.0
0.4566456573475214 0.04844548299532816 0.0
0.47250785731271844 0.04987238675662005 0.0
0.48839727491948987 0.05137922615986001 0.0
0.5042975496546034 0.05293388060710867 0.0
0.520192321004826 0.05450422950042673 0.0
0.536065228456926 0.05605815224187487 0.0
0.5518999129424856 0.05756335015982497 0.0
0.5676801609909033 0.05896957963497866 0.0
0.5833900274081316 0.06019353193094839 0.0
0.5990135958922235 0.06114833735673731 0.0
0.6145349501412314 0.06174712622134858 0.0
0.6299381738532073 0.061903028833785345 0.0
0.6452073507262048 0.061529175503050815 0.0
0.6603265644582756 0.060538696538148085 0.0
0.675278473373639 0.05885508092732967 0.0
0.6900256552858414 0.05654774959913155 0.0
0.7045158440762357 0.05379399941520946 0.0
0.7186964256345186 0.05077365621164501 0.0
0.7325147858503849 0.047666545824520026 0.0
0.7459183106135301 0.044652494089916256 0.0
0.7588543858136493 0.041911326843915436 0.0
0.771270397340438 0.039622869922599356 0.0
0.7831325074878135 0.03792030375476535 0.0
0.7944911782957808 0.03672738656336065 0.0
0.8054205198592991 0.035909128733255774 0.0
0.8159946434750192 0.03533053766401514 0.0
0.8262876604395911 0.03485662075520317 0.0
0.8363736820496643 0.03435238540638429 0.0
0.8463268196018899 0.03368283901712295 0.0
0.8562208195079793 0.03271391334311431 0.0
0.8661028770990518 0.03137880149163365 0.0
0.8759761050446108 0.02972237034500802 0.0
0.885839459746659 0.02780001577961694 0.0
0.8956918976071997 0.025667133671839763 0.0
0.9055323750282356 0.023379119898055984 0.0
0.915359848411769 0.020991370334645026 0.0
0.9251732741598033 0.018559280857986377 0.0
0.9349697069747955 0.0161356577211115 0.0
0.9447230331842289 0.013741757837443594 0.0
0.9543916719850917 0.011377775885648632 0.0
0.9639337603966872 0.00904352229130467 0.0
0.9733074354383194 0.006738807479989766 0.0
0.9824708341292915 0.004463441877282024 0.0
0.9913820934889076 0.0022172359087594 0.0
1.0 0.0 0.0
