100
1.0 0.0 0.0
0.9913812682340164 0.0010441282453275444 0.0
0.9824706558396062 0.0019897536210128183 0.0
0.9733081806080116 0.002761008443393707 0.0
0.9639358146020267 0.0032820250288080888 0.0
0.9543955298844468 0.0034769356935938503 0.0
0.9447292985180666 0.0032698727540888717 0.0
0.9349790925656812 0.0025849685266310343 0.0
0.9251865992732794 0.0013479552129222665 0.0
0.9153778940970686 -0.00042773976001062703 0.0
0.905555667431633 -0.0025973293787693035 0.0
0.8957206901860048 -0.005005244412131616 0.0
0.8858737332692158 -0.007495915628875418 0.0
0.8760155675902978 -0.009913773797778573 0.0
0.8661469640582831 -0.012103249687618924 0.0
0.8562686935822034 -0.013908774067174334 0.0
0.8463774038356181 -0.015191253826390609 0.0
0.8364260101784103 -0.015986346704144363 0.0
0.8263410879051757 -0.01643496324627946 0.0
0.8160488503255031 -0.016679460461952195 0.0
0.8054755107489814 -0.016862195360318848 0.0
0.7945472824851999 -0.017125524950535702 0.0
0.7831903788437465 -0.01761180624175903 0.0
0.7713310143294722 -0.018463393616906534 0.0
0.7589189249896192 -0.019770959709365578 0.0
0.7459876956300258 -0.021440943888064005 0.0
0.7325895870105873 -0.023338750543708677 0.0
0.7187768598911989 -0.025329784067006415 0.0
0.7046017750317557 -0.02727944884866408 0.0
0.690116593192154 -0.029053149279388537 0.0
0.675373575132288 -0.030516289749886606 0.0
0.6604246393207388 -0.03153667679483078 0.0
0.6453071034477761 -0.032084582801891075 0.0
0.6300385336256575 -0.03226889347412975 0.0
0.6146350939414168 -0.03220833369629221 0.0
0.599112948482087 -0.032021628353123915 0.0
0.5834882613347021 -0.03182750232937031 0.0
0.5677771965862958 -0.03174468050977683 0.0
0.5519959183239014 -0.03189188777908887 0.0
0.536160604618806 -0.03237967411586775 0.0
0.520287563392586 -0.03324268169870928 0.0
0.5043931730385661 -0.03447435637551156 0.0
0.4884938126493866 -0.036067735189270936 0.0
0.4726058613176869 -0.038015855182983754 0.0
0.45674569813610705 -0.040311753399646405 0.0
0.44092970219728694 -0.04294846688225519 0.0
0.42517425253326074 -0.045919021512725956 0.0
0.4094955621175636 -0.04918586181234446 0.0
0.39390931586982403 -0.052614185807808925 0.0
0.378431093983725 -0.05604990517867571 0.0
0.3630764766529509 -0.05933893160450112 0.0
0.34786104407118523 -0.06232717676484153 0.0
0.33280037643211163 -0.06486055233925325 0.0
0.3179100539294145 -0.0667849700072926 0.0
0.30320564267322303 -0.06795004541765585 0.0
0.28870222913924354 -0.06833153788330895 0.0
0.27441431338346367 -0.06805943487176544 0.0
0.2603563597503807 -0.06727311595861345 0.0
0.2465428325844916 -0.0661119607194411 0.0
0.23298819623029254 -0.0647153487298364 0.0
0.21970691503228096 -0.06322265956538753 0.0
0.20671345333495328 -0.06177327280168254 0.0
0.1940259901538303 -0.06048960212969429 0.0
0.18169304222267954 -0.05935550086074253 0.0
0.1697779403833098 -0.05828716235830127 0.0
0.15834411577364796 -0.05720032190695994 0.0
0.14745499953162083 -0.05601071479130795 0.0
0.13717402279515478 -0.05463407629593469 0.0
0.12756461670217642 -0.05298614170542959 0.0
0.11869016994933249 -0.05098268562728121 0.0
0.11057590394732379 -0.04857484560657549 0.0
0.10313860892395806 -0.04581422337020321 0.0
0.09627594980873973 -0.04277014070855105 0.0
0.08988559153117338 -0.03951191941200579 0.0
0.08386519902076342 -0.03610888127095415 0.0
0.07811243720701415 -0.03263034807578288 0.0
0.07252497101943052 -0.029145641616878798 0.0
0.06700278972860386 -0.02572406395008806 0.0
0.06151039383114015 -0.02243436940639498 0.0
0.056083606660345287 -0.019344706758754427 0.0
0.05076194251708562 -0.016523193442402023 0.0
0.045584915702227356 -0.014037946892573363 0.0
0.040592040516636604 -0.011957084544503957 0.0
0.03582283126117947 -0.010348723833429423 0.0
0.031316802236722285 -0.009280982194585296 0.0
0.0271100403451692 -0.008803091778344938 0.0
0.02321391828096578 -0.008828107169180074 0.0
0.01962896844668889 -0.00920935194207107 0.0
0.016355676983726683 -0.009799894768574489 0.0
0.013394530033467645 -0.010452804320246888 0.0
0.010746013737299484 -0.011021149268644845 0.0
0.008410614236610568 -0.011357998285324923 0.0
0.0063888071729202925 -0.011316560561788088 0.0
0.004676680555081314 -0.01080876506130223 0.0
0.0032591662813667033 -0.009895843188062227 0.0
0.0021194493343813943 -0.008662405352012792 0.0
0.001240714696730212 -0.007193061963098666 0.0
0.0006061473510179785 -0.005572423431264551 0.0
0.0001989322798495187 -0.0038851001664551897 0.0
0.0 0.0 0.0
100
0.0 0.0 0.0
0.00019218046744800987 0.0008169840651495278 0.0
0.0005949329473069951 0.002237490073512604 0.0
0.0012250956271470496 0.0036843404930048344 0.0
0.00209950669453827 0.00522600960483251 0.0
0.0032350043370507494 0.006930971690201878 0.0
0.004648426742254585 0.008867701030319306 0.0
0.006356612097719758 0.011104671906391046 0.0
0.008374646107396522 0.01369085721603567 0.0
0.01070642280673776 0.01655069059278788 0.0
0.013351434613809722 0.019559625110202056 0.0
0.016309163413343514 0.02259299662840772 0.0
0.019579091090070454 0.025526141007534253 0.0
0.023160699528721768 0.02823439410771103 0.0
0.02705347061402866 0.030593091789067495 0.0
0.03125684000260431 0.03247780178391261 0.0
0.03575941080865575 0.033818425968656265 0.0
0.040525089606518926 0.03466873975795918 0.0
0.04551435802173223 0.03509969751252412 0.0
0.05068769767983398 0.03518225359305385 0.0
0.05600559020636268 0.03498736236025122 0.0
0.061428517226856987 0.03458597817481895 0.0
0.0669169603668551 0.034049055397459844 0.0
0.07243509142964993 0.033448129761603995 0.0
0.07801838979333206 0.0328659712235284 0.0
0.08376683225767532 0.03239551105000604 0.0
0.08978271946617025 0.03213004662008138 0.0
0.09616835206230745 0.03216287531279877 0.0
0.1030260306895777 0.032587294507202644 0.0
0.11045805599147163 0.03349660158233742 0.0
0.11856672861147953 0.03498409391724751 0.0
0.12743523546833246 0.03711728880266586 0.0
0.13703839791425573 0.03981754290864606 0.0
0.14731289311220092 0.042954765027844545 0.0
0.1581953558095222 0.046398806743878244 0.0
0.16962242075357428 0.050019519640364093 0.0
0.18153072269171128 0.053686755300918945 0.0
0.19385689637128792 0.05727036530915987 0.0
0.20653767711102106 0.060640467642159364 0.0
0.21952465499233922 0.0637065275770281 0.0
0.2327998410713626 0.06645858947799106 0.0
0.24634897126948452 0.06889656413355548 0.0
0.26015778150809926 0.0710203623322288 0.0
0.27421200770860016 0.07282989486251827 0.0
0.2884973857923813 0.07432507251293123 0.0
0.30299965168083576 0.07550580607197499 0.0
0.3177044899895906 0.07637347435584105 0.0
0.3325967428403706 0.07695356271769441 0.0
0.34766056327664374 0.07729127331866947 0.0
0.362880084108403 0.07743238726652207 0.0
0.37823943814564176 0.07742268566900815 0.0
0.3937227581983535 0.07730794963388359 0.0
0.4093141770765319 0.07713396026890426 0.0
0.42499782759017013 0.07694649868182608 0.0
0.44075778623375556 0.0767769184233119 0.0
0.4565778455451742 0.0765838257610663 0.0
0.47244170876573466 0.076302949933607 0.0
0.4883330791041549 0.07587001183017095 0.0
0.5042356597691534 0.07522073233999516 0.0
0.5201331539694481 0.07429083235231655 0.0
0.5360092649137573 0.07301603275637213 0.0
0.5518476963047871 0.0713326062391535 0.0
0.5676322016257443 0.06923243157916467 0.0
0.5833466260847051 0.06680984658463145 0.0
0.5989748247680765 0.06417022341013248 0.0
0.6145006527622642 0.06141893421024636 0.0
0.6299079651536745 0.058661351139551725 0.0
0.6451806170287143 0.05600284635262711 0.0
0.6603024634737892 0.05354879200405113 0.0
0.6752559545559316 0.05139680624696168 0.0
0.690003746582903 0.04953526971029316 0.0
0.7044938639028874 0.04787181236735095 0.0
0.7186739878417614 0.046312171124682285 0.0
0.7324917997254015 0.044762082888834556 0.0
0.7458949808796832 0.04312728456635509 0.0
0.7588312126304834 0.0413135130637912 0.0
0.7712481763036777 0.03922650528769025 0.0
0.7831122446390011 0.03680226663740918 0.0
0.7944737085440998 0.03411269787480623 0.0
0.8054063999399511 0.031267821596619755 0.0
0.8159841519437847 0.0283776623367716 0.0
0.8262807976728288 0.02555224462918363 0.0
0.8363701702443121 0.022901593007777738 0.0
0.846326102775464 0.020535732006475665 0.0
0.856222065724508 0.018563709080172717 0.0
0.866105140440507 0.01702347391771869 0.0
0.8759785945314815 0.015834932848061416 0.0
0.8858415646927237 0.014906862659361308 0.0
0.895693187619526 0.014148040139778719 0.0
0.9055326000071803 0.013467242077474064 0.0
0.9153589385509777 0.012773245260607725 0.0
0.9251713399462114 0.011974826477340108 0.0
0.9349670287221789 0.010986447260163868 0.0
0.9447199335206315 0.00979182629036195 0.0
0.9543884307258544 0.008420918092647531 0.0
0.9639306129914168 0.006904520704580956 0.0
0.9733045729708878 0.005273432163722568 0.0
0.9824684033178368 0.0035584505076327495 0.0
0.9913801966858332 0.0017903737738717664 0.0
1.0 0.0 0.0
