100
1.0 0.0 0.0
0.9913837012374377 0.0007254421419826929 0.0
0.9824744524736654 0.0007122196438790166 0.0
0.9733135970825826 0.00011898399398319891 0.0
0.9639428596010962 -0.0008956133194105334 0.0
0.954403964566114 -0.002172920808007953 0.0
0.9447386365145437 -0.0035542869835148306 0.0
0.9349885999832925 -0.004881060357636942 0.0
0.9251952985077019 -0.005996327022116804 0.0
0.9153847729597303 -0.0068384158131253705 0.0
0.9055599924023138 -0.007488320660248457 0.0
0.8957220321251413 -0.008038745686104149 0.0
0.8858719674179019 -0.008582395013310536 0.0
0.8760108735702835 -0.009211972764485713 0.0
0.8661398258719758 -0.010020183062247763 0.0
0.8562598996126675 -0.011099730029214782 0.0
0.8463680127796559 -0.012531407622800415 0.0
0.8364169897222626 -0.014269686895945342 0.0
0.826333097098129 -0.016192954348288335 0.0
0.8160422365891048 -0.018178550868256756 0.0
0.8054703098770393 -0.02010381734427802 0.0
0.7945432186437815 -0.021846094664779506 0.0
0.7831868645711804 -0.02328272371818859 0.0
0.7713271505420509 -0.024291047604503162 0.0
0.7589136132322142 -0.024791930918914497 0.0
0.7459800382230891 -0.02486138213634945 0.0
0.7325789761764198 -0.024609965520260586 0.0
0.718762977753951 -0.024148245334100454 0.0
0.7045845936174273 -0.023586785841321622 0.0
0.6900963744285936 -0.023036151305376666 0.0
0.6753508708491944 -0.022606905989718127 0.0
0.6604002871288911 -0.02240884585748706 0.0
0.6452820509635276 -0.022518994253736296 0.0
0.6300136006861049 -0.0229700405223427 0.0
0.6146109557257303 -0.023791527049107135 0.0
0.5990901355115114 -0.025012996219830497 0.0
0.5834671594725566 -0.02666399042031365 0.0
0.5677580470379735 -0.028774052036357474 0.0
0.5519788176368701 -0.03137272345376284 0.0
0.5361455069344553 -0.03447868896095334 0.0
0.520274301355681 -0.03800981037021002 0.0
0.5043814691451297 -0.04182923158510328 0.0
0.4884832793593073 -0.045799553525182536 0.0
0.47259600105472 -0.04978337710999717 0.0
0.4567359032878737 -0.0536433032590966 0.0
0.44091925511527486 -0.05724193289203017 0.0
0.42516232555947603 -0.060441879090705336 0.0
0.40948129061259747 -0.06313907979807963 0.0
0.3938920304367707 -0.0653354435827784 0.0
0.37841036652383847 -0.06705389556813299 0.0
0.3630521203656446 -0.06831736087747474 0.0
0.3478331134540323 -0.06914876463413505 0.0
0.3327691672808445 -0.06957103196144525 0.0
0.3178761033379252 -0.06960708798273668 0.0
0.3031697235321442 -0.06927964858760526 0.0
0.2886651627777026 -0.06860430392861 0.0
0.2743767404975985 -0.0675879319548129 0.0
0.26031872645346005 -0.06623688006391815 0.0
0.24650539040691538 -0.06455749565362989 0.0
0.2329510021195916 -0.06255612612165226 0.0
0.2196698313531172 -0.06023911886568945 0.0
0.2066761478691195 -0.05761282128344559 0.0
0.19398796989078063 -0.05469436996940207 0.0
0.18165392932678937 -0.051589016888119815 0.0
0.1697376069505105 -0.048445041320907205 0.0
0.1583026847437709 -0.0454110138573857 0.0
0.14741284468839744 -0.042635505087176756 0.0
0.1371317687662167 -0.04026708559990173 0.0
0.12752313895905543 -0.0384543259851821 0.0
0.11865059466842595 -0.037345702357523845 0.0
0.11053948297669346 -0.03700472971005546 0.0
0.10310636457080846 -0.037253553112354364 0.0
0.0962486121863576 -0.03787174434773296 0.0
0.08986359855892732 -0.03863887519950365 0.0
0.08384869642410459 -0.03933451745097887 0.0
0.07810127851747585 -0.03973824288547101 0.0
0.07251871757462808 -0.03962962328629249 0.0
0.06700071645361794 -0.038794813440915676 0.0
0.06151164969865726 -0.03720267697912305 0.0
0.056087392093462536 -0.03502407823242033 0.0
0.050767518569932606 -0.032440335099104343 0.0
0.04559160405996627 -0.029632765477471967 0.0
0.0405992234954619 -0.026782687265819935 0.0
0.03582995180831841 -0.02407141836244514 0.0
0.03132336393043429 -0.021680276665644333 0.0
0.02711561252615656 -0.01976541784366053 0.0
0.023218173053824512 -0.018301558350746355 0.0
0.01963169690970392 -0.017183830699840627 0.0
0.01635678929813317 -0.016307027777626208 0.0
0.013394055423450672 -0.015565942470785958 0.0
0.010744100489994376 -0.014855367666002713 0.0
0.008407529702102682 -0.014070096249959344 0.0
0.006384937642980781 -0.013105013267477084 0.0
0.0046724805899629775 -0.011893514345461974 0.0
0.003255029866775928 -0.010466913132872261 0.0
0.002115689706175772 -0.008871856088942814 0.0
0.0012375643409189836 -0.007154989672908544 0.0
0.0006037580037618141 -0.005362960344004306 0.0
0.0001973749274602924 -0.0035424145614650097 0.0
0.0 0.0 0.0
100
0.0 0.0 0.0
0.0001928294031103056 0.0016602259321065946 0.0
0.0005962238297208058 0.003260378996698096 0.0
0.00122710406700041 0.004817456292049214 0.0
0.002102390902118471 0.006349467388244659 0.0
0.00323900512224412 0.007874421855369107 0.0
0.004653867514546266 0.009410329263507336 0.0
0.006363898866194149 0.010975199182744023 0.0
0.008384242069769527 0.012584073796716902 0.0
0.0107186860704492 0.014233045037524029 0.0
0.013366554372684422 0.015910751814804936 0.0
0.016327159794858034 0.01760581520266839 0.0
0.019599815155352862 0.01930685627522308 0.0
0.023183833272551958 0.021002496106577697 0.0
0.027078526964838045 0.022681355770840957 0.0
0.03128316314033674 0.02433207357854396 0.0
0.035786250648407764 0.025947326816612114 0.0
0.04055177160984748 0.027529001020396206 0.0
0.045540306746312015 0.029080258737311734 0.0
0.050712436779456686 0.030604262514774164 0.0
0.056028742430937625 0.03210417490019899 0.0
0.061449804422410714 0.033583158441001744 0.0
0.06693620347553152 0.035044375684597916 0.0
0.07245221243668981 0.036489718956177496 0.0
0.07803344934975558 0.037896535295476916 0.0
0.08378006370985033 0.03921997062782496 0.0
0.0897945300818989 0.040414370971842785 0.0
0.09617932303082621 0.041434082346151604 0.0
0.1030369171215568 0.042233450769372564 0.0
0.11046978691901578 0.04276682226012685 0.0
0.11858040698812768 0.04298854283703561 0.0
0.12745208490660978 0.042871537000719544 0.0
0.13705946071338018 0.04249406025096146 0.0
0.14733892396520168 0.04197144412283888 0.0
0.158226821685044 0.04141906137925979 0.0
0.16965950089587703 0.040952284783132176 0.0
0.18157330862067056 0.04068648709736405 0.0
0.19390459188239492 0.04073704108486338 0.0
0.2065897989621642 0.04121897133551228 0.0
0.21958033434405044 0.04219587599373263 0.0
0.23285823122565527 0.04362603731125009 0.0
0.2464092731062245 0.04545484224253341 0.0
0.2602192434850046 0.047627677742051504 0.0
0.27427392586124144 0.050089930764273115 0.0
0.2885591037341808 0.05278698826366712 0.0
0.3030605606030687 0.055664237194702273 0.0
0.3177640320404556 0.0586656096176826 0.0
0.33265446661285447 0.06171114672194756 0.0
0.34771616919220805 0.06470134928273431 0.0
0.3629334257495906 0.06753614430812939 0.0
0.3782905222560768 0.07011545880621936 0.0
0.39377174468274084 0.07233921978509077 0.0
0.40936137900065767 0.07410735425283027 0.0
0.42504371118090173 0.07531978921752436 0.0
0.44080292761912576 0.07590225364876027 0.0
0.45662271262727216 0.07591057633704831 0.0
0.472486592625701 0.07544149890537087 0.0
0.4883780939771468 0.07459177790840095 0.0
0.5042807430443451 0.07345816990081169 0.0
0.5201780661900303 0.07213743143727612 0.0
0.5360535897769374 0.07072631907246729 0.0
0.5518908419486148 0.06932102338878894 0.0
0.567673530305831 0.06796070047450285 0.0
0.5833856931147897 0.06657941543284547 0.0
0.599011404252778 0.06509991557173087 0.0
0.6145347375970822 0.06344494819907301 0.0
0.6299397670249893 0.061537260622786014 0.0
0.6452105664137866 0.05929960015078382 0.0
0.6603312096407602 0.056654714090980475 0.0
0.6752843470302045 0.053533817899460004 0.0
0.6900325740475478 0.04998742537752098 0.0
0.704523661188377 0.04615423815076329 0.0
0.718705031401162 0.042175025263773334 0.0
0.7325241076343726 0.0381905557611378 0.0
0.7459283128364781 0.03434159868744326 0.0
0.7588650699559484 0.030768923087276294 0.0
0.7712818019412528 0.02761329800522352 0.0
0.7831446911023152 0.024987482308070765 0.0
0.7945041429788458 0.02287847857569796 0.0
0.8054341897008926 0.021238011801492925 0.0
0.8160088645991046 0.02001780518619207 0.0
0.8263022010041301 0.01916958193053176 0.0
0.8363882322466168 0.01864506523524841 0.0
0.8463409916572138 0.018395978301078385 0.0
0.8562341487348728 0.018373780448986174 0.0
0.8661148985377692 0.01851072962340807 0.0
0.8759864807072684 0.018707203793835975 0.0
0.8858479906143192 0.018860575174234853 0.0
0.8956985236298718 0.01886821597856965 0.0
0.9055371751248756 0.018627498420805327 0.0
0.9153630404702795 0.018035794714906822 0.0
0.9251752150370337 0.016990477074839104 0.0
0.9349708792884048 0.015401397219932163 0.0
0.9447238843981678 0.013330444482710029 0.0
0.9543925069836018 0.010941008003325646 0.0
0.9639347395244545 0.0083983286539513 0.0
0.9733085745004724 0.005867647306759279 0.0
0.9824720043914031 0.00351420483392191 0.0
0.9913830216769937 0.0015032421076113718 0.0
1.0 0.0 0.0
