100
1.0 0.0 0.0
0.9913804828034535 0.0004262908877019797 0.0
0.9824710077242589 0.0003170000644198069 0.0
0.9733085457627118 -0.00020534383008195174 0.0
0.9639352192460253 -0.0010182121560387309 0.0
0.9543931505014146 -0.001999076273685964 0.0
0.9447244618560933 -0.003025407543259084 0.0
0.9349712756372759 -0.003974677324993527 0.0
0.9251754289312941 -0.004725643316559228 0.0
0.9153631237895977 -0.00522757179936449 0.0
0.9055371423829374 -0.005535344592735485 0.0
0.8956983445385027 -0.005712512618626241 0.0
0.8858475900834833 -0.005822626798990788 0.0
0.8759857388450679 -0.005929238055783155 0.0
0.8661136506504465 -0.0060958973109573695 0.0
0.8562321853268086 -0.006386155486467463 0.0
0.846338064368882 -0.006859519588570192 0.0
0.836384116834378 -0.007532605599967717 0.0
0.8262967352730923 -0.008396196148901034 0.0
0.8160019489244269 -0.009440718842205606 0.0
0.8054257870277831 -0.010656601286716912 0.0
0.7944942788225635 -0.012034271089270417 0.0
0.783133453548169 -0.013564155856701588 0.0
0.771269341644101 -0.015236682690913892 0.0
0.7588515902991342 -0.017032342136851945 0.0
0.7459140348507461 -0.018896203254261928 0.0
0.7325092621841255 -0.020765445540286136 0.0
0.7186898591844607 -0.02257724849206683 0.0
0.7045084127369409 -0.024268791606746297 0.0
0.690017509726755 -0.025777254381466858 0.0
0.6752697370390911 -0.027039816313370758 0.0
0.6603173322592126 -0.027995339301322992 0.0
0.645197633234751 -0.028654449772071048 0.0
0.6299278218104236 -0.029124855461367855 0.0
0.6145236490984529 -0.02952115522242239 0.0
0.5990008662110606 -0.029957947908443673 0.0
0.5833752242604686 -0.03054983237264071 0.0
0.5676624743588996 -0.03141140746822249 0.0
0.5518783676185748 -0.032657272048398016 0.0
0.5360387150191704 -0.03438588752314386 0.0
0.5201598834374717 -0.036545871648546856 0.0
0.5042585414441751 -0.039004519724748506 0.0
0.48835136060378775 -0.04162832006209173 0.0
0.47245501248081523 -0.04428376097091942 0.0
0.45658616863976437 -0.046837330761574515 0.0
0.44076150064514136 -0.049155517744399885 0.0
0.4249976799918089 -0.051104822075707705 0.0
0.4093111873518306 -0.05258420186752301 0.0
0.39371789659469686 -0.05359582916184417 0.0
0.3782335612461758 -0.05416234583551327 0.0
0.3628739348320362 -0.054306393765372406 0.0
0.34765477087804625 -0.05405061482826369 0.0
0.33259182290997424 -0.053417650901029234 0.0
0.31770084445358915 -0.05243014386051112 0.0
0.30299756854108684 -0.05111125141944583 0.0
0.2884970302684284 -0.04950169877761408 0.0
0.27421341140756356 -0.047663689828336644 0.0
0.2601608417651486 -0.04566073646353955 0.0
0.24635345114784 -0.04355635057514876 0.0
0.23280536936229315 -0.04141404405509023 0.0
0.21953072621516478 -0.03929732879528998 0.0
0.20654365151311058 -0.03726971668767395 0.0
0.19386202162659597 -0.03539115813516629 0.0
0.18153431111271234 -0.03369251686001281 0.0
0.16962393582502056 -0.03219045336631982 0.0
0.1581944127743048 -0.030901531997990672 0.0
0.14730925897134886 -0.029842317098928647 0.0
0.13703199142693673 -0.029029373013037037 0.0
0.1274261271518523 -0.02847926408421915 0.0
0.11855514068910128 -0.028208540517859107 0.0
0.11044431546609476 -0.028221037801420087 0.0
0.10301043602861447 -0.028484469600491877 0.0
0.09615114968330682 -0.028960178345009056 0.0
0.08976410373681841 -0.029609506464906194 0.0
0.08374694549579573 -0.030393796390117887 0.0
0.07799732226688513 -0.0312743905505787 0.0
0.07241288135673363 -0.03221263137622321 0.0
0.06689359637097705 -0.03316894802630697 0.0
0.06140400648212458 -0.03407842217063702 0.0
0.055980033777986306 -0.03484811159910983 0.0
0.05066129442300897 -0.035383623861608315 0.0
0.04548740458163949 -0.03559056650801545 0.0
0.04049798041832459 -0.035374547088214144 0.0
0.035732638097511225 -0.03464117315208738 0.0
0.03123099378364598 -0.033296052249518086 0.0
0.027029215701252985 -0.031267318266521786 0.0
0.023138609751120726 -0.028645537461492468 0.0
0.019559576574531765 -0.02559252314083824 0.0
0.01629247027432906 -0.02227039265934394 0.0
0.013337644953355902 -0.018841263371794464 0.0
0.010695454714455028 -0.015467252632974549 0.0
0.008366253660469506 -0.012310477797669117 0.0
0.006350385523243016 -0.00953289995775279 0.0
0.004643860253323565 -0.007231181841528367 0.0
0.003231668614595698 -0.005335956835282026 0.0
0.0020970758959498567 -0.0037518600836264674 0.0
0.0012233473862768146 -0.0023835267311744595 0.0
0.0005937483744671235 -0.0011355919225387143 0.0
0.00019154414941133447 8.730919766801654e-05 0.0
0.0 0.0 0.0
100
0.0 0.0 0.0
0.00020079441091694323 0.004459157524616249 0.0
0.0006092092614074043 0.006171515304864519 0.0
0.0012450845752981676 0.007889879420418008 0.0
0.0021251813343572414 0.009531301025383156 0.0
0.0032662605203526334 0.011012831273866357 0.0
0.00468508311505213 0.012251521319974111 0.0
0.0063984101002238485 0.013164422317812813 0.0
0.008421272307877039 0.01369237428102441 0.0
0.01075765152948779 0.013928137062508407 0.0
0.013407184033885196 0.0140242196942982 0.0
0.016369495690801303 0.014133274191805299 0.0
0.019644212369968054 0.014407952570441248 0.0
0.023230959941117502 0.015000906845617537 0.0
0.02712936427398169 0.01606478903274571 0.0
0.03133900454616961 0.01775187446531665 0.0
0.03584851866352774 0.02012617135573492 0.0
0.04062160010572782 0.023050452380607957 0.0
0.045618483026444646 0.026359582606411032 0.0
0.050799401579352324 0.029888427099619405 0.0
0.056124589918125405 0.03347185092670829 0.0
0.06155428219643845 0.0369447191541531 0.0
0.06704871256796593 0.040141896848429066 0.0
0.07257181577726736 0.042902778072855474 0.0
0.07815903536303168 0.04515427348282791 0.0
0.08391049428772716 0.046902452147969134 0.0
0.08992864591507883 0.048156235217547125 0.0
0.09631594360881192 0.04892454384082987 0.0
0.10317484073265154 0.04921629916708531 0.0
0.1106077906503229 0.04904042234558143 0.0
0.11871724672555094 0.04840583452558618 0.0
0.12758653903295067 0.047334421137255354 0.0
0.1371905778553946 0.04592156880741764 0.0
0.14746611019944392 0.044288536251685946 0.0
0.15834984063483756 0.0425566109549329 0.0
0.1697784737313148 0.04084708040203118 0.0
0.18168871405861478 0.03928123207785348 0.0
0.19401726618647716 0.037980353467272396 0.0
0.2067009350182132 0.03706543894241626 0.0
0.21969134509732322 0.036614189037470365 0.0
0.2329704700148076 0.036615643109468375 0.0
0.24652399941988817 0.037047984487875434 0.0
0.2603376229617875 0.03788939650215675 0.0
0.27439703028972734 0.0391180624817775 0.0
0.28868791105292996 0.040712165756202894 0.0
0.3031959549006171 0.04264988965489808 0.0
0.3179067955518272 0.04490623562673768 0.0
0.33280514829397967 0.04740395534157153 0.0
0.3478749772265524 0.05002306522027493 0.0
0.3631002243918162 0.05264232684429616 0.0
0.37846483183204205 0.055140501795083535 0.0
0.3939527415895006 0.05739635165408533 0.0
0.4095478957064632 0.05928863800274995 0.0
0.4252342362252005 0.06069612242252566 0.0
0.44099568449134124 0.06152419175215403 0.0
0.45681605749296617 0.0618124839106985 0.0
0.4726791394005636 0.06164285510714351 0.0
0.4885687143726449 0.06109717695860853 0.0
0.5044685665677213 0.060257321082213 0.0
0.5203624801443039 0.059205159095076405 0.0
0.536234239260904 0.05802256261431819 0.0
0.5520676287958955 0.05679113553718021 0.0
0.5678465061701616 0.05556550293416783 0.0
0.5835548624704233 0.054350579055708 0.0
0.5991767031785724 0.05314592453519926 0.0
0.6146960337765008 0.051951100006040155 0.0
0.6300968597460997 0.05076566610162926 0.0
0.645363186569262 0.0495891834553651 0.0
0.6604790197278785 0.048421212700646234 0.0
0.675426946429556 0.04726031133900269 0.0
0.6901695733888936 0.046090904859918215 0.0
0.7046547373234394 0.04488697207490194 0.0
0.7188299286923735 0.043622246890221594 0.0
0.732642637954874 0.04227046321214501 0.0
0.7460403555701198 0.040805354946939945 0.0
0.7589705719972897 0.03920065600087419 0.0
0.7713807776955623 0.037430100280215574 0.0
0.7832372219273764 0.03547874036341232 0.0
0.7945903746788523 0.03338244586392904 0.0
0.8055143318234277 0.03119134176482016 0.0
0.8160831904351049 0.02895555377353506 0.0
0.8263710475878852 0.026725207597523136 0.0
0.8364520003557703 0.02455042894423383 0.0
0.8464001458127627 0.022481343521116453 0.0
0.8562892161370925 0.020567682777941968 0.0
0.866166391638133 0.018830489758096643 0.0
0.876034768654889 0.017243176249186965 0.0
0.8858932871354708 0.0157746631974507 0.0
0.8957408870279886 0.014393871549125484 0.0
0.9055765082805529 0.013069722250449072 0.0
0.9153990908412729 0.011771136247659174 0.0
0.92520757465826 0.010467034486993515 0.0
0.9349990008150938 0.009128765446298367 0.0
0.9447472765593321 0.007757252181972474 0.0
0.9544108650661269 0.006373161641223808 0.0
0.9639479477536106 0.0049975209728769735 0.0
0.9733167060399154 0.003651357325756573 0.0
0.9824753213431737 0.0023556978486872337 0.0
0.9913819750815178 0.001131569690493499 0.0
1.0 0.0 0.0
