100
1.0 0.0 0.0
0.9913837520425877 -0.00016048035578682959 0.0
0.9824749498272287 -0.0006142218771271912 0.0
0.9733141989515458 -0.0012314842902170255 0.0
0.963943231892123 -0.0018825273212522721 0.0
0.9544037811255464 -0.0024376106964288722 0.0
0.9447375791284004 -0.0027669941419427636 0.0
0.9349863583772703 -0.002740937383989889 0.0
0.9251915710419878 -0.0022318973277496634 0.0
0.9153793047140871 -0.0012327658235327902 0.0
0.9055526322241236 8.316452655861863e-05 0.0
0.8957127373120057 0.0015277935204967704 0.0
0.8858608037176423 0.0029130209562538735 0.0
0.875998015180941 0.004050746631802143 0.0
0.8661255554418107 0.004752870345113783 0.0
0.8562446082401598 0.004831291894161008 0.0
0.8463521926937531 0.004115511326846265 0.0
0.836401156646816 0.002621702398151042 0.0
0.8263177434918302 0.00047847283277578157 0.0
0.8160278310028728 -0.0021840244923217933 0.0
0.8054572969540209 -0.005235636700184002 0.0
0.7945320191193519 -0.00854621091385312 0.0
0.7831778752729421 -0.01198559425637146 0.0
0.7713207443890924 -0.015423635032459668 0.0
0.7589101246281854 -0.018753435795362754 0.0
0.745979710985958 -0.021950995017235776 0.0
0.7325819519406692 -0.02501077489467066 0.0
0.7187692959705774 -0.02792723762425927 0.0
0.7045941915539418 -0.030694845402593544 0.0
0.6901090871690213 -0.0333080604262654 0.0
0.6753664312940745 -0.03576134489186671 0.0
0.6604183268455881 -0.03804933873205577 0.0
0.6453021364571041 -0.04017426338913662 0.0
0.6300352824656741 -0.04214859638738545 0.0
0.614633771787332 -0.04398554325800615 0.0
0.5991136113381113 -0.04569830953220265 0.0
0.5834908080340462 -0.04730010074117886 0.0
0.5677813687911704 -0.048804122416138684 0.0
0.5520013005255178 -0.05022358008828602 0.0
0.5361666318313046 -0.051567663423279536 0.0
0.5202935925947428 -0.05280827291040947 0.0
0.5043985219463057 -0.05389707162934781 0.0
0.48849776010053364 -0.054785521837214836 0.0
0.4726076472719671 -0.055425085791130854 0.0
0.4567445236751468 -0.05576722574821618 0.0
0.4409247295246133 -0.05576340396559112 0.0
0.42516460500557346 -0.055365097837634776 0.0
0.40948040992976464 -0.054565260847874636 0.0
0.39388814852715665 -0.05348873741587833 0.0
0.3784037743396324 -0.052286529144442796 0.0
0.3630432409090757 -0.05110963763636496 0.0
0.3478225017773699 -0.05010906449444178 0.0
0.3327575104863979 -0.0494358113214702 0.0
0.3178642205780438 -0.04924087972024716 0.0
0.30315856189279555 -0.049671002593203895 0.0
0.2886556570881719 -0.05072753649500501 0.0
0.2743696419283701 -0.05223409519822033 0.0
0.2603145920782577 -0.054003468385461564 0.0
0.2465045832027024 -0.05584844573934038 0.0
0.23295369096657081 -0.057581816942468465 0.0
0.219675991034731 -0.059016371677457505 0.0
0.20668555907205 -0.05996489962691921 0.0
0.19400023266708166 -0.06026291700309414 0.0
0.18166857303912315 -0.05993154758570172 0.0
0.16975414395913171 -0.059082548554621285 0.0
0.15832061077000467 -0.057828290706032195 0.0
0.14743163881463883 -0.05628114483611376 0.0
0.13715089343593093 -0.05455348174104531 0.0
0.12754203997677813 -0.05275767221700619 0.0
0.11866870124921768 -0.051006054202394166 0.0
0.11055625222086041 -0.049381416754403225 0.0
0.10312140781416268 -0.04788260216632433 0.0
0.09626171728611659 -0.04649364604154245 0.0
0.08987472989371394 -0.04519858398344255 0.0
0.08385799489394709 -0.0439814515954096 0.0
0.07810906154380762 -0.042826284480828584 0.0
0.07252547910028796 -0.04171711824308449 0.0
0.06700712078978628 -0.040637590103662594 0.0
0.061518360748844855 -0.03956028034197232 0.0
0.056094884545604635 -0.03844554481505785 0.0
0.050776068125550904 -0.03725310676426161 0.0
0.04560128743416891 -0.03594268943092609 0.0
0.04060991841694381 -0.034474016056393685 0.0
0.035841337019361076 -0.03280680988200686 0.0
0.03133491918690588 -0.030900794149108044 0.0
0.02712665052484039 -0.02872556426408703 0.0
0.023228069653247613 -0.026321901607817725 0.0
0.019639992110958324 -0.023761811574390904 0.0
0.016363187675814 -0.02111743280707468 0.0
0.013398426125655885 -0.01846090394913721 0.0
0.010746477238325124 -0.015864363643846524 0.0
0.008408110791662853 -0.013399950534470805 0.0
0.006384085804683379 -0.01113974649295906 0.0
0.004670665451572051 -0.009132110076319488 0.0
0.0032526816528352124 -0.007365080315087728 0.0
0.0021131763291390338 -0.0058172509115952545 0.0
0.001235191401149459 -0.00446721556817361 0.0
0.0006017687895323225 -0.0032935679871542753 0.0
0.0001959504149537909 -0.0022749018708687796 0.0
0.0 0.0 0.0
100
0.0 0.0 0.0
0.0001936003115593855 5.851247752021392e-05 0.0
0.0005978002533561739 0.0006467859894279621 0.0
0.0012295268864133597 0.0011570731305027308 0.0
0.0021057072717534913 0.0015987656406363743 0.0
0.003243268470399451 0.001981255259720737 0.0
0.0046591375433740105 0.0023139337276476906 0.0
0.0063702415516997185 0.002606192784309078 0.0
0.008391722928209111 0.0028715359939221223 0.0
0.010727327156358052 0.003149725753736067 0.0
0.013376317366453765 0.003490851905567922 0.0
0.016337945962263154 0.003945029005430508 0.0
0.019611465347552672 0.004562371609336637 0.0
0.023196127926089345 0.005392994273299113 0.0
0.027091186101639617 0.006487011553330754 0.0
0.03129584652698612 0.007894394821531536 0.0
0.03579859511829681 0.009631563450083758 0.0
0.04056347615197365 0.011638443383068556 0.0
0.04555114430550484 0.013844352354835818 0.0
0.05072225425637794 0.01617860809973542 0.0
0.056037460682081056 0.018570528352117206 0.0
0.06145741826010242 0.020949430846331166 0.0
0.06694278166792991 0.023244633316727145 0.0
0.07245789314051958 0.025388885964484856 0.0
0.07803835185422338 0.02738126665885425 0.0
0.08378420860936209 0.029280846384667814 0.0
0.08979783639988084 0.03114885768021355 0.0
0.09618160821972505 0.033046533083779535 0.0
0.10303789706283961 0.03503510513365375 0.0
0.11046907592316997 0.03717580636812423 0.0
0.11857751779466089 0.03952986932547896 0.0
0.12744645995977671 0.04214359196621135 0.0
0.13705064948041087 0.04497860042449394 0.0
0.14732664535151643 0.04796671673460356 0.0
0.15821096410365734 0.05103972978923728 0.0
0.16964012226739816 0.05412942848109223 0.0
0.18155063637330326 0.05716760170286547 0.0
0.1938790229519373 0.06008603834725423 0.0
0.2065618994632674 0.06281655166449489 0.0
0.21955079101386193 0.06529455260359442 0.0
0.23282775198556388 0.06746281981813822 0.0
0.2463785748862442 0.06926503409279759 0.0
0.2601890522237745 0.07064487621224394 0.0
0.2742449765060257 0.07154602696114849 0.0
0.28853214024086915 0.07191216712418265 0.0
0.30303633593617574 0.07168697748601766 0.0
0.3177432992266194 0.07082175969872344 0.0
0.3326378318299969 0.06939295796017536 0.0
0.34770397161072497 0.06757937092700694 0.0
0.3629257340041158 0.06556280270015008 0.0
0.3782871344454828 0.06352505738053665 0.0
0.3937721883701383 0.061647939069098705 0.0
0.4093649112133956 0.06011325186676801 0.0
0.4250493184105674 0.059102799874476544 0.0
0.4408093902764011 0.05875677304072951 0.0
0.45662893003913435 0.059005532546616495 0.0
0.4724916852381451 0.059713454169494806 0.0
0.4883814033924873 0.06074488960445772 0.0
0.5042818320212147 0.06196419054659847 0.0
0.5201767186433804 0.06323570869101025 0.0
0.5360498107780387 0.06442379573278631 0.0
0.5518848567050052 0.06539332519808032 0.0
0.5676656813681334 0.06606175688303219 0.0
0.5833762509713876 0.06644344533133416 0.0
0.5990005469317701 0.0665631801865146 0.0
0.6145225506662826 0.06644575109210184 0.0
0.6299262435919266 0.0661159476916243 0.0
0.6451956071257055 0.06559855962861032 0.0
0.66031462268462 0.06491837654658822 0.0
0.6752658568801739 0.06409884893402985 0.0
0.6900119446987474 0.06314456140943939 0.0
0.7045007872538301 0.062046152546864373 0.0
0.7186799402474146 0.06079393397819972 0.0
0.732496959381492 0.05937821733534047 0.0
0.7458994003580536 0.05778931425018158 0.0
0.7588348188790912 0.056017536354618036 0.0
0.7712507706465962 0.054053195280544857 0.0
0.7831135383931714 0.051894403000182276 0.0
0.7944734829265834 0.04957429239289637 0.0
0.8054045509256628 0.04713582052347797 0.0
0.8159806902677715 0.04462194495593968 0.0
0.8262758488302709 0.042075623254294064 0.0
0.8363639744905221 0.03953981298255376 0.0
0.8463190151258873 0.03705747170473126 0.0
0.8562145549503812 0.03467116096215106 0.0
0.8660977159873381 0.032394625457722176 0.0
0.8759716851820716 0.03019376540334474 0.0
0.8858355071270907 0.028029970064987045 0.0
0.8956882264149056 0.025864628708617214 0.0
0.9055288876380263 0.02365913060020354 0.0
0.9153565353889613 0.02137486500571424 0.0
0.9251702142602213 0.018973221191117565 0.0
0.9349670591271064 0.01642126090592863 0.0
0.9447209388108779 0.013755153675501085 0.0
0.9543901897920809 0.01105720514773053 0.0
0.9639328651839 0.008410562664081748 0.0
0.9733070180995205 0.00589837356601952 0.0
0.9824707016521267 0.003603785195008675 0.0
0.9913819689549036 0.0016099448925138901 0.0
1.0 0.0 0.0
