100
1.0 0.0 0.0
0.9913848859490285 0.0006453089832384569 0.0
0.9824764520141187 0.0014708723608446517 0.0
0.9733160350575983 0.0024268030661121066 0.0
0.9639454483513948 0.0034632140323343445 0.0
0.9544065051674371 0.004530218192804888 0.0
0.9447410187776529 0.005577928480817258 0.0
0.9349908024539706 0.006556457829664978 0.0
0.9251973868853662 0.007415855852518319 0.0
0.9153868134162572 0.008102701368576168 0.0
0.905561921741405 0.008558374258796825 0.0
0.8957236471247849 0.008723827666462918 0.0
0.885872924830372 0.008540014734857085 0.0
0.8760106901221402 0.007947888607261961 0.0
0.8661378782640655 0.006888402426960186 0.0
0.8562554245201224 0.005302509337234396 0.0
0.846360126196485 0.0031401032149332847 0.0
0.8364048921360726 0.00044590612885730025 0.0
0.8263161970672945 -0.002678244631044756 0.0
0.8160201524410587 -0.006129726854456109 0.0
0.8054428697082722 -0.009805918331060032 0.0
0.7945104603198433 -0.013604196850539742 0.0
0.7831490357266787 -0.01742194020257851 0.0
0.7712847085780675 -0.021156526829073097 0.0
0.7588671744576537 -0.024718170082079625 0.0
0.7459301965555665 -0.02806283674536245 0.0
0.7325262627608174 -0.03115668443917356 0.0
0.718707860962419 -0.033965870783764875 0.0
0.704527479049383 -0.03645655339938837 0.0
0.690037604910722 -0.03859488990629604 0.0
0.6752907264354469 -0.04034703792473981 0.0
0.6603389846605711 -0.041680266602153807 0.0
0.6452197253042221 -0.042609258389453224 0.0
0.6299502793367564 -0.043212835302071165 0.0
0.6145465570227407 -0.04357437217077873 0.0
0.5990244686267422 -0.04377724382634704 0.0
0.5833999244133281 -0.04390482509954721 0.0
0.567688834647065 -0.044040490821150365 0.0
0.5519071095925205 -0.044267615821927585 0.0
0.5360706934911623 -0.044661318502248366 0.0
0.5201958460757663 -0.045220052472301486 0.0
0.5042989983010928 -0.04590066418134375 0.0
0.4883965828209954 -0.046659587196925006 0.0
0.47250503228932705 -0.04745325508659515 0.0
0.45664077935994146 -0.048238101417904064 0.0
0.440820256686692 -0.048970559758401616 0.0
0.42505989687253165 -0.049607069998507315 0.0
0.4093759930543719 -0.05012139669139786 0.0
0.39378439487729056 -0.05054239555324411 0.0
0.3783008640311384 -0.05090984821891923 0.0
0.3629411622057666 -0.05126353632329641 0.0
0.3477210510910263 -0.051643241501248834 0.0
0.33265629237676814 -0.05208874538764969 0.0
0.3177626477528439 -0.05263982961737215 0.0
0.30305586146454405 -0.053334317675640314 0.0
0.2885510836591443 -0.05414334562059729 0.0
0.2742627381165586 -0.05495651486598078 0.0
0.2602052043827496 -0.05565846157003209 0.0
0.24639286200367977 -0.056133821890992475 0.0
0.23284009052531068 -0.05626723198710319 0.0
0.2195612694936053 -0.0559433280166055 0.0
0.20657077845452543 -0.05504674613774071 0.0
0.19388671486131062 -0.05348325575847725 0.0
0.18155754031592822 -0.05133122153730533 0.0
0.16964654343456523 -0.04875328753262706 0.0
0.15821711321690518 -0.0459126684005873 0.0
0.1473326386626319 -0.04297257879733085 0.0
0.13705650877142872 -0.04009623337900245 0.0
0.12745211254297917 -0.03744684680174694 0.0
0.11858279654503984 -0.035187567863390425 0.0
0.11047374847052101 -0.033422319219727666 0.0
0.1030417487249178 -0.03208676527922138 0.0
0.09618445663015085 -0.031086892740598365 0.0
0.08979953150814138 -0.03032868830258546 0.0
0.08378463268081059 -0.029718138663909516 0.0
0.078037419470079 -0.02916123052329736 0.0
0.0724555511978684 -0.028563950579475837 0.0
0.06693900944819417 -0.027834394678458663 0.0
0.06145222932942448 -0.026939197268041858 0.0
0.056030904992362233 -0.02590971237110276 0.0
0.05071441825400809 -0.02478064325829377 0.0
0.04554215093136245 -0.023586693200267315 0.0
0.04055348484142596 -0.022362565467675746 0.0
0.035787801801198914 -0.02114296333117149 0.0
0.031284483627681964 -0.019962590061406923 0.0
0.027079517062515903 -0.01885093981663069 0.0
0.023184407718150682 -0.017799945010440625 0.0
0.019599923149335938 -0.016785062501805597 0.0
0.016326785085919268 -0.015781678839895286 0.0
0.013365715257748581 -0.014765180573879391 0.0
0.010717435394671246 -0.013710954252927555 0.0
0.008382667226534957 -0.012594386426209483 0.0
0.0063621217660506 -0.011390879134103046 0.0
0.004652031602470601 -0.010082307805620694 0.0
0.003237242367403977 -0.00866700727850764 0.0
0.002100816628857254 -0.007145889740276509 0.0
0.001225816954837069 -0.00551986737843998 0.0
0.0005953059133497254 -0.0037898523805106692 0.0
0.00019234607240186015 -0.001956756934001244 0.0
0.0 0.0 0.0
100
0.0 0.0 0.0
0.00019841548386911054 0.004114345704579895 0.0
0.000605307347324152 0.006214368377856391 0.0
0.0012395790336121862 0.008246046040810702 0.0
0.002118099423643982 0.010141720697394555 0.0
0.003257737398330641 0.011833734351559646 0.0
0.004675361838582932 0.013254429007257783 0.0
0.006387841625311733 0.014336146668440648 0.0
0.00841027955412938 0.015025635024042383 0.0
0.010746499889438675 0.015361638999924588 0.0
0.013395891115662618 0.01541908549407222 0.0
0.016357831102135918 0.015272987990104984 0.0
0.019631697718193154 0.014998359971642599 0.0
0.023216868833169042 0.014670214922304763 0.0
0.02711272231639828 0.014363566325711195 0.0
0.03131859005604194 0.014153341660492223 0.0
0.03582302926383305 0.014094315028125822 0.0
0.04059003253721337 0.014195313912601485 0.0
0.045580185820441 0.014458793860255215 0.0
0.05075407505777406 0.014887210417423013 0.0
0.056072286193470544 0.015483019130440884 0.0
0.06149540517178889 0.016248675545644853 0.0
0.066984017936987 0.01718663520937093 0.0
0.07250240188545493 0.01829979140946858 0.0
0.07808616661395672 0.019599496182333358 0.0
0.0838354414146775 0.02110475246923913 0.0
0.08985268022604198 0.022834838873753958 0.0
0.09624033698647569 0.024809033999445975 0.0
0.10310086563440357 0.02704661644988323 0.0
0.11053672010825069 0.029566864828633813 0.0
0.11865035434644224 0.032389057739265786 0.0
0.1275250585330721 0.03551946884794753 0.0
0.1371354736422808 0.03889064012143406 0.0
0.14741799661772373 0.04240916030177403 0.0
0.1583089818764376 0.04598158927153467 0.0
0.1697447838354594 0.04951448691328332 0.0
0.1816617569118255 0.052914413109587215 0.0
0.19399625552257338 0.056087927743013785 0.0
0.20668473523139844 0.05894178347335443 0.0
0.2196785913381168 0.061411206870399936 0.0
0.23295981413374295 0.06348973604430326 0.0
0.24651414008183867 0.06517804900240874 0.0
0.2603273056459665 0.0664768237520608 0.0
0.2743850472896884 0.0673867383006038 0.0
0.2886731014765663 0.06790847065538208 0.0
0.3031772046701622 0.06804269882374 0.0
0.31788304540046247 0.06779136541391081 0.0
0.33277552507843416 0.06717717909216038 0.0
0.34783890132806666 0.06623983314510737 0.0
0.3630574128697671 0.06501951958049128 0.0
0.3784152984239431 0.0635564304060516 0.0
0.3938967967110018 0.061890757629527934 0.0
0.40948614645135145 0.06006269325865967 0.0
0.42516758636539914 0.058112429301186375 0.0
0.44092527734882425 0.056079365167229035 0.0
0.4567429878859306 0.05399890379523603 0.0
0.47260436305838593 0.051905191342709725 0.0
0.48849304790282083 0.04983237350847316 0.0
0.5043926874558659 0.047814595991349566 0.0
0.5202869267541509 0.04588600449016206 0.0
0.5361594108343066 0.04408074470373381 0.0
0.5519937857649293 0.042432707900524676 0.0
0.5677738016085657 0.04095014574109998 0.0
0.5834834000456 0.03959406669241344 0.0
0.5991065433927398 0.03832039135593204 0.0
0.6146271939666925 0.03708504033312273 0.0
0.630029314084165 0.03584393422545251 0.0
0.6452968660618658 0.0345529936343883 0.0
0.6604138122165014 0.033168139161397076 0.0
0.6753627029300519 0.03164951209827662 0.0
0.690106197402484 0.030016714360566573 0.0
0.7045922508572637 0.028333302396704466 0.0
0.7187684738072314 0.02666386309710299 0.0
0.7325824767652263 0.02507298335217497 0.0
0.745981870244088 0.02362525005233316 0.0
0.7589142647566564 0.02238525008799034 0.0
0.7713272708157709 0.02141757034955929 0.0
0.7831872133186278 0.020766289491023042 0.0
0.7945444384601534 0.02038341107556249 0.0
0.8054728623789373 0.02019510944493771 0.0
0.8160464024112908 0.020127557628381636 0.0
0.8263389758935242 0.02010692865512719 0.0
0.8364245001619482 0.02005939555440731 0.0
0.8463768925528741 0.01991113135545492 0.0
0.8562697068297048 0.01958879852034936 0.0
0.8661500411459903 0.019054673398134665 0.0
0.876021069503382 0.018330161943611978 0.0
0.8858818245808817 0.017442245057598633 0.0
0.895731339057491 0.0164179036409119 0.0
0.9055686456122118 0.015284118594369123 0.0
0.9153927769240446 0.014067870818787586 0.0
0.9252027656719921 0.012796141214984624 0.0
0.9349957381234558 0.011493502582396778 0.0
0.9447455947639865 0.01015518986006014 0.0
0.9544107306239983 0.008756852128457077 0.0
0.9639492578570374 0.007273781149546285 0.0
0.9733192886166508 0.005681268685286474 0.0
0.9824789350563846 0.003954606497636386 0.0
0.9913863093297851 0.0020690863485546477 0.0
1.0 0.0 0.0
