100
1.0 0.0 0.0
0.9913839038564239 0.0009552011186797688 0.0
0.9824760691892148 0.0018608243227873076 0.0
0.9733160340833894 0.002710718479902352 0.0
0.9639456520214315 0.003498732457604639 0.0
0.9544067764858273 0.004218715123473906 0.0
0.9447412609590616 0.0048645153450898836 0.0
0.9349909589236195 0.005429981990032314 0.0
0.9251974408553341 0.005908652798516121 0.0
0.915386764660999 0.0062770115486568126 0.0
0.9055617518095636 0.006485996712094263 0.0
0.8957233164837168 0.006484449958351304 0.0
0.8858723728661481 0.006221212956950778 0.0
0.8760098351395456 0.005645127377415515 0.0
0.8661366174865991 0.004705034889268359 0.0
0.8562536340899972 0.003349777162032145 0.0
0.8463576648094333 0.0015362230129122609 0.0
0.8364016395932181 -0.0006936203240388159 0.0
0.8263120774950261 -0.003246466565718334 0.0
0.8160151346101359 -0.006028324713726284 0.0
0.8054369670338248 -0.008945203769662688 0.0
0.7945037308613716 -0.011903112735127536 0.0
0.7831415821880531 -0.014808060611720844 0.0
0.7712766783067182 -0.017566057334791427 0.0
0.7588587434842646 -0.020101488082674084 0.0
0.7459215126993469 -0.02240424144702282 0.0
0.7325174329571215 -0.024478795844770182 0.0
0.7186989512627451 -0.02632962969284865 0.0
0.7045185146213747 -0.02796122140819075 0.0
0.6900285700381674 -0.029378049407729034 0.0
0.6752815645182795 -0.03058459210839598 0.0
0.6603295977302768 -0.03158634716013761 0.0
0.6452099533530855 -0.032432288616322184 0.0
0.6299398723549677 -0.033230204352126876 0.0
0.6145351730135072 -0.03409205702115199 0.0
0.5990116736062874 -0.03512980927699785 0.0
0.5833851924108923 -0.03645542377326478 0.0
0.5676715477049058 -0.0381808631635531 0.0
0.5518865577659116 -0.04041809010146309 0.0
0.5360461033021228 -0.043255625836733126 0.0
0.5201666447191386 -0.046564327299147355 0.0
0.5042649570332466 -0.05009692164381582 0.0
0.4883578183827209 -0.0536049637847749 0.0
0.47246200690583506 -0.056840008636060944 0.0
0.4565943007408635 -0.059553611111710335 0.0
0.44077147802608024 -0.061497326125759394 0.0
0.4250103167905196 -0.06242274988419874 0.0
0.40932729574649956 -0.06219461854765101 0.0
0.39373794180102945 -0.06103744507407791 0.0
0.3782575930949546 -0.05924709491837698 0.0
0.36290158776912174 -0.057119433535445734 0.0
0.34768526396437677 -0.054950326380181685 0.0
0.33262395982156556 -0.05303563890748237 0.0
0.3177330134815348 -0.051671236572245344 0.0
0.30302775503472507 -0.05114573568128091 0.0
0.2885232404041734 -0.05150087302701652 0.0
0.2742341903051759 -0.0524765408968912 0.0
0.2601753050397175 -0.053794250004494164 0.0
0.24636128490978318 -0.05517551106341451 0.0
0.23280683021735715 -0.05634183478724143 0.0
0.21952664126442464 -0.05701473188956407 0.0
0.20653541835297004 -0.05691571308397158 0.0
0.19385153556528287 -0.05580795833618316 0.0
0.1815233707473969 -0.053794960394063965 0.0
0.16961395278119965 -0.05114638898297367 0.0
0.15818640974064704 -0.048133038898079517 0.0
0.1473038696996949 -0.045025704934548764 0.0
0.13702946073229894 -0.042095181887548565 0.0
0.12742631091241483 -0.03961226455224619 0.0
0.11855750600100046 -0.0378476297511141 0.0
0.11044807983673255 -0.036965861899203346 0.0
0.10301496281728909 -0.03683014265400384 0.0
0.0961560178497836 -0.037250491681279564 0.0
0.0897691078413295 -0.038036928646794484 0.0
0.08375209569904048 -0.03899947321631261 0.0
0.07800284433002969 -0.039948145055597926 0.0
0.07241921664141125 -0.04069296383041441 0.0
0.06690139413559057 -0.04104763623996095 0.0
0.061413910068574766 -0.04092820123085399 0.0
0.05599244422228709 -0.0403638350534437 0.0
0.050676358222101064 -0.039389568830618074 0.0
0.04550501369339025 -0.038040433685265135 0.0
0.0405177722615282 -0.03635146074027283 0.0
0.035753995551888795 -0.0343576811185292 0.0
0.03125304518984513 -0.03209412594292219 0.0
0.02705087811375792 -0.02959864026767931 0.0
0.02315890082531174 -0.02692935977664897 0.0
0.0195777513684322 -0.024153320149669675 0.0
0.016308021832409852 -0.02133759504751266 0.0
0.01335030430653558 -0.01854925813094919 0.0
0.010705190880099824 -0.01585538306075041 0.0
0.00837327364239291 -0.013323043497687603 0.0
0.0063551340998501595 -0.011019237246369216 0.0
0.004646931448113652 -0.008979263717411153 0.0
0.0032335805987283714 -0.0071578251485494146 0.0
0.0020982357406350606 -0.005497003208449 0.0
0.0012240510627748 -0.003938879565774977 0.0
0.000594180754088224 -0.0024255358891923486 0.0
0.00019177900351630156 -0.0008990538473661644 0.0
0.0 0.0 0.0
100
0.0 0.0 0.0
0.00019985236174417748 0.0042565384869855645 0.0
0.000607558823445901 0.006117609340102197 0.0
0.0012426175517291028 0.007917555566524839 0.0
0.0021218278410395446 0.009568753638143516 0.0
0.0032619889858233222 0.010983580026848207 0.0
0.0046799002805260875 0.012074411204528996 0.0
0.006392361019593822 0.012753623643075864 0.0
0.008414432239179235 0.012960559941530675 0.0
0.010750074152377097 0.012806773127778736 0.0
0.013398881083871762 0.012471545578366999 0.0
0.016360436910514843 0.012134321750245975 0.0
0.01963432550915739 0.011974546100366234 0.0
0.02322013075665068 0.012171663085678306 0.0
0.02711743652984599 0.012905117163132751 0.0
0.03132578014700545 0.01435392912793388 0.0
0.03583378894535647 0.01659784396562579 0.0
0.04060521717402547 0.019490272999763938 0.0
0.04560036964940056 0.022853239302452377 0.0
0.05077955118786878 0.026508765945795102 0.0
0.05610306660581768 0.030278876001896105 0.0
0.061531220719635085 0.03398559254285956 0.0
0.06702431834570845 0.03745093864078944 0.0
0.07254636495266656 0.04050309366276177 0.0
0.07813287598889083 0.04308919885070498 0.0
0.0838840473989333 0.04526399599569358 0.0
0.08990240556724102 0.04708610373928005 0.0
0.09629047687826145 0.04861414072301695 0.0
0.10315078771644173 0.04990672558845675 0.0
0.11058586446622934 0.05102247697715196 0.0
0.11869823351207119 0.05202001353065506 0.0
0.1275712663811328 0.05295532408323275 0.0
0.13717973583258553 0.053869487734921326 0.0
0.14746018835045804 0.05479833542674442 0.0
0.1583491279119039 0.05577769226387488 0.0
0.16978305849407657 0.05684338335148552 0.0
0.18169848407412956 0.058031233794749185 0.0
0.1940319086292168 0.059377068698838756 0.0
0.20671993659180463 0.060916394798711804 0.0
0.21971401001613655 0.06263769436938318 0.0
0.23299595682833568 0.06443314859149668 0.0
0.24655132552167025 0.06618314715624198 0.0
0.26036566458940946 0.06776807975480882 0.0
0.27442452252482147 0.06906833607838694 0.0
0.2887134478211751 0.06996430581816604 0.0
0.3032179889717385 0.07033637866533579 0.0
0.31792365927453203 0.07007388623923133 0.0
0.33281539408509964 0.0692129958924442 0.0
0.3478776560581219 0.06790997235857325 0.0
0.3630948939683157 0.06632460680273163 0.0
0.37845155659039886 0.06461669039003251 0.0
0.3939320926990886 0.06294601428558923 0.0
0.40952095106910263 0.06147236965451485 0.0
0.4252025804751584 0.06035554766192265 0.0
0.44096129778484955 0.059720296776298344 0.0
0.45678075475768604 0.059514671591292326 0.0
0.47264439399489117 0.05963116131354144 0.0
0.48853565802135346 0.05996223487034424 0.0
0.5044379893619614 0.0604003611889993 0.0
0.5203348305416028 0.06083800919680513 0.0
0.5362096240851665 0.061167647821060316 0.0
0.5520458145190368 0.06128220269279869 0.0
0.5678270480656112 0.0611206226634972 0.0
0.5835373425896193 0.06070665834614856 0.0
0.5991607559798904 0.060073193096954525 0.0
0.6146813461252519 0.05925311027211679 0.0
0.6300831709145323 0.058279293227837134 0.0
0.6453502882365608 0.05718462532031725 0.0
0.660466755980165 0.05600198990575886 0.0
0.6754152124379811 0.05476207167974583 0.0
0.6901582967867576 0.0534645808475557 0.0
0.7046438644397701 0.05208633062537507 0.0
0.718819424229195 0.050603597447013024 0.0
0.7326324849872073 0.04899265774627878 0.0
0.7460305555459821 0.04722978795698145 0.0
0.7589611447376946 0.045291264512930196 0.0
0.7713717613945202 0.043153363847934216 0.0
0.7832286677805005 0.04080421375803204 0.0
0.7945823227676078 0.0382851506736142 0.0
0.8055068043500977 0.03565243729433935 0.0
0.816076191722447 0.032962337078353214 0.0
0.8263645640791318 0.030271113483801574 0.0
0.836446000614628 0.027635029968830233 0.0
0.8463945805234124 0.025110349991584832 0.0
0.8562840183954054 0.022752990499833838 0.0
0.8661614981421504 0.02059365439716786 0.0
0.8760301548872995 0.018621181802212394 0.0
0.8858889706807372 0.01682046586382585 0.0
0.8957369275723484 0.01517639973086649 0.0
0.9055730076120174 0.013673876552192718 0.0
0.9153961928496279 0.012297789476662876 0.0
0.9252054653350653 0.01103303165313533 0.0
0.9349979000792703 0.009862557363892447 0.0
0.9447473386684111 0.008745699710897621 0.0
0.9544121121311313 0.007626022374272146 0.0
0.9639502685261194 0.006446801341539306 0.0
0.9733198559120646 0.005151312600222384 0.0
0.9824789223476555 0.003682832137844698 0.0
0.9913855158915813 0.0019846359419294656 0.0
1.0 0.0 0.0
