100
1.0 0.0 0.0
0.9913772463317312 -0.00014355379144825582 0.0
0.9824684933868157 -0.0003354229832867611 0.0
0.9733077060754962 -0.000558424326881751 0.0
0.9639367042050673 -0.0007953745735994603 0.0
0.9543973075828264 -0.0010290904748061242 0.0
0.9447313360160688 -0.0012423887818679771 0.0
0.9349806093120911 -0.0014180862461512548 0.0
0.9251866664176965 -0.00153965886059761 0.0
0.9153756513490512 -0.001626717918714047 0.0
0.9055506478962582 -0.0017530021550180809 0.0
0.8957128470269217 -0.001996693176263209 0.0
0.8858634397086464 -0.002435972589202927 0.0
0.8760036169090363 -0.003149022000590734 0.0
0.8661345695956961 -0.004214023017180123 0.0
0.8562574887362302 -0.005709157245724592 0.0
0.8463693899284362 -0.007701283168682142 0.0
0.8364230035035266 -0.010137162701908823 0.0
0.8263443866827164 -0.012891223344464891 0.0
0.8160592301252626 -0.015836898521398347 0.0
0.8054932244904223 -0.018847621657757236 0.0
0.7945720604374527 -0.021796826178589555 0.0
0.7832214286256103 -0.024557945508943333 0.0
0.7713670209177442 -0.027004414887243977 0.0
0.7589582146510886 -0.02904535500545918 0.0
0.7460288203004182 -0.030717096792430794 0.0
0.7326314544555179 -0.03208430519862768 0.0
0.7188187337061723 -0.033211645174518675 0.0
0.7046432746421666 -0.034163781670572664 0.0
0.690157693853286 -0.03500537963725854 0.0
0.6754146079293146 -0.03580110402504513 0.0
0.660466286399995 -0.036615094993498166 0.0
0.6453501946018837 -0.03748910722141807 0.0
0.6300837711188287 -0.03843461285332921 0.0
0.6146830329767421 -0.03946093449021663 0.0
0.5991639972015365 -0.04057739473306534 0.0
0.5835426808191244 -0.04179331618286038 0.0
0.567835100855418 -0.043118021440586775 0.0
0.55205727433633 -0.04456083310722954 0.0
0.536225232522817 -0.04612650726710832 0.0
0.5203551388548309 -0.0477773977768272 0.0
0.504463228507898 -0.049452846151754035 0.0
0.48856573736940057 -0.05109196554813494 0.0
0.4726789013267207 -0.052633869122216036 0.0
0.4568189562672406 -0.05401767003024348 0.0
0.4410021380783426 -0.05518248142846333 0.0
0.42524468262508236 -0.05606742531881143 0.0
0.4095627645983946 -0.05663586089297695 0.0
0.39397236415997416 -0.05692821983692695 0.0
0.3784894228916318 -0.05700021918841448 0.0
0.3631298823751787 -0.056907575985192665 0.0
0.3479096841924259 -0.05670600726501459 0.0
0.3328447699251839 -0.05645123006563335 0.0
0.3179510811552644 -0.05619896142480202 0.0
0.30324453780512445 -0.05600402109323585 0.0
0.28874032215873563 -0.05589067050148515 0.0
0.27445271463454096 -0.055845809288270244 0.0
0.2603959407296329 -0.05585406185282785 0.0
0.24658422594110416 -0.05590005259439459 0.0
0.23303179576604663 -0.0559684059122071 0.0
0.21975287570155336 -0.05604374620550206 0.0
0.2067616912447163 -0.05611069787351613 0.0
0.19407619902287032 -0.05615074714455929 0.0
0.18174482780403428 -0.056119750804983236 0.0
0.16983088610363134 -0.055961050615484086 0.0
0.15839778317760192 -0.055617903606142965 0.0
0.1475089282818859 -0.05503356680704094 0.0
0.13722773067242308 -0.05415129724825909 0.0
0.12761759960515362 -0.05291435195987853 0.0
0.11874190195955334 -0.05126603614687158 0.0
0.1106258956178923 -0.049192978515507926 0.0
0.10318657287468748 -0.046804887482241736 0.0
0.0963218299341377 -0.04423318049693938 0.0
0.08992956300044208 -0.04160927500946735 0.0
0.08390766827779979 -0.039064588469692046 0.0
0.07815404197040965 -0.03673053832747992 0.0
0.07256658028247112 -0.03473854203269744 0.0
0.06704549357395598 -0.033215958919324114 0.0
0.061555220741225596 -0.032177516817905184 0.0
0.05613121097908705 -0.03151341952149408 0.0
0.05081258827600606 -0.031107426685416505 0.0
0.04563847662044823 -0.03084329796499818 0.0
0.04064800000087897 -0.030604793015564763 0.0
0.035880282405764095 -0.030275671492441966 0.0
0.031374447823568886 -0.029739693050955477 0.0
0.027166254942507333 -0.02889451993391196 0.0
0.023267196023244882 -0.027738062833463972 0.0
0.019678119442452124 -0.026312204009619068 0.0
0.016399828153785722 -0.024659013372037658 0.0
0.01343312511090267 -0.0228205608303802 0.0
0.010778813267459294 -0.020838916294307064 0.0
0.008437695577112376 -0.01875614967347872 0.0
0.006410564282932001 -0.01661432731369785 0.0
0.004693735941594837 -0.014454026313735789 0.0
0.0032721471114688645 -0.012312037173570186 0.0
0.002128952377069628 -0.01022455745635579 0.0
0.0012473063229127823 -0.008227784725247418 0.0
0.0006103635335135397 -0.006357916543399808 0.0
0.00020127859338744323 -0.00465115047396777 0.0
0.0 0.0 0.0
100
0.0 0.0 0.0
0.00019160054035197266 -0.000803979119734429 0.0
0.0005940341388365629 0.00013326295344639168 0.0
0.00122402662716751 0.001026243773897565 0.0
0.002098303837058555 0.0019586972486482414 0.0
0.0032335916002237705 0.003014357284727544 0.0
0.0046466157483767865 0.004276957789164669 0.0
0.006354102113231342 0.005830232668988744 0.0
0.008371051986096058 0.007735678110636019 0.0
0.010701453440062706 0.009912776307274806 0.0
0.013344963114282203 0.012225156183897513 0.0
0.016301227282523697 0.01453631300526774 0.0
0.01956989221855633 0.01670974203614895 0.0
0.023150604196149255 0.018608938541304628 0.0
0.027043009489071606 0.020097397785498294 0.0
0.031246707648089973 0.021038944148704088 0.0
0.03575034971631793 0.02137452291997938 0.0
0.04051762581396957 0.021220903265602015 0.0
0.04550876444747458 0.020719237839577086 0.0
0.05068399412326179 0.020010679295909686 0.0
0.05600354334776068 0.019236380288604978 0.0
0.061427640627400706 0.018537493471668 0.0
0.06691651446861092 0.0180551714991039 0.0
0.07243409679612378 0.017925632436739055 0.0
0.07801588296473413 0.01818974026745937 0.0
0.0837620971710036 0.018802111580181493 0.0
0.089775295793282 0.01971425546805938 0.0
0.09615803520991939 0.020877681024247013 0.0
0.10301287179926553 0.022243897341898335 0.0
0.1104423619396704 0.023764413514167318 0.0
0.11854906200948376 0.025390738634207898 0.0
0.12741635722825093 0.027082513612184375 0.0
0.1370189416257822 0.02884548282412711 0.0
0.14729325042471048 0.03070161885752594 0.0
0.15817567630461782 0.03267291234532639 0.0
0.1696026119450867 0.034781353920474004 0.0
0.18151045002569968 0.03704893421591429 0.0
0.1938355832260394 0.03949764386459287 0.0
0.2065145058529616 0.04214920573097723 0.0
0.21949872293797273 0.044985792283598426 0.0
0.2327704798807404 0.04790858098506644 0.0
0.24631578605401375 0.05080883194695394 0.0
0.2601206508305427 0.05357780528083377 0.0
0.2741710835830762 0.05610676109827861 0.0
0.2884530936843639 0.05828695951086123 0.0
0.3029526905071548 0.06000966063015431 0.0
0.31765581581297886 0.06117344422071638 0.0
0.3325473011170248 0.06179708633988355 0.0
0.3476110698607112 0.06199767194875246 0.0
0.3628310188215945 0.06189517266267872 0.0
0.378191044777232 0.06160956009701801 0.0
0.3936750445051799 0.06126080586712593 0.0
0.40926691478299587 0.06096888158835812 0.0
0.4249505523882361 0.06085375887607021 0.0
0.4407098551880535 0.06100435478034939 0.0
0.45652872654360854 0.06135300161332915 0.0
0.4723910715437772 0.061782790073233444 0.0
0.4882807952780662 0.06217679288689434 0.0
0.5041818028359822 0.06241808278114393 0.0
0.5200779993070316 0.06238973248281424 0.0
0.535953289780721 0.06197481471873734 0.0
0.5517915786894556 0.0610571747558149 0.0
0.5675767042478689 0.05959850872831284 0.0
0.5832923826586234 0.0577039597223722 0.0
0.5989223169842789 0.05549411937322278 0.0
0.6144502102873936 0.053089579316094274 0.0
0.6298597656305261 0.05061093118621654 0.0
0.6451346860762368 0.048178766618819216 0.0
0.6602586746870833 0.04591367724913212 0.0
0.6752140329801021 0.043930449021726214 0.0
0.6899633176522922 0.0422620779461688 0.0
0.7044544896179772 0.040881099206650846 0.0
0.7186351676172816 0.03975863058241723 0.0
0.7324529703903296 0.038865789852712974 0.0
0.745855516677245 0.038173694796783 0.0
0.7587904252181521 0.03765346319387227 0.0
0.7712053147531747 0.03727621282322575 0.0
0.7830665483521567 0.037009288022606744 0.0
0.7944246448272925 0.03680309164540242 0.0
0.8053537306493057 0.03660327406148526 0.0
0.8159279334885595 0.03635548539922748 0.0
0.8262213810154156 0.0360053757870013 0.0
0.8363082009002358 0.03549859535317895 0.0
0.8462625208133833 0.034780794226132644 0.0
0.8561581034109931 0.03379800136161392 0.0
0.8660421508608782 0.032523811326397895 0.0
0.8759177670496164 0.03097758577002415 0.0
0.8857838981236118 0.02918300142264991 0.0
0.895639490229269 0.02716373501443229 0.0
0.9054834895129925 0.024943463275528516 0.0
0.9153148421211854 0.022545862936095756 0.0
0.9251324942002537 0.019994610726291225 0.0
0.9349334830268148 0.017315319541319162 0.0
0.9446915901475917 0.014557190544018312 0.0
0.9543650716609561 0.01178517234667061 0.0
0.9639119004236607 0.009064500853298074 0.0
0.9732900492924589 0.006460411967922725 0.0
0.9824574911241035 0.004038141594566629 0.0
0.9913721987753479 0.001862925637251696 0.0
1.0 0.0 0.0
