100
1.0 0.0 0.0
0.9913814327987798 0.00040665037052809485 0.0
0.9824715723295218 0.0007824735382001629 0.0
0.9733096254001374 0.0011418102504644632 0.0
0.9639374319065843 0.0014990012547692545 0.0
0.9543968317448214 0.001868387298562796 0.0
0.9447296648108067 0.002264309129293344 0.0
0.934977771000498 0.0027011074944091598 0.0
0.9251827090572651 0.0031922788113780015 0.0
0.9153706267830454 0.0037050388643469017 0.0
0.9055445877709767 0.004137279197431566 0.0
0.8957057608231552 0.0043812011034524995 0.0
0.8858553147416778 0.004329005875230213 0.0
0.8759944183286389 0.0038728948055852096 0.0
0.866124240386136 0.002905069187338002 0.0
0.8562459497162646 0.0013177303133090979 0.0
0.8463565380654658 -0.0009782880339425939 0.0
0.8364086940329638 -0.0038745301093651993 0.0
0.8263284223384432 -0.007143512040730238 0.0
0.8160413609916276 -0.01055611418167578 0.0
0.8054731480022403 -0.01388321688583994 0.0
0.7945494213800054 -0.016895700506860793 0.0
0.7831958191346453 -0.019364445398376444 0.0
0.7713379804825675 -0.021060336640294306 0.0
0.7589252909519978 -0.02184726756661095 0.0
0.7459917860798246 -0.02192068403089241 0.0
0.7325903558224801 -0.021549879844941573 0.0
0.7187738901363955 -0.021004148820561317 0.0
0.7045952789780031 -0.02055278476955453 0.0
0.6901074123037346 -0.020465081503724107 0.0
0.6753631800700213 -0.021010332834872913 0.0
0.6604151194266349 -0.02245346761472912 0.0
0.6453007182024298 -0.024873222958072937 0.0
0.6300371058707162 -0.028096460323532087 0.0
0.6146399668087218 -0.03193216229326813 0.0
0.5991249853936743 -0.0361893114494427 0.0
0.5835078460028019 -0.04067689037421732 0.0
0.5678042330133322 -0.04520388164975361 0.0
0.552029830802493 -0.049579267858213136 0.0
0.5362003672593318 -0.05362302037899232 0.0
0.5203319743003465 -0.05725714667649841 0.0
0.5044410031139469 -0.06045903076805033 0.0
0.48854380706445166 -0.0632066061909338 0.0
0.47265673951617826 -0.06547780648243447 0.0
0.45679615383344546 -0.06725056517983807 0.0
0.44097840338057154 -0.06850281582043025 0.0
0.4252198414914482 -0.06921250068414851 0.0
0.4095367381328804 -0.069381516916967 0.0
0.3939450981704196 -0.06908793639032601 0.0
0.3784608738935845 -0.06842493827804207 0.0
0.36310001759189503 -0.06748570175393181 0.0
0.3478784815548702 -0.06636340599181188 0.0
0.3328122180720291 -0.06515123016549886 0.0
0.3179171794328915 -0.06394235344880933 0.0
0.30320929652721434 -0.06282872103476313 0.0
0.28870377144699916 -0.06186025323618591 0.0
0.2744149152277406 -0.06103548911140299 0.0
0.26035698464182494 -0.06034983872911606 0.0
0.24654423646163878 -0.059798712158026755 0.0
0.23299092745956795 -0.05937751946683664 0.0
0.21971131440799926 -0.0590816707242474 0.0
0.20671965407931864 -0.05890657599896065 0.0
0.1940339333924099 -0.05884215677520199 0.0
0.1817026033725987 -0.05883350926778113 0.0
0.16978899086944063 -0.05880384121661732 0.0
0.15835652344644774 -0.05867621216984902 0.0
0.14746862866713145 -0.05837368167561459 0.0
0.13718873409500318 -0.05781930928205245 0.0
0.1275802672935747 -0.05693615453730104 0.0
0.11870661341094568 -0.055647327841343866 0.0
0.11059301357241762 -0.05392167047016348 0.0
0.10315634380973655 -0.05185794263048194 0.0
0.096294366513308 -0.04957781987716501 0.0
0.08990484407353772 -0.04720297776507852 0.0
0.08388553888083121 -0.04485509184908829 0.0
0.07813421332559403 -0.04265583768406013 0.0
0.07254862979823201 -0.04072689082485989 0.0
0.06702886894729514 -0.03918615212039508 0.0
0.06153935381752355 -0.038046756853740864 0.0
0.05611564363413162 -0.037206012756623365 0.0
0.050796978930406446 -0.036555233467510946 0.0
0.04562260023963478 -0.03598573262487197 0.0
0.04063174809510346 -0.035388823867174735 0.0
0.03586366303009927 -0.034655820832887624 0.0
0.03135758557790915 -0.033678037160478964 0.0
0.02714937943957019 -0.032361270978174796 0.0
0.023250558733916103 -0.030715764830736014 0.0
0.019661957221997702 -0.02879757329072744 0.0
0.016384363086199633 -0.026662946434570935 0.0
0.013418564508906654 -0.02436813433868839 0.0
0.010765349672503075 -0.021969387079501607 0.0
0.00842550675937354 -0.019522954733432497 0.0
0.006399813208737147 -0.017085061726060842 0.0
0.004684557159489229 -0.0147012136373559 0.0
0.0032646121370787347 -0.012389662027636906 0.0
0.002123064272778627 -0.010164390798381356 0.0
0.001242999697862091 -0.008039383851066829 0.0
0.0006075045436019792 -0.006028625087170826 0.0
0.00019966494127125512 -0.00414609840817091 0.0
0.0 0.0 0.0
100
0.0 0.0 0.0
0.00019192398635665197 0.0006357022349020215 0.0
0.0005944699904577751 0.0020231766988778417 0.0
0.0012244721040584874 0.0034056201493482155 0.0
0.0020987644189139065 0.004846296916346942 0.0
0.0032341810267792603 0.006408471329907779 0.0
0.004647556019409444 0.008155407720064591 0.0
0.006355723488559575 0.010150370416851143 0.0
0.008373757001185072 0.012444293456796046 0.0
0.01070548710335575 0.015009367454343708 0.0
0.013350322527162459 0.017786813699229364 0.0
0.01630766142302949 0.02071777936973233 0.0
0.019576901941381022 0.023743411644131802 0.0
0.023157442232641455 0.02680485770070695 0.0
0.027048680447234973 0.029843264717737013 0.0
0.031249968827467514 0.032799787881035415 0.0
0.035749902058097305 0.035617458765909354 0.0
0.040512549238021 0.03824358682872118 0.0
0.045498578225465665 0.04062607478803326 0.0
0.05066865687865825 0.042712825362407954 0.0
0.055983453055825784 0.044451741270407644 0.0
0.06140363461519568 0.04579072523059477 0.0
0.06688986941499465 0.04667767996153168 0.0
0.07240650736209585 0.047066044802368444 0.0
0.07798904885440595 0.047016246617780366 0.0
0.0837373496298661 0.046685482069594775 0.0
0.08975358415092931 0.046234434437851746 0.0
0.09613992688004837 0.04582378700259122 0.0
0.10299855227967626 0.04561422304385322 0.0
0.11043163481226584 0.045766425841677776 0.0
0.11854134894026976 0.04644107867610487 0.0
0.1274107806903448 0.04776037932158878 0.0
0.13701479389882476 0.04962833136660465 0.0
0.14729015868053724 0.05187213503305186 0.0
0.15817360279083142 0.054318905138979086 0.0
0.16960185398505687 0.05679575650243511 0.0
0.18151164001856315 0.05912980394146858 0.0
0.19383968864669987 0.06114816227412832 0.0
0.20652282768962704 0.06267849550514289 0.0
0.21951266491056853 0.06362958454587864 0.0
0.23279107582475803 0.06407632910823151 0.0
0.24634364205150686 0.06411396915149895 0.0
0.2601559452101274 0.06383774463497849 0.0
0.27421356691993076 0.0633428955179676 0.0
0.2885020888002289 0.06272466175976386 0.0
0.3030070924703333 0.06207828331966473 0.0
0.31771411770565905 0.06149445745818309 0.0
0.3326080171614487 0.06098928561083999 0.0
0.3476730814953196 0.06051785706701991 0.0
0.36289358486289625 0.060033469610305 0.0
0.3782538014198036 0.05948942102427746 0.0
0.3937380053216659 0.058839009092519504 0.0
0.40933047072410844 0.05803553159861326 0.0
0.42501547178275567 0.05703228632614094 0.0
0.44077716948486245 0.05580489330906191 0.0
0.45659915419499497 0.054441526844955984 0.0
0.47246483683250345 0.053065756466376075 0.0
0.4883576282512473 0.05180116462384395 0.0
0.5042609393050855 0.050771333767881524 0.0
0.5201581808478776 0.05009984634901061 0.0
0.5360327637334825 0.04991028481775307 0.0
0.5518681020108017 0.050325052557447285 0.0
0.5676479317014486 0.05134773529197039 0.0
0.5833565820895835 0.052762986938069883 0.0
0.5989784463509011 0.05433188350633838 0.0
0.6144979176610945 0.05581550100736845 0.0
0.6298993891958574 0.056974915451752664 0.0
0.6451672541308846 0.05757120285008371 0.0
0.6602859056418691 0.057365439212954075 0.0
0.6752382900232474 0.056137682179468 0.0
0.689986970064552 0.05393540049508503 0.0
0.7044794406434679 0.05100373877093612 0.0
0.7186628433951877 0.04759247580480031 0.0
0.7324843199549019 0.04395139039445692 0.0
0.7458910119578026 0.040330261337685115 0.0
0.7588300610390807 0.03697886743226411 0.0
0.7712486088339275 0.034146987475973146 0.0
0.7831126320982466 0.032022473726595335 0.0
0.7944726709513393 0.030515149084648693 0.0
0.8054029875182974 0.029456842698294045 0.0
0.8159778451296612 0.02867937975239361 0.0
0.8262715071159711 0.0280145854318096 0.0
0.8363582368077666 0.027294284921404247 0.0
0.8463122975355886 0.026350303406039742 0.0
0.8562075863012671 0.025015866335033665 0.0
0.8660913439691149 0.023226090275963365 0.0
0.8759665543162023 0.02108526124591965 0.0
0.8858320284066402 0.018713615149305297 0.0
0.8956865773045404 0.016231387890522884 0.0
0.9055290120740142 0.013758815373975176 0.0
0.9153581437791719 0.011416133504064849 0.0
0.9251727834841259 0.009323578185194623 0.0
0.9349698544142003 0.007591400470615681 0.0
0.94472328028515 0.006208206132554146 0.0
0.9543916304162197 0.005081390956025892 0.0
0.9639331940056547 0.004116869155419952 0.0
0.9733062602517003 0.003220554945125358 0.0
0.9824691183526015 0.0022983625395311628 0.0
0.991380057506604 0.0012562061530263598 0.0
1.0 0.0 0.0
