100
1.0 0.0 0.0
0.9913825359151904 -0.0004855355999376867 0.0
0.9824723329007228 -0.0012015267883401588 0.0
0.9733097363056401 -0.0021294421078905295 0.0
0.963936633771842 -0.0032507501012719125 0.0
0.9543949129412292 -0.004546919311167422 0.0
0.9447264614557015 -0.005999418280260168 0.0
0.934973166957159 -0.007589715551233266 0.0
0.925176635125377 -0.00929885825724246 0.0
0.9153630163252185 -0.011084794624304574 0.0
0.9055353102452531 -0.01287087278617188 0.0
0.8956946163272441 -0.01457760084229215 0.0
0.8858420340129546 -0.01612548689211315 0.0
0.8759786627441467 -0.01743503903508266 0.0
0.866105601962584 -0.01842676537064843 0.0
0.8562239511100296 -0.019021173998258253 0.0
0.8463306483428772 -0.019149652546187584 0.0
0.8363784959348483 -0.018858980298261593 0.0
0.8262937130239147 -0.01826543717719512 0.0
0.8160021534225845 -0.01748625823580585 0.0
0.805429670943365 -0.01663867852691147 0.0
0.7945021193987645 -0.01583993310332967 0.0
0.7831453526012897 -0.015207257017878124 0.0
0.7712852255644088 -0.014857883866399834 0.0
0.758871226984033 -0.014880375439692678 0.0
0.7459370940675418 -0.015261085296646442 0.0
0.7325353290148541 -0.01596360176652393 0.0
0.7187184340258888 -0.016951513178587906 0.0
0.7045389113005657 -0.018188407862101172 0.0
0.6900492630388038 -0.019637874146326523 0.0
0.6753019914405219 -0.021263500360526735 0.0
0.6603492529803732 -0.023028863202023096 0.0
0.6452284568760439 -0.024897043196039623 0.0
0.6299570626144442 -0.02683044965824721 0.0
0.6145511135917927 -0.0287914442598843 0.0
0.5990266532043081 -0.03074238867218934 0.0
0.5833997248482097 -0.03264564456640077 0.0
0.5676863719197157 -0.03446357361375703 0.0
0.5519026378150454 -0.03615853748549655 0.0
0.5360645818809733 -0.03770028565867898 0.0
0.5201884115725941 -0.0391271668179665 0.0
0.5042904147256659 -0.04051475949321873 0.0
0.4883868799735911 -0.04193901165844119 0.0
0.47249409594977154 -0.04347587128763942 0.0
0.4566283512876098 -0.04520128635481897 0.0
0.44080593462050793 -0.04719120483398534 0.0
0.42504313456698234 -0.04952155225093507 0.0
0.4093561989590956 -0.0522067460388269 0.0
0.39376124593096307 -0.055065612385873194 0.0
0.37827436789443936 -0.057878186975148294 0.0
0.3629116572613798 -0.06042450548972652 0.0
0.3476892064436393 -0.062484603612682245 0.0
0.3326231078530727 -0.06383851702708979 0.0
0.31772945390153534 -0.0642662814160235 0.0
0.3030243088813635 -0.06355452280446364 0.0
0.28852277943677407 -0.06171431019879751 0.0
0.2742388013541121 -0.059031125331758826 0.0
0.26018623911741323 -0.05580716098336348 0.0
0.24637895721071298 -0.052344609933627315 0.0
0.232830820118046 -0.04894566496256609 0.0
0.21955569232344832 -0.045912518850195705 0.0
0.20656743831095484 -0.04354736437653195 0.0
0.19388371108276148 -0.042114983628994025 0.0
0.1815531044688783 -0.04157462556856401 0.0
0.16963932090973805 -0.041736345314148486 0.0
0.15820616513576444 -0.04240918789595394 0.0
0.14731744187738105 -0.04340219834418677 0.0
0.13703695586501094 -0.0445244216890535 0.0
0.12742851182907758 -0.04558490296076055 0.0
0.11855587193884283 -0.04639273512800233 0.0
0.11044452326849993 -0.046800122064113825 0.0
0.10301121542949743 -0.04678174337707916 0.0
0.0961535187127576 -0.04633388117794091 0.0
0.08976900340920273 -0.04545281757774166 0.0
0.08375523980975506 -0.04413483468752396 0.0
0.07800979820533675 -0.042376214618330396 0.0
0.07243024888687057 -0.04017323948120357 0.0
0.06691648358761712 -0.03752440454281034 0.0
0.06143282481316306 -0.03448963038448391 0.0
0.05601482895716262 -0.03119674867773377 0.0
0.0507017387777256 -0.02777710550323225 0.0
0.045532797032961245 -0.024362046941651703 0.0
0.0405472464809792 -0.021082919073664327 0.0
0.035784329879888964 -0.01807106797994249 0.0
0.031283289987799875 -0.01545783974115843 0.0
0.02707999489083567 -0.01335521940736992 0.0
0.02318597867009316 -0.011735583966502216 0.0
0.019602101881441087 -0.010510074692439838 0.0
0.016329179531239423 -0.009589571534283116 0.0
0.013368026625848354 -0.008884954441132374 0.0
0.01071945817162776 -0.008307103362087913 0.0
0.008384289174937828 -0.007766898246250065 0.0
0.006363323869624005 -0.0071752726196955335 0.0
0.004652864925014526 -0.006465548487515561 0.0
0.0032377692137277206 -0.005627973392229873 0.0
0.002101101331274001 -0.004661708745807265 0.0
0.0012259258731640026 -0.0035659159602165666 0.0
0.0005953074349081362 -0.0023397564474265647 0.0
0.00019231061201659065 -0.0009823916194060822 0.0
0.0 0.0 0.0
100
0.0 0.0 0.0
0.00019873196275772248 0.003872161801786889 0.0
0.0006059618108065888 0.005714972075219158 0.0
0.0012407414612146247 0.0076346968948680285 0.0
0.00211997759326958 0.009608781365096762 0.0
0.0032605768862589836 0.011614670590268567 0.0
0.00467944601947014 0.013629809674746802 0.0
0.006393491672190579 0.015631643722894672 0.0
0.008417839636760288 0.01759731495262396 0.0
0.010756242648376038 0.01950203129571752 0.0
0.01340798048576108 0.021320239940601803 0.0
0.016372322223584805 0.023026386255198785 0.0
0.019648536936516477 0.024594915607430358 0.0
0.0232358936992257 0.026000273365218395 0.0
0.027133661586381967 0.027216904896484827 0.0
0.0313410638958751 0.02821934507694148 0.0
0.03584659714450646 0.029003102963704487 0.0
0.04061430242883223 0.029611505539532377 0.0
0.04560482933540028 0.030094511240325774 0.0
0.050778827450758075 0.030502078501985278 0.0
0.05609694636145304 0.030884165760411527 0.0
0.06151983565403329 0.03129073145150514 0.0
0.06700814491504604 0.03177173401116675 0.0
0.07252621214928257 0.03237517013406384 0.0
0.07810964893621788 0.03311112858223088 0.0
0.08385853352404121 0.03395541054133914 0.0
0.08987526689662809 0.034882581814825654 0.0
0.09626225003785413 0.035867208206127474 0.0
0.10312188393159509 0.03688385551868159 0.0
0.11055656956172673 0.037907089555925054 0.0
0.11866870791212432 0.03891147612129485 0.0
0.12754155416704885 0.03987532038803987 0.0
0.13714981609535512 0.0407981279460271 0.0
0.14742999326663367 0.04168686683588393 0.0
0.15831854276369972 0.042548513396337855 0.0
0.16975192166936895 0.04339004396611646 0.0
0.18166658706645672 0.04421843488394728 0.0
0.19399899603777865 0.04504066248855787 0.0
0.20668570673230044 0.045863787981768066 0.0
0.21967820514366423 0.04670740715843217 0.0
0.23295854790429876 0.04761678532727442 0.0
0.24651253483737368 0.048640330874510085 0.0
0.2603259657660592 0.049826452186354536 0.0
0.27438464051352507 0.05122355764902304 0.0
0.28867435890294135 0.05288005564873095 0.0
0.3031809207574775 0.05484435457169353 0.0
0.3178900676787964 0.05715804086869961 0.0
0.3327865852110362 0.059750677736235526 0.0
0.34785447693605387 0.06246020421939585 0.0
0.36307772347486905 0.06512186899407436 0.0
0.3784403054485016 0.06757092073616487 0.0
0.3939262034779712 0.06964260812156113 0.0
0.4095193981842982 0.07117217982615702 0.0
0.425203870188502 0.0719948845258463 0.0
0.44096357642157347 0.07198629777218286 0.0
0.4567823543635633 0.07122533311881918 0.0
0.47264400393047146 0.0698548483551187 0.0
0.4885323250245884 0.0680177246077572 0.0
0.5044311175482048 0.06585684300341045 0.0
0.5203241814036105 0.06351508466875423 0.0
0.5361953164930966 0.06113533073046434 0.0
0.5520283232922093 0.05885992323390225 0.0
0.5678070600450783 0.05677687960160136 0.0
0.5835154914394336 0.054874119443183614 0.0
0.5991375936264731 0.05312878231364985 0.0
0.6146573427573936 0.051518007768000876 0.0
0.630058714983392 0.050018935361237575 0.0
0.6453256864556665 0.04860870464836071 0.0
0.6604422333254132 0.04726445518437113 0.0
0.6753909143587893 0.045962395638686 0.0
0.690134320356535 0.04466562046643492 0.0
0.7046202813829949 0.043327529822098566 0.0
0.7187962814612463 0.0419012965931693 0.0
0.7326098046143649 0.04034009366713961 0.0
0.746008334865427 0.03859709393150191 0.0
0.7589393562375089 0.03662547027374863 0.0
0.7713503527536869 0.034378395581372234 0.0
0.7832075781809179 0.03183539999434055 0.0
0.7945615561295518 0.02909434886019875 0.0
0.8054864498764863 0.02628630332626576 0.0
0.8160564238998844 0.023542326226724634 0.0
0.8263456426779079 0.020993480395758393 0.0
0.8364282706887185 0.018770828667550126 0.0
0.8463784724104795 0.017005433876282765 0.0
0.8562700463452474 0.015826911840584712 0.0
0.8661501605150691 0.015259585387862014 0.0
0.8760217684538134 0.015152959778818845 0.0
0.8858836549987792 0.015340057862606634 0.0
0.8957346049872658 0.015653902488376833 0.0
0.9055734032565717 0.015927516505280886 0.0
0.9153988346439953 0.015993922762470213 0.0
0.9252096839868362 0.015686144109096276 0.0
0.9350028488459426 0.014849849043708495 0.0
0.9447522341235298 0.013484767808132368 0.0
0.9544163948989647 0.011693481754369187 0.0
0.9639536062140556 0.009580448619197598 0.0
0.9733221431106106 0.00725012613939624 0.0
0.9824802806304379 0.004806972051743807 0.0
0.9913862938153458 0.0023554440930188296 0.0
1.0 0.0 0.0
