100
1.0 0.0 0.0
0.9913838797334595 -9.92194891107474e-05 0.0
0.9824748564275919 0.0002030746722002561 0.0
0.9733139404619472 0.0007861481103149644 0.0
0.9639429000716185 0.0015292664516153318 0.0
0.9544035034917006 0.0023116953224833125 0.0
0.9447375189572865 0.003012700349300859 0.0
0.9349867147034704 0.003511547158449926 0.0
0.9251925775935274 0.003688961470208885 0.0
0.9153811715325676 0.0035057017785280883 0.0
0.9055554582169116 0.0030424084980299935 0.0
0.895716503074369 0.0023895621548776524 0.0
0.8858653715327494 0.0016376432752341133 0.0
0.876003129019861 0.0008771323852624232 0.0
0.866130840963514 0.00019851001112563546 0.0
0.8562495727915177 -0.0003077433210132029 0.0
0.8463562330440363 -0.0005638552656762935 0.0
0.836403641022185 -0.0006268403814439316 0.0
0.826318060984883 -0.0006348956651010914 0.0
0.8160253922516685 -0.0007273337836163634 0.0
0.8054515341420787 -0.0010434674039583368 0.0
0.7945223859756522 -0.0017226091930956002 0.0
0.7831638470719254 -0.0029040718179967457 0.0
0.7713018179516502 -0.004727165173167673 0.0
0.758885837798727 -0.007276639859926885 0.0
0.74594971206357 -0.010442755449744356 0.0
0.7325460151437824 -0.014072451784629573 0.0
0.7187273214369669 -0.01801266870659197 0.0
0.7045462053407268 -0.02211034605764104 0.0
0.6900552412526657 -0.02621242367978626 0.0
0.6753070035703859 -0.03016584141503709 0.0
0.6603537198998005 -0.033818875763525935 0.0
0.6452328251004761 -0.037076819714275525 0.0
0.6299617427642769 -0.03992209677663251 0.0
0.6145564760243027 -0.04234260541161486 0.0
0.5990330280136534 -0.0443262440802406 0.0
0.5834074018654293 -0.04586091124352772 0.0
0.5676956007127301 -0.04693450536249424 0.0
0.5519136276886563 -0.047534924898158123 0.0
0.5360775024987469 -0.04766170741672047 0.0
0.5202033987313402 -0.04742246498066538 0.0
0.5043075734893354 -0.04698346334407237 0.0
0.4884062847043748 -0.04651155030112559 0.0
0.47251579030810054 -0.04617357364600922 0.0
0.4566523482321549 -0.046136381172907456 0.0
0.4408322164081803 -0.046566820676004456 0.0
0.42507165274728204 -0.0476317093678835 0.0
0.409386858890491 -0.04941407087470972 0.0
0.3937938575441071 -0.051730471334158715 0.0
0.37830863592731667 -0.05434463187758104 0.0
0.3629471812593068 -0.05702027363632721 0.0
0.347725480759264 -0.0595211177417478 0.0
0.33265952164637475 -0.06161088532519336 0.0
0.3177652911398264 -0.06305329751801439 0.0
0.30305875267667537 -0.06361764670441507 0.0
0.2885550597614811 -0.06326296179797586 0.0
0.27426837564380097 -0.06218025097929314 0.0
0.2602128032691448 -0.06057464938492196 0.0
0.24640244558302277 -0.05865129215141726 0.0
0.23285140553094377 -0.056615314415333996 0.0
0.21957378605841815 -0.054671851313227174 0.0
0.20658369011095531 -0.05302603798165173 0.0
0.19389897889776875 -0.05185855134867709 0.0
0.18156820736773666 -0.051150318153670805 0.0
0.16965491842538624 -0.050784725800559906 0.0
0.15822275644836517 -0.05064450132164234 0.0
0.14733536581432094 -0.05061237174921602 0.0
0.1370563909009008 -0.050571064115578865 0.0
0.12744947608575216 -0.05040330545302881 0.0
0.1185782232212158 -0.04999185781353675 0.0
0.11046799130892458 -0.04925097631129731 0.0
0.10303549349224007 -0.048184386136912526 0.0
0.09617827975136863 -0.046811593383256786 0.0
0.08979390006651677 -0.045152104143204516 0.0
0.0837799044178912 -0.04322542450963013 0.0
0.07803384278569801 -0.04105106057540802 0.0
0.07245326515014434 -0.03864851843341267 0.0
0.06693804539507928 -0.036037898770914074 0.0
0.06145255648926194 -0.03325580502241435 0.0
0.056032480815092205 -0.03035708586155698 0.0
0.05071719102788476 -0.02739753415586386 0.0
0.04554605978295441 -0.024432942772856917 0.0
0.04055845973561564 -0.02151910458005794 0.0
0.03579376354118339 -0.018711812444988866 0.0
0.031291343854971995 -0.016066859235171514 0.0
0.02708717718669314 -0.013634774256436595 0.0
0.023192751199579354 -0.011428132448328705 0.0
0.019608812114160372 -0.009442860981739251 0.0
0.016336060311618578 -0.007674815982833279 0.0
0.013375196173136556 -0.00611985357777584 0.0
0.010726920079896353 -0.004773829892731925 0.0
0.008391932413080122 -0.003632601053866596 0.0
0.00637092286746937 -0.002692003788481054 0.0
0.004660115558066875 -0.0019397685236659439 0.0
0.0032443802989128674 -0.0013430143937239643 0.0
0.002106808954096747 -0.000865633046993001 0.0
0.0012304933877079116 -0.00047151613181096357 0.0
0.0005985254638359835 -0.00012455529651574305 0.0
0.00019399704657013916 0.00021135781055475734 0.0
0.0 0.0 0.0
100
0.0 0.0 0.0
0.00019501674999792507 0.0015084069358813948 0.0
0.0006003068119011683 0.002141295623361457 0.0
0.001233159143938808 0.002919290149115996 0.0
0.0021105309874329932 0.0038687435880825926 0.0
0.003249379583705427 0.005016009015198794 0.0
0.004666662174078036 0.00638743950540223 0.0
0.006379335999872746 0.008009388133630453 0.0
0.008402569358185112 0.00989745088930847 0.0
0.010740106033771674 0.011998527122599884 0.0
0.013391196617888878 0.014232498199544634 0.0
0.016355080949311342 0.01651918083052231 0.0
0.019630998866813368 0.01877839172591238 0.0
0.023218190209169338 0.020929947596094334 0.0
0.02711589481515355 0.02289366515144769 0.0
0.03132330679332217 0.024589570958438556 0.0
0.03582890438164428 0.02598686674060774 0.0
0.04059673527212055 0.027166866058383803 0.0
0.0455874590963411 0.028226430289943705 0.0
0.05076173548589517 0.0292624208134644 0.0
0.05608022407237266 0.030371699007122846 0.0
0.06150358448736336 0.03165112624909602 0.0
0.06699247636245685 0.03319756391756092 0.0
0.0725112458192179 0.03510211734803832 0.0
0.07809547529278027 0.03734466432291506 0.0
0.08384518018445895 0.039804477739086436 0.0
0.08986269741695226 0.04235720569690619 0.0
0.09625036391295898 0.0448784962967282 0.0
0.10311051659517749 0.04724399763890622 0.0
0.1105454923863064 0.04932935782379403 0.0
0.1186576282090441 0.05101022495174543 0.0
0.127530126826527 0.052183358402874365 0.0
0.13713770957994956 0.05286520829364196 0.0
0.14741691284064312 0.0531143553383442 0.0
0.15830423051899425 0.052989427099682816 0.0
0.16973615652538984 0.052549051140359584 0.0
0.18164918477021638 0.0518518550230763 0.0
0.19397980916386107 0.05095646631053469 0.0
0.20666462467629815 0.04992164692933452 0.0
0.21965515315287806 0.04882600485145016 0.0
0.23293348509271283 0.04778879063977242 0.0
0.24648545394260082 0.04693423129785779 0.0
0.26029689314934135 0.04638655382926264 0.0
0.27435363615973307 0.046269985237543484 0.0
0.28864151642057473 0.046708752526256794 0.0
0.3031463673786649 0.04782708269895899 0.0
0.3178539633744221 0.04973659922012274 0.0
0.3327491081602037 0.05234196237212848 0.0
0.34781581164151715 0.055378556637911254 0.0
0.3630380604140646 0.05857679603802962 0.0
0.37839984107354885 0.06166709459304216 0.0
0.39388514021567195 0.06437986632350745 0.0
0.40947794443613716 0.06644552524998416 0.0
0.4251622403306464 0.06759448539303081 0.0
0.4409219937217382 0.06762872172536206 0.0
0.4567410656885582 0.06671103709940068 0.0
0.47260328437132293 0.06511770485883542 0.0
0.48849247789822753 0.06312503975994296 0.0
0.5043924743974669 0.06100935655900015 0.0
0.5202871019972357 0.05904697001228374 0.0
0.5361601888257289 0.05751419487607054 0.0
0.5519955628962305 0.056685563552085316 0.0
0.5677770406421907 0.05665599594908119 0.0
0.5834884171602099 0.057189460433358756 0.0
0.5991134852490143 0.05801428347654792 0.0
0.6146360377073289 0.058858791550278525 0.0
0.6300398673338791 0.05945131112618047 0.0
0.6453087669273906 0.05952016867588366 0.0
0.6604265292865887 0.058793690671017945 0.0
0.6753755479400139 0.05702168022071249 0.0
0.6901185036508874 0.05425650095417872 0.0
0.7046035050952699 0.05077417554583525 0.0
0.7187783193305259 0.04685596998980241 0.0
0.732590713414019 0.04278315028020079 0.0
0.7459884544031128 0.0388369824111509 0.0
0.7589193093551709 0.0352987323767732 0.0
0.7713310453275575 0.03244966617118824 0.0
0.7831901080523053 0.030499544080320986 0.0
0.7945468042346806 0.029337089786216346 0.0
0.805474965548833 0.028760968677698232 0.0
0.8160484248643478 0.028569841567225206 0.0
0.8263410150508103 0.028562369267255788 0.0
0.8364265689778055 0.028537212590248533 0.0
0.8463789195149191 0.028293032348661994 0.0
0.8562715366157488 0.0276299474153551 0.0
0.8661514824252536 0.02645417333950968 0.0
0.876021974300674 0.024848077592430882 0.0
0.885882095759333 0.022910635864672235 0.0
0.8957309303185541 0.02074082384678713 0.0
0.9055675614956604 0.018437617229329066 0.0
0.9153910728079744 0.016099991702851518 0.0
0.9252005477728199 0.013826922957907967 0.0
0.9349931610784643 0.011711249954138452 0.0
0.9447428321794978 0.009771047957141343 0.0
0.9544079554134328 0.007974480237690904 0.0
0.9639466418822071 0.006288799487111742 0.0
0.9733170026877588 0.004681258396728461 0.0
0.9824771489320255 0.0031191096578657013 0.0
0.9913851917169451 0.001569605961848001 0.0
1.0 0.0 0.0
