100
1.0 0.0 0.0
0.9913838626898126 0.0004769515561782382 0.0
0.9824746184910862 0.00045867570540428893 0.0
0.9733136360156077 1.3878678765408942e-05 0.0
0.9639427179894596 -0.0007887332926511466 0.0
0.9544036671387257 -0.0018804539777581208 0.0
0.944738286189489 -0.003192577145468256 0.0
0.9349883778678325 -0.004656396564694298 0.0
0.9251954626847891 -0.006203552391787309 0.0
0.9153855919727679 -0.007784671471229534 0.0
0.9055616456212866 -0.009378821004321287 0.0
0.8957246015684986 -0.01096740262512617 0.0
0.8858754377525576 -0.012531817967707784 0.0
0.8760151321116165 -0.014053468666129738 0.0
0.8661446625838293 -0.015513756354455626 0.0
0.8562650071073491 -0.016894082666749063 0.0
0.8463729957898731 -0.018174787272113878 0.0
0.836421465563398 -0.019324946310066867 0.0
0.8263367561768831 -0.02030685187236402 0.0
0.8160448432350504 -0.02108270281926962 0.0
0.8054717023426222 -0.021614698011047977 0.0
0.7945433091043208 -0.0218650363079634 0.0
0.7831856391248676 -0.021795916570280172 0.0
0.7713246692094055 -0.021369539235659624 0.0
0.7589099992309706 -0.02057914633760708 0.0
0.7459754397356955 -0.01952863588757657 0.0
0.7325735578343677 -0.018346552725370245 0.0
0.7187569206377749 -0.01716144169079026 0.0
0.7045780952567043 -0.01610184762363876 0.0
0.6900896488019446 -0.015296315363717915 0.0
0.6753441483842825 -0.014873389750829856 0.0
0.660393814067406 -0.01496013028929231 0.0
0.6452760622739159 -0.015620238012998758 0.0
0.6300082834205682 -0.016831704157048637 0.0
0.6146064464191989 -0.018566436022397107 0.0
0.5990865201816432 -0.020796340909999357 0.0
0.5834644736197373 -0.02349332612081053 0.0
0.5677562756453166 -0.026629298955785804 0.0
0.5519778951702166 -0.030176166715880345 0.0
0.5361453214118778 -0.034099676981682044 0.0
0.5202747321347094 -0.0383083814698815 0.0
0.5043824074304611 -0.04267979082201324 0.0
0.488484628406311 -0.047091107648691 0.0
0.47259767616943654 -0.051419534560528515 0.0
0.45673783182701577 -0.055542274168139595 0.0
0.4409213764862268 -0.059336529082137886 0.0
0.42516459121551137 -0.06267950855713296 0.0
0.40948365094709155 -0.06546662639622952 0.0
0.39389439310775765 -0.0676511855379479 0.0
0.37841258818875595 -0.06919796974555277 0.0
0.36305400668133364 -0.07007176278230881 0.0
0.34783441907673746 -0.07023734841148076 0.0
0.33276959586621396 -0.06965951039633325 0.0
0.31787530754101045 -0.06830303250013103 0.0
0.303167308288781 -0.06613622179308112 0.0
0.2886607970563564 -0.06324737631487998 0.0
0.2743702939315216 -0.059871499735616535 0.0
0.26031027766124726 -0.056252529730586885 0.0
0.24649522699250384 -0.05263440397508703 0.0
0.2329396206722612 -0.04926106014441289 0.0
0.21965793744749018 -0.046376435913860536 0.0
0.20666465606516085 -0.044224468958725935 0.0
0.19397796545414694 -0.04301628878832688 0.0
0.1816463555989222 -0.04269508062043676 0.0
0.1697331126893891 -0.04307319070690776 0.0
0.15830162309036194 -0.04396207947911066 0.0
0.1474152731666548 -0.04517320736841619 0.0
0.13713744928308155 -0.046518034806195145 0.0
0.1275315378044562 -0.047808022223818254 0.0
0.11866088263638032 -0.04885467389748334 0.0
0.11055064427194744 -0.04950892359394253 0.0
0.10311750620667143 -0.049733722117464255 0.0
0.09625901855688168 -0.049511778050479835 0.0
0.08987273143890713 -0.04882579997542064 0.0
0.0838561949690773 -0.04765849647471806 0.0
0.0781069592637209 -0.04599257613080341 0.0
0.07252257443916767 -0.04381074752610811 0.0
0.06700291757420017 -0.04109866601195755 0.0
0.06151244972867131 -0.03792377341893683 0.0
0.056087035236249826 -0.03444393372684403 0.0
0.05076623356079759 -0.030821690275341578 0.0
0.04558960416617635 -0.02721958640409189 0.0
0.04059670651624797 -0.02380016545275725 0.0
0.03582710007487443 -0.020725970761000127 0.0
0.03132034430591725 -0.018159545668482817 0.0
0.027112575409123665 -0.016237302753424367 0.0
0.023215245192240032 -0.014907231516792067 0.0
0.019628978248976896 -0.014034674214823859 0.0
0.016354352967665933 -0.013484620404785642 0.0
0.013391947736638907 -0.01312205964394331 0.0
0.010742340944227368 -0.012811981489562741 0.0
0.008406110978762978 -0.012419375498909833 0.0
0.0063838256283088425 -0.011809346508473954 0.0
0.0046716230937088425 -0.010895171660259155 0.0
0.0032543787904749833 -0.009712612271224563 0.0
0.0021152045144396795 -0.00831660923913694 0.0
0.0012372120614353472 -0.006762103461763087 0.0
0.000603513227294626 -0.00510403583686976 0.0
0.00019721980784970884 -0.003397347262223757 0.0
0.0 0.0 0.0
100
0.0 0.0 0.0
0.00019288729382042663 0.0015290403861643804 0.0
0.0005962866464805643 0.0031131189655972456 0.0
0.001227082827688619 0.004755581577512922 0.0
0.0021021606071532435 0.006515274352770243 0.0
0.003238404754582642 0.008451043422228001 0.0
0.004652700039685246 0.010621734916745115 0.0
0.006361931232169483 0.013086194967180376 0.0
0.008381221334004634 0.015881984330865392 0.0
0.010714442388645325 0.01891073162765507 0.0
0.0133610415037446 0.022020604167335492 0.0
0.016320455197818187 0.025059641323563506 0.0
0.01959211998938147 0.02787588246999584 0.0
0.023175472396950288 0.0303173669802892 0.0
0.02706994893904025 0.032232134228100354 0.0
0.031274939881572955 0.03346862997275545 0.0
0.035778997212687014 0.033970527514723174 0.0
0.040545963304866844 0.033898604383414674 0.0
0.04553625376843323 0.03344374640971666 0.0
0.0507102842137062 0.03279683942451582 0.0
0.0560284702510061 0.03214876925869892 0.0
0.06145122749065363 0.031690421743152605 0.0
0.06693897154296902 0.03161268270876364 0.0
0.07245581731798338 0.03209701757780934 0.0
0.07803736356969808 0.03314285542194615 0.0
0.0837838659085728 0.034584974147777364 0.0
0.0897979095332229 0.03625221927630966 0.0
0.0961820796422642 0.03797343632854982 0.0
0.10303896143431192 0.039577470825504515 0.0
0.11047114010798191 0.04089316828818048 0.0
0.11858120086188915 0.0417493742375844 0.0
0.12745254182127994 0.04201623066066002 0.0
0.1370597796937853 0.0417980105147464 0.0
0.14733924062005346 0.04128139979979102 0.0
0.15822720816236577 0.04065317615744268 0.0
0.16965996588300392 0.0401001172293502 0.0
0.1815737973442494 0.0398090006571624 0.0
0.19390498610838414 0.03996660408252808 0.0
0.20658991728592338 0.040759029398970824 0.0
0.21957997503759727 0.042272567999145756 0.0
0.2328572599842938 0.04438910998167781 0.0
0.24640763379259098 0.046965517736849684 0.0
0.2602169581290681 0.04985865365494425 0.0
0.274271094660303 0.05292538012624422 0.0
0.2885559050528747 0.05602255954103237 0.0
0.3030572509733613 0.05900705428959146 0.0
0.31776094063586524 0.061740564608286745 0.0
0.3326519045094043 0.064164233183184 0.0
0.34771435515269056 0.06628417891518568 0.0
0.3629324840443637 0.06810842860834565 0.0
0.37829048266306364 0.06964500906671775 0.0
0.3937725424874299 0.07090194709435581 0.0
0.4093628549961027 0.07188726949531375 0.0
0.4250456116677217 0.07260900307364537 0.0
0.44080493029651685 0.0730713677674544 0.0
0.4566245571418432 0.07325938836263167 0.0
0.4724881216255078 0.07315205329512389 0.0
0.48837925312667657 0.0727283487978304 0.0
0.5042815810245153 0.07196726110365047 0.0
0.520178734698189 0.0708477764454834 0.0
0.5360543435268641 0.06934888105622851 0.0
0.5518920377505554 0.06745004496659035 0.0
0.5676755343593662 0.06517949176744055 0.0
0.5833887101879313 0.06265527769809545 0.0
0.5990154592853758 0.060005133543486563 0.0
0.6145396757008245 0.0573567900885453 0.0
0.6299452534834022 0.054837978118203144 0.0
0.6452160866822352 0.05257642841739148 0.0
0.6603360693464474 0.050699871771041766 0.0
0.6752876878171502 0.04932643479939364 0.0
0.6900335967989152 0.04843894170096291 0.0
0.7045217910370697 0.04792019830290397 0.0
0.7186999215982287 0.04765066566560063 0.0
0.7325156395490052 0.047510804849436795 0.0
0.745916595956013 0.04738107691479628 0.0
0.7588504418858656 0.04714194292206298 0.0
0.7712648284051767 0.04667386393162076 0.0
0.7831261214271517 0.0458800906869939 0.0
0.7944847102380059 0.04476619195167356 0.0
0.8054145546497825 0.04336643909232027 0.0
0.8159896156722767 0.04171510493413424 0.0
0.8262838543152817 0.03984646230231567 0.0
0.836371231588592 0.03779478402206484 0.0
0.846325708502002 0.035594342918581885 0.0
0.8562208820465568 0.033279362358897675 0.0
0.8661038611615133 0.030880466855438268 0.0
0.8759777767710056 0.028422305755543862 0.0
0.8858416133981049 0.025928965047094372 0.0
0.8956943555658818 0.023424530717969554 0.0
0.9055349877974075 0.02093308875604931 0.0
0.9153624946157515 0.018478725149213483 0.0
0.925175860543986 0.016085525885341952 0.0
0.9349721672149852 0.01377631003912269 0.0
0.9447253133809764 0.01155846190219806 0.0
0.9543937209797525 0.009429061556107607 0.0
0.9639355295947503 0.007385001095475098 0.0
0.9733088788094072 0.005423172614924308 0.0
0.9824719082071601 0.003540468209079049 0.0
0.9913827573714463 0.001733779972563008 0.0
1.0 0.0 0.0
