101
1.000000000000000000e+00 0.000000000000000000e+00 0.000000000000000000e+00
9.810095907263827186e-01 -4.449069376579116138e-04 0.000000000000000000e+00
9.636207826366813833e-01 -1.326182801078953574e-03 0.000000000000000000e+00
9.476696229367175262e-01 -2.577469211160217984e-03 0.000000000000000000e+00
9.330316343151437986e-01 -4.132407788798795646e-03 0.000000000000000000e+00
9.195823394606157386e-01 -5.924640154891780940e-03 0.000000000000000000e+00
9.071972610617867749e-01 -7.887807930336261306e-03 0.000000000000000000e+00
8.957519218073112244e-01 -9.955552736029330690e-03 0.000000000000000000e+00
8.851218443858430707e-01 -1.206151619286808044e-02 0.000000000000000000e+00
8.751825514860372968e-01 -1.413933992174960450e-02 0.000000000000000000e+00
8.658095657965473313e-01 -1.612266554357099507e-02 0.000000000000000000e+00
8.568784100060273801e-01 -1.794513467922933397e-02 0.000000000000000000e+00
8.482745554390428433e-01 -1.955049547348282693e-02 0.000000000000000000e+00
8.399304991013647470e-01 -2.093026806450035138e-02 0.000000000000000000e+00
8.317926191099312971e-01 -2.209007399917611511e-02 0.000000000000000000e+00
8.238072956066441188e-01 -2.303553688150270298e-02 0.000000000000000000e+00
8.159209087334032828e-01 -2.377228031547263393e-02 0.000000000000000000e+00
8.080798386321090820e-01 -2.430592790507845116e-02 0.000000000000000000e+00
8.002304654446625864e-01 -2.464210325431268750e-02 0.000000000000000000e+00
7.923191693129643109e-01 -2.478642996716789657e-02 0.000000000000000000e+00
7.842923303789146594e-01 -2.474453164763659729e-02 0.000000000000000000e+00
7.760963287844144798e-01 -2.452203189971134678e-02 0.000000000000000000e+00
7.676775446713639539e-01 -2.412455432738467090e-02 0.000000000000000000e+00
7.589907566887851287e-01 -2.356373777418441923e-02 0.000000000000000000e+00
7.500377390382426679e-01 -2.288488057830374844e-02 0.000000000000000000e+00
7.408366036421850653e-01 -2.214498259859434826e-02 0.000000000000000000e+00
7.314054788263950613e-01 -2.140105544242258337e-02 0.000000000000000000e+00
7.217624929166557290e-01 -2.071011071715487400e-02 0.000000000000000000e+00
7.119257742387498089e-01 -2.012916003015760569e-02 0.000000000000000000e+00
7.019134511184603742e-01 -1.971521498879717088e-02 0.000000000000000000e+00
6.917436518815701652e-01 -1.952528720043996552e-02 0.000000000000000000e+00
6.814345048538619221e-01 -1.961638827245238553e-02 0.000000000000000000e+00
6.710041383611188293e-01 -2.004552981220081992e-02 0.000000000000000000e+00
6.604706807291234050e-01 -2.086972342705167155e-02 0.000000000000000000e+00
6.498510012692811921e-01 -2.213463336359330208e-02 0.000000000000000000e+00
6.391535993654169356e-01 -2.381048661396171356e-02 0.000000000000000000e+00
6.283835599543634576e-01 -2.583673612786287210e-02 0.000000000000000000e+00
6.175459579008392152e-01 -2.815274407611654747e-02 0.000000000000000000e+00
6.066458680695624439e-01 -3.069787262954249210e-02 0.000000000000000000e+00
5.956883653252507127e-01 -3.341148395896045842e-02 0.000000000000000000e+00
5.846785245326224789e-01 -3.623294023519025436e-02 0.000000000000000000e+00
5.736214205563956448e-01 -3.910160362905154563e-02 0.000000000000000000e+00
5.625221282612887785e-01 -4.195683631136415404e-02 0.000000000000000000e+00
5.513857225120192274e-01 -4.473800045294779038e-02 0.000000000000000000e+00
5.402172781733057816e-01 -4.738445822462226953e-02 0.000000000000000000e+00
5.290219109457742208e-01 -4.984079741994654894e-02 0.000000000000000000e+00
5.178050608362112506e-01 -5.209310611335932900e-02 0.000000000000000000e+00
5.065723225040102973e-01 -5.414726271148085496e-02 0.000000000000000000e+00
4.953292915610076341e-01 -5.600926750134518906e-02 0.000000000000000000e+00
4.840815636190373139e-01 -5.768512076998631027e-02 0.000000000000000000e+00
4.728347342899351657e-01 -5.918082280443826004e-02 0.000000000000000000e+00
4.615943991855360196e-01 -6.050237389173506591e-02 0.000000000000000000e+00
4.503661539176747608e-01 -6.165577431891069993e-02 0.000000000000000000e+00
4.391555940981872741e-01 -6.264702437299922433e-02 0.000000000000000000e+00
4.279683153389077233e-01 -6.348212434103465973e-02 0.000000000000000000e+00
4.168099132516718264e-01 -6.416707451005100593e-02 0.000000000000000000e+00
4.056859706211319305e-01 -6.470782196543689579e-02 0.000000000000000000e+00
3.946019476059453579e-01 -6.510980519260020638e-02 0.000000000000000000e+00
3.835632362470011159e-01 -6.537818015369137314e-02 0.000000000000000000e+00
3.725752278553755570e-01 -6.551809978391236189e-02 0.000000000000000000e+00
3.616433137421451449e-01 -6.553471701846522168e-02 0.000000000000000000e+00
3.507728852183860102e-01 -6.543318479255195996e-02 0.000000000000000000e+00
3.399693335951750606e-01 -6.521865604137451478e-02 0.000000000000000000e+00
3.292380501835885376e-01 -6.489628370013499070e-02 0.000000000000000000e+00
3.185844262947030714e-01 -6.447122070403532579e-02 0.000000000000000000e+00
3.080138532395946260e-01 -6.394861998827754135e-02 0.000000000000000000e+00
2.975317223293403313e-01 -6.333363448806367257e-02 0.000000000000000000e+00
2.871418161777776756e-01 -6.263191634937903540e-02 0.000000000000000000e+00
2.768292162933485567e-01 -6.185492104356535292e-02 0.000000000000000000e+00
2.665669389552063895e-01 -6.101784812283939791e-02 0.000000000000000000e+00
2.563277993553499945e-01 -6.013595954076587924e-02 0.000000000000000000e+00
2.460846126857783311e-01 -5.922451725090949193e-02 0.000000000000000000e+00
2.358101941384899425e-01 -5.829878320683491710e-02 0.000000000000000000e+00
2.254773589054836214e-01 -5.737401936210687059e-02 0.000000000000000000e+00
2.150589221787581884e-01 -5.646548767029004740e-02 0.000000000000000000e+00
2.045276991503123254e-01 -5.558845008494911477e-02 0.000000000000000000e+00
1.938565050121451028e-01 -5.475816855964884405e-02 0.000000000000000000e+00
1.830181549562548138e-01 -5.398990504795384004e-02 0.000000000000000000e+00
1.719889222890472469e-01 -5.329674043948520734e-02 0.000000000000000000e+00
1.607946137137395148e-01 -5.266051446376940337e-02 0.000000000000000000e+00
1.494980671165950792e-01 -5.203971094921421708e-02 0.000000000000000000e+00
1.381630115433379880e-01 -5.139225166191893623e-02 0.000000000000000000e+00
1.268531760396913177e-01 -5.067605836798276531e-02 0.000000000000000000e+00
1.156322896513788390e-01 -4.984905283350500593e-02 0.000000000000000000e+00
1.045640814241240169e-01 -4.886915682458485566e-02 0.000000000000000000e+00
9.371228040365041367e-02 -4.769429210732162305e-02 0.000000000000000000e+00
8.314061563568185542e-02 -4.628238044781452648e-02 0.000000000000000000e+00
7.291281616594147419e-02 -4.459134361216281206e-02 0.000000000000000000e+00
6.309261104015309596e-02 -4.257910336646573285e-02 0.000000000000000000e+00
5.374370293773420015e-02 -4.020646863045140851e-02 0.000000000000000000e+00
4.492932121017358810e-02 -3.748607850579209477e-02 0.000000000000000000e+00
3.671228579295792577e-02 -3.447540381570826651e-02 0.000000000000000000e+00
2.915540312202513640e-02 -3.123339360607825174e-02 0.000000000000000000e+00
2.232147963331303567e-02 -2.781899692278042707e-02 0.000000000000000000e+00
1.627332176275979314e-02 -2.429116281169321073e-02 0.000000000000000000e+00
1.107373594630310480e-02 -2.070884031869488912e-02 0.000000000000000000e+00
6.785528619880799341e-03 -1.713097848966389433e-02 0.000000000000000000e+00
3.471506219431142164e-03 -1.361652637047851971e-02 0.000000000000000000e+00
1.194475180891734932e-03 -1.022443300701717829e-02 0.000000000000000000e+00
1.724194020050122430e-05 -7.013647445158260538e-03 0.000000000000000000e+00
0.000000000000000000e+00 -4.041352335230722313e-03 0.000000000000000000e+00
100
0.000000000000000000e+00 -4.041352335230722313e-03 0.000000000000000000e+00
1.142845397136828169e-03 -1.324103229927925960e-03 0.000000000000000000e+00
3.385776702661638139e-03 1.162171415692296594e-03 0.000000000000000000e+00
6.666179554329699705e-03 3.443309542121527657e-03 0.000000000000000000e+00
1.092143958989662440e-02 5.545149089851347801e-03 0.000000000000000000e+00
1.608894244711722710e-02 7.493527999373292281e-03 0.000000000000000000e+00
2.210607376374722211e-02 9.314284211179024719e-03 0.000000000000000000e+00
2.891021917754177731e-02 1.103325566576008818e-02 0.000000000000000000e+00
3.643876432625604150e-02 1.267628030360805347e-02 0.000000000000000000e+00
4.462909484764552431e-02 1.426919606521450876e-02 0.000000000000000000e+00
5.341859637946501371e-02 1.583784089107099363e-02 0.000000000000000000e+00
6.274463452592542179e-02 1.740770087836384511e-02 0.000000000000000000e+00
7.254396731137580101e-02 1.899359137653537297e-02 0.000000000000000000e+00
8.275265033398963854e-02 2.059799122913541849e-02 0.000000000000000000e+00
9.330670006392244309e-02 2.222269208575812505e-02 0.000000000000000000e+00
1.041421329713296817e-01 2.386948559599761169e-02 0.000000000000000000e+00
1.151949655263676819e-01 2.554016340944808769e-02 0.000000000000000000e+00
1.264012141991915361e-01 2.723651717570368946e-02 0.000000000000000000e+00
1.376968954599569195e-01 2.896033854435853955e-02 0.000000000000000000e+00
1.490180257788194795e-01 3.071341916500679864e-02 0.000000000000000000e+00
1.603006216259348082e-01 3.249755068724257540e-02 0.000000000000000000e+00
1.714806994714589694e-01 3.431452476066010338e-02 0.000000000000000000e+00
1.824951704018537568e-01 3.616609917996081031e-02 0.000000000000000000e+00
1.933181203322171249e-01 3.805262493580754274e-02 0.000000000000000000e+00
2.039733607166847318e-01 3.997257125930402805e-02 0.000000000000000000e+00
2.144881745379771942e-01 4.192427600877803029e-02 0.000000000000000000e+00
2.248898447788149624e-01 4.390607704255729271e-02 0.000000000000000000e+00
2.352056544219188472e-01 4.591631221896965570e-02 0.000000000000000000e+00
2.454628864500089103e-01 4.795331939634284169e-02 0.000000000000000000e+00
2.556888238458059903e-01 5.001543643300465636e-02 0.000000000000000000e+00
2.659107495920304265e-01 5.210100118728287072e-02 0.000000000000000000e+00
2.761559466714026967e-01 5.420835151750520026e-02 0.000000000000000000e+00
2.864516980666433343e-01 5.633582528199949924e-02 0.000000000000000000e+00
2.968250863721361710e-01 5.848157747025321818e-02 0.000000000000000000e+00
3.072911708820563748e-01 6.063279094133581376e-02 0.000000000000000000e+00
3.178463747752556801e-01 6.275964175216885987e-02 0.000000000000000000e+00
3.284855181238915955e-01 6.483084300895146368e-02 0.000000000000000000e+00
3.392034210001219630e-01 6.681510781788288500e-02 0.000000000000000000e+00
3.499949034761039024e-01 6.868114928516221018e-02 0.000000000000000000e+00
3.608547856239952556e-01 7.039768051698862272e-02 0.000000000000000000e+00
3.717778875159532537e-01 7.193341461956129224e-02 0.000000000000000000e+00
3.827590292241353498e-01 7.325706469907933283e-02 0.000000000000000000e+00
3.937930308206991636e-01 7.433734386174199738e-02 0.000000000000000000e+00
4.048747123778024259e-01 7.514296521374835836e-02 0.000000000000000000e+00
4.159988922979170334e-01 7.564280691061683881e-02 0.000000000000000000e+00
4.271602331417567733e-01 7.582115215112456008e-02 0.000000000000000000e+00
4.383531169228131463e-01 7.569001638086139683e-02 0.000000000000000000e+00
4.495718963081871689e-01 7.526431595225185900e-02 0.000000000000000000e+00
4.608109239649797462e-01 7.455896721772037328e-02 0.000000000000000000e+00
4.720645525602911730e-01 7.358888652969144961e-02 0.000000000000000000e+00
4.833271347612217439e-01 7.236899024058958407e-02 0.000000000000000000e+00
4.945930232348725308e-01 7.091419470283924498e-02 0.000000000000000000e+00
5.058565706483443281e-01 6.923941626886485901e-02 0.000000000000000000e+00
5.171121296687376523e-01 6.735957129109094998e-02 0.000000000000000000e+00
5.283540529631532978e-01 6.528957612194201399e-02 0.000000000000000000e+00
5.395766931781734721e-01 6.304439295942688981e-02 0.000000000000000000e+00
5.507743996287514099e-01 6.064642817832336524e-02 0.000000000000000000e+00
5.619415146434207919e-01 5.813369857490106873e-02 0.000000000000000000e+00
5.730723796710024409e-01 5.554618657486146138e-02 0.000000000000000000e+00
5.841613361603146259e-01 5.292387460390595572e-02 0.000000000000000000e+00
5.952027255601771705e-01 5.030674508773591569e-02 0.000000000000000000e+00
6.061908893194095649e-01 4.773478045205280934e-02 0.000000000000000000e+00
6.171201688868324098e-01 4.524796312255792430e-02 0.000000000000000000e+00
6.279849057112640853e-01 4.288627552495269390e-02 0.000000000000000000e+00
6.387794412415251921e-01 4.068970008493855151e-02 0.000000000000000000e+00
6.494981169264342213e-01 3.869821922821685412e-02 0.000000000000000000e+00
6.601352649081806412e-01 3.695177419948239561e-02 0.000000000000000000e+00
6.706820623810637594e-01 3.547634588216792839e-02 0.000000000000000000e+00
6.811219527290716114e-01 3.426369374316173833e-02 0.000000000000000000e+00
6.914372160073244400e-01 3.330042962351803526e-02 0.000000000000000000e+00
7.016101322709415999e-01 3.257316536429103598e-02 0.000000000000000000e+00
7.116229815750437782e-01 3.206851280653497116e-02 0.000000000000000000e+00
7.214580439747511065e-01 3.177308379130402288e-02 0.000000000000000000e+00
7.310975995251832726e-01 3.167349015965241488e-02 0.000000000000000000e+00
7.405239282814606305e-01 3.175634375263437087e-02 0.000000000000000000e+00
7.497193102987034230e-01 3.200825641130410071e-02 0.000000000000000000e+00
7.586660256320315598e-01 3.241583997671581424e-02 0.000000000000000000e+00
7.673463707339911455e-01 3.296569555994411510e-02 0.000000000000000000e+00
7.757589738932408885e-01 3.363373721236164599e-02 0.000000000000000000e+00
7.839494420234054406e-01 3.436513759372859800e-02 0.000000000000000000e+00
7.919717775201262633e-01 3.509957561423948658e-02 0.000000000000000000e+00
7.998799827790453731e-01 3.577673018408880634e-02 0.000000000000000000e+00
8.077280601958043427e-01 3.633628021347108661e-02 0.000000000000000000e+00
8.155700121660459656e-01 3.671790461258084975e-02 0.000000000000000000e+00
8.234598410854112593e-01 3.686128229161260428e-02 0.000000000000000000e+00
8.314515493495425735e-01 3.670609216076087256e-02 0.000000000000000000e+00
8.395991393540818137e-01 3.619201313022016309e-02 0.000000000000000000e+00
8.479566134946711076e-01 3.525872411018503294e-02 0.000000000000000000e+00
8.565779761574587869e-01 3.384590789329592481e-02 0.000000000000000000e+00
8.655308766534148823e-01 3.191986143946670684e-02 0.000000000000000000e+00
8.749291898353187547e-01 2.953704375187721567e-02 0.000000000000000000e+00
8.848965699163643395e-01 2.677298829086464937e-02 0.000000000000000000e+00
8.955566711097461274e-01 2.370322851676631704e-02 0.000000000000000000e+00
9.070331476286593864e-01 2.040329788991929183e-02 0.000000000000000000e+00
9.194496536862971636e-01 1.694872987066083775e-02 0.000000000000000000e+00
9.329298434958545050e-01 1.341505791932819103e-02 0.000000000000000000e+00
9.475973712705257901e-01 9.877815496258560146e-03 0.000000000000000000e+00
9.635758912235048435e-01 6.412536061789237719e-03 0.000000000000000000e+00
1.000000000000000000e+00 0.000000000000000000e+00 0.000000000000000000e+00
