100
1.0 0.0 0.0
0.9913772838540603 -0.00012479346794154437 0.0
0.9824675594097023 -0.0003284076915134665 0.0
0.97330548868817 -0.0006298491792311726 0.0
0.9639328893678513 -0.0010481244396100685 0.0
0.9543915791271348 -0.0016022399811655604 0.0
0.9447233756444087 -0.002311202312413054 0.0
0.9349700965980612 -0.0031940179418679547 0.0
0.9251732778494167 -0.004269399317974857 0.0
0.9153590078962024 -0.005539940444226806 0.0
0.9055302364702075 -0.006984091338467205 0.0
0.8956880140340363 -0.008578320239214473 0.0
0.885833391050294 -0.010299095384987019 0.0
0.8759674179815845 -0.01212288501430327 0.0
0.8660911452905128 -0.014026157365681635 0.0
0.8562056234396834 -0.015985380677640534 0.0
0.8463077576075747 -0.01797635196764019 0.0
0.8363504868041315 -0.01996774907450986 0.0
0.8262602691227349 -0.021923961940689195 0.0
0.8159631987360748 -0.023809321581117544 0.0
0.8053853698168414 -0.025588159010734253 0.0
0.794452876537725 -0.027224805244478668 0.0
0.7830918130714147 -0.02868359129729013 0.0
0.7712282747872006 -0.029928849202516206 0.0
0.7588119049261587 -0.030944952248532543 0.0
0.7458762893460522 -0.03178771607756804 0.0
0.7324737107640719 -0.03252886896002449 0.0
0.7186564518974085 -0.033240139166303646 0.0
0.7044767954632531 -0.0339932549668073 0.0
0.6899870241787971 -0.03485994463193724 0.0
0.6752394207612308 -0.03591193643209523 0.0
0.6602859252394097 -0.03721968020271471 0.0
0.6451638599285459 -0.03879909285721808 0.0
0.6298907726561339 -0.04059232049761277 0.0
0.614482807598246 -0.042536272756275674 0.0
0.5989561089309535 -0.04456785926558375 0.0
0.5833268208303293 -0.0466239896579139 0.0
0.5676110874724453 -0.048641573565643095 0.0
0.551825053033373 -0.05055752062114821 0.0
0.5359848820680376 -0.052310979181447156 0.0
0.5201069283584746 -0.05386188520140833 0.0
0.5042076483831838 -0.05518145638502015 0.0
0.4883034996397561 -0.05624102238882265 0.0
0.472410939625782 -0.0570119128693559 0.0
0.45654642583885263 -0.05746545748316002 0.0
0.4407264157765589 -0.05757298588677502 0.0
0.424967366873674 -0.05730583537744614 0.0
0.40928556444572933 -0.05665627878451879 0.0
0.39369674648162883 -0.055683162401276014 0.0
0.3782165424220822 -0.054458535659493226 0.0
0.3628605817077998 -0.05305444799094587 0.0
0.34764449377949147 -0.05154294882740936 0.0
0.3325839080778672 -0.04999608760065912 0.0
0.3176944540436372 -0.0484859137424706 0.0
0.30299174293554404 -0.04708396552150836 0.0
0.28849076680091296 -0.04584437285733822 0.0
0.2742057606150854 -0.04479998154423286 0.0
0.26015091324961614 -0.0439823412265785 0.0
0.24634041357606057 -0.0434230015487613 0.0
0.23278845046597285 -0.0431535121551674 0.0
0.21950921279090846 -0.04320542269018299 0.0
0.2065168894224218 -0.04361028279819423 0.0
0.19382944088561907 -0.044385973281070815 0.0
0.18149563080015435 -0.04543874150385015 0.0
0.16957926414004187 -0.04662032348761389 0.0
0.15814424771394234 -0.04778208619469578 0.0
0.1472544883305163 -0.04877539658742946 0.0
0.13697389279842395 -0.04945162162814866 0.0
0.1273663679263258 -0.049662128279187076 0.0
0.11849577786262093 -0.049258351619020334 0.0
0.11038762254057319 -0.048152983320282276 0.0
0.10295841124544243 -0.04643274170696501 0.0
0.09610542928466369 -0.04421504025487149 0.0
0.08972596196567237 -0.04161729243980482 0.0
0.08371729459590402 -0.038756911737568005 0.0
0.07797671248279374 -0.035751311623964104 0.0
0.07240150093377717 -0.03271790557479621 0.0
0.066891274284005 -0.02977215378490476 0.0
0.06141028817026679 -0.026975303859452834 0.0
0.05599426487610176 -0.02432866661554958 0.0
0.05068262509480073 -0.021830451132479473 0.0
0.045514789519654736 -0.01947886648952701 0.0
0.04053017884395457 -0.017272121765976586 0.0
0.035768213760991166 -0.015208426041112708 0.0
0.03126831496405521 -0.013285988394219784 0.0
0.027066502462294275 -0.011503189282735147 0.0
0.02317427469197767 -0.009859644933631744 0.0
0.019592374292025726 -0.008355513614426182 0.0
0.016321498000752062 -0.006990955905805294 0.0
0.013362342556470732 -0.005766132388455924 0.0
0.010715604697495355 -0.004681203643064864 0.0
0.008381981162139425 -0.003736330250318963 0.0
0.00636215805943534 -0.002931642483902557 0.0
0.004652379787388532 -0.0022546060788441735 0.0
0.003237597132359695 -0.0016604855800512982 0.0
0.0021009924339921568 -0.0010995032048959725 0.0
0.0012257480319291351 -0.000521881170750264 0.0
0.0005950462658139574 0.00012215830501378477 0.0
0.0001920694752898404 0.0008823930050241134 0.0
0.0 0.0 0.0
100
0.0 0.0 0.0
0.00020020095806406234 0.0042889489090867285 0.0
0.0006085061044115611 0.0057609444791358305 0.0
0.00124439727731097 0.007290924774457721 0.0
0.002124636557503411 0.008805827812835057 0.0
0.003265986025729898 0.010232591612050463 0.0
0.0046852077627315535 0.011498154189886664 0.0
0.006399063849249388 0.012529453564126283 0.0
0.008422569024251213 0.01326731166213804 0.0
0.010759579194943926 0.013741215498804938 0.0
0.013409561565642958 0.014015523546370019 0.0
0.0163719728382344 0.014154677726570444 0.0
0.01964626971460378 0.014223119961143395 0.0
0.023231908896636858 0.014285292171826024 0.0
0.027128347086219494 0.014405636280355509 0.0
0.031334994901175875 0.014648515039888886 0.0
0.03584046417342608 0.015059739788540603 0.0
0.04060874715467935 0.015642827475529884 0.0
0.04560042182071559 0.01639542960831193 0.0
0.050776066147314156 0.017315197694341943 0.0
0.05609625811025476 0.018399783241075107 0.0
0.0615215756853171 0.01964683775596668 0.0
0.06701259684828076 0.02105401274647185 0.0
0.07253358965669843 0.022618572583145865 0.0
0.07812012788821861 0.024330300752074825 0.0
0.08387228106460128 0.02617221430868814 0.0
0.08989244249088063 0.028127086513749344 0.0
0.09628300547209105 0.03017769062802205 0.0
0.10314636331326653 0.032306799912269785 0.0
0.11058490931944133 0.0344971876272561 0.0
0.11870103679564967 0.03673162703374453 0.0
0.12757798094408304 0.0389897935206871 0.0
0.13719035979818317 0.04123379904353292 0.0
0.14747455863926576 0.04341957330857718 0.0
0.1583669202345687 0.045503039147574115 0.0
0.16980378735133037 0.047440119392278025 0.0
0.18172150275678883 0.049186736874443165 0.0
0.1940564092181825 0.050698814425823885 0.0
0.20674495102836807 0.051932514474682286 0.0
0.21973856819003293 0.052879388740881245 0.0
0.23301941032527163 0.05360346245092961 0.0
0.2465733872642602 0.05417763477607053 0.0
0.26038640883717556 0.05467480488754726 0.0
0.2744443848741938 0.05516787195660296 0.0
0.28873322520549116 0.05572973515448086 0.0
0.3032388396612439 0.05643329365242414 0.0
0.31794707394049065 0.05734519049825189 0.0
0.33284272064248127 0.05842933670532743 0.0
0.34790971103302964 0.05956561845184612 0.0
0.3631319510865291 0.06063145468629141 0.0
0.3784933467773731 0.0615042643571468 0.0
0.39397780407995486 0.06206146641289577 0.0
0.4095692289686683 0.06218047980202182 0.0
0.42525152741790656 0.061738723473008406 0.0
0.44100863384807426 0.060657804787935525 0.0
0.45682462611134317 0.05908213993276398 0.0
0.4726836271652503 0.057226212369643495 0.0
0.4885697599837942 0.05530453113272228 0.0
0.5044671475409737 0.05353160525614868 0.0
0.5203599128107868 0.05212194377407098 0.0
0.5362321787672326 0.05129005572063748 0.0
0.5520680656363368 0.05124876002585589 0.0
0.5678514167238252 0.05204055944008824 0.0
0.5835655650858331 0.05339413443204 0.0
0.5991937888270614 0.055004368315022756 0.0
0.6147193660522106 0.05656614440234811 0.0
0.6301255748659811 0.0577743460073276 0.0
0.6453956933730747 0.05832385644327291 0.0
0.6605129996781911 0.05790955902349555 0.0
0.6754594105340888 0.056249294227888005 0.0
0.69019766411625 0.05338432058819385 0.0
0.7046763213959382 0.04959497400375282 0.0
0.7188436109831032 0.04516719515090164 0.0
0.7326477614876945 0.040386924705977316 0.0
0.7460370015196612 0.03554010334531677 0.0
0.758959559688953 0.030912671745256897 0.0
0.7713636646055193 0.02679057058213465 0.0
0.7832161496004616 0.023405228033194798 0.0
0.7945673769516723 0.020743329470957743 0.0
0.8054911407647256 0.018722904173887462 0.0
0.8160612363358996 0.01726197793164792 0.0
0.8263514589614713 0.016278576533903067 0.0
0.8364356039377177 0.015690725770316875 0.0
0.846387466560917 0.015416451430553271 0.0
0.8562804781263735 0.015373804599138549 0.0
0.8661615831710997 0.015482676957064644 0.0
0.8760337503645717 0.01566601612087694 0.0
0.8858958021776842 0.015847057831411885 0.0
0.8957465610813325 0.01594903782950594 0.0
0.9055848495464116 0.015895191855995555 0.0
0.9154094900438153 0.015608755651717168 0.0
0.9252193050444397 0.015012964957507247 0.0
0.9350112280523385 0.014037353297805593 0.0
0.9447591793189346 0.012688179993424371 0.0
0.954421715524319 0.011022926253025528 0.0
0.9639571130601999 0.009100007762015718 0.0
0.9733236483182856 0.006977840205801599 0.0
0.9824795976902844 0.004714839269789878 0.0
0.9913832375679048 0.0023694206393871107 0.0
1.0 0.0 0.0
