100
1.0 0.0 0.0
0.9913850815122989 -0.00034468098512139325 0.0
0.9824760216931256 -0.0007489670850316496 0.0
0.9733148964020176 -0.0012489064336353112 0.0
0.9639435868795111 -0.00188054716483692 0.0
0.9544039743661441 -0.002679937412541018 0.0
0.9447379401024532 -0.0036831253106521466 0.0
0.9349873653289755 -0.004926158993074848 0.0
0.9251938483864797 -0.006444328910699977 0.0
0.9153834809053675 -0.008231394299680348 0.0
0.905559126853961 -0.010218904359427499 0.0
0.8957217436346526 -0.012333301983939714 0.0
0.8858722886498346 -0.014501030067215278 0.0
0.8760117193018977 -0.016648531503252482 0.0
0.8661409929932348 -0.018702249186049603 0.0
0.8562610671262374 -0.020588626009604934 0.0
0.8463687539278649 -0.022237538554620025 0.0
0.8364169006093776 -0.023615282147461125 0.0
0.8263318741598281 -0.024710087202254552 0.0
0.8160396776571204 -0.02551048558161632 0.0
0.8054663141791573 -0.026005009148162467 0.0
0.7945377868038435 -0.026182189764509024 0.0
0.7831800986090814 -0.026030559293271992 0.0
0.7713192538725109 -0.025538650997003316 0.0
0.7589048664635469 -0.024722547476530656 0.0
0.7459707128855141 -0.023696538234931976 0.0
0.7325693155064407 -0.02259678677348427 0.0
0.7187531966943548 -0.021559456593464532 0.0
0.7045748788172851 -0.020720711196149766 0.0
0.6900868842432606 -0.020216714082816972 0.0
0.6753417353403087 -0.02018362875474313 0.0
0.6603916074790065 -0.020755113383343914 0.0
0.6452738745066239 -0.021957958789469344 0.0
0.6300058871294694 -0.023674388239650308 0.0
0.6146035747522887 -0.025776363169305608 0.0
0.5990828667798268 -0.028135845013854063 0.0
0.5834596926168301 -0.03062479520871446 0.0
0.5677499816680438 -0.033115175189305616 0.0
0.5519696633382135 -0.03547894639104633 0.0
0.5361346974166344 -0.03759736502557313 0.0
0.520261325827255 -0.03943799361776518 0.0
0.5043659436128396 -0.04101523445631058 0.0
0.4884649473356016 -0.04234395463646439 0.0
0.472574733557754 -0.043439021253481695 0.0
0.45671169884151075 -0.04431530140261758 0.0
0.4408922397490851 -0.04498766217912708 0.0
0.4251327527977789 -0.04547097001587909 0.0
0.4094495114483668 -0.04577827640756327 0.0
0.39385839785084636 -0.04591686147793672 0.0
0.3783752165487621 -0.0458928607474085 0.0
0.36301577208565944 -0.045712409736387634 0.0
0.34779586900508275 -0.045381643965283186 0.0
0.3327313118505769 -0.04490669895450418 0.0
0.31783790516568733 -0.04429371022445968 0.0
0.3031314343611198 -0.04354935029972553 0.0
0.28862703325296546 -0.04269858010598772 0.0
0.27433903899237194 -0.04178872068007351 0.0
0.26028174021558936 -0.04086845473353823 0.0
0.2464694255588675 -0.039986464977937175 0.0
0.2329163836584553 -0.039191434124825626 0.0
0.21963690315060297 -0.0385320448857589 0.0
0.20664527267155963 -0.038056979972292286 0.0
0.19395951441553333 -0.03780399974519704 0.0
0.181628142544574 -0.037721661726390764 0.0
0.16971456064986756 -0.03771496510286421 0.0
0.15828227312866552 -0.03768861415813696 0.0
0.14739478437821898 -0.037547313175728556 0.0
0.13711559879577895 -0.03719576643915858 0.0
0.12750822077859653 -0.03653867823194659 0.0
0.11863611224926707 -0.035480798948827795 0.0
0.11052453782963875 -0.03396834662999602 0.0
0.10309024568824993 -0.03206534664035903 0.0
0.09623084365517708 -0.029856603424858106 0.0
0.0898439395604968 -0.027426921428434576 0.0
0.0838271412342857 -0.02486110509602972 0.0
0.07807805650662016 -0.022243958872584842 0.0
0.0724942932075771 -0.0196602872030413 0.0
0.06697578322107083 -0.017194261126681695 0.0
0.06148696168452885 -0.014912471743328156 0.0
0.05606357775777802 -0.01286207398287026 0.0
0.05074507111206372 -0.011089216950471228 0.0
0.045570881418631595 -0.009640049751294294 0.0
0.04058044834872682 -0.008560721490502604 0.0
0.03581321157359512 -0.007897381273259391 0.0
0.03130861076448179 -0.0076961782047278385 0.0
0.02710267684543766 -0.007986387790932307 0.0
0.023206861026777995 -0.008675613787881686 0.0
0.019621833219381764 -0.009618091568864244 0.0
0.01634821732469067 -0.01066782875639699 0.0
0.013386637244146732 -0.011678832972996931 0.0
0.010737716879191428 -0.012505111841181105 0.0
0.008402080131266565 -0.013000672983466523 0.0
0.0063803402704808165 -0.013019664229648023 0.0
0.004668667998611582 -0.012474822525736937 0.0
0.0032519382259866073 -0.01142785505042193 0.0
0.0021132570748846353 -0.009963795968237946 0.0
0.0012357306675840774 -0.008167679443719959 0.0
0.0006024651263635681 -0.006124539641402893 0.0
0.00019656657350151862 -0.00391941072582172 0.0
0.0 0.0 0.0
100
0.0 0.0 0.0
0.00019317117473398765 0.0028504379144910106 0.0
0.0005968994452915419 0.004972483423510492 0.0
0.0012281346795183442 0.00697743104238228 0.0
0.002103826745260299 0.008838680134276617 0.0
0.0032409255103630873 0.010529630062363694 0.0
0.004656380842672614 0.012023680189813825 0.0
0.006367142610034448 0.01329422987979721 0.0
0.008388377203780334 0.0143206378145663 0.0
0.0107238614206736 0.01512031993572655 0.0
0.01337289259693149 0.015725659881120714 0.0
0.016334757349152927 0.016169077107188592 0.0
0.01960874229393673 0.016482991070369993 0.0
0.023194134047881836 0.016699821227104693 0.0
0.02709021922758716 0.016851987033832498 0.0
0.0312962385592336 0.01697189839293942 0.0
0.03580067935918549 0.017089726424497256 0.0
0.040567512814136904 0.017230538167318666 0.0
0.045557310181510005 0.017418692819479845 0.0
0.050730642718726154 0.017678549579056957 0.0
0.05604808168320752 0.018034467644126206 0.0
0.06147019833237602 0.01851080621276377 0.0
0.06695756392365347 0.019131924483045855 0.0
0.07247444088382593 0.019921875646022175 0.0
0.07805641837596587 0.020898799730726905 0.0
0.08380360031631943 0.022075488334347013 0.0
0.08981841508930387 0.023464540349936166 0.0
0.09620329107933652 0.025078554670548092 0.0
0.10306065667083462 0.02693013018923646 0.0
0.11049294024821556 0.029031865799054965 0.0
0.11860257019589629 0.03139636039305728 0.0
0.1274728322748612 0.034019989629468506 0.0
0.13707848283810192 0.03680715127864433 0.0
0.14735607637787407 0.039629867310424845 0.0
0.15824212490670614 0.04236012369338931 0.0
0.16967314043712695 0.04486990639611704 0.0
0.18158563498166516 0.04703120138718727 0.0
0.19391612055284982 0.04871599463517939 0.0
0.20660120985512453 0.04979679460804101 0.0
0.21959238816167764 0.05022328486561322 0.0
0.23287159818525247 0.0501031953507595 0.0
0.24642451196876866 0.049563607834802084 0.0
0.2602368015551466 0.048731604089063116 0.0
0.27429413898730576 0.04773426588486483 0.0
0.2885821963081662 0.04669867499352947 0.0
0.3030866455606473 0.04575191318637918 0.0
0.3177931122457088 0.04501576685680875 0.0
0.33268645759705395 0.04452506680114037 0.0
0.3477509177519337 0.04424352257537785 0.0
0.3629707104928286 0.044132755395370336 0.0
0.37833005360221955 0.044154386476967046 0.0
0.3938131648625874 0.044270037036017194 0.0
0.4094042620564132 0.04444132828836996 0.0
0.4250875629661778 0.044629881449874564 0.0
0.44084720441204056 0.04480515337222463 0.0
0.4566669149822704 0.04497611010567429 0.0
0.47253029488738124 0.04516414226194397 0.0
0.4884209442910343 0.045390644987265555 0.0
0.50432246335689 0.04567701342787099 0.0
0.5202184522486093 0.04604464272999214 0.0
0.536092511129853 0.046514928039860945 0.0
0.5519282416526703 0.04710886162540859 0.0
0.5677093954579366 0.04780683666283912 0.0
0.583420000553898 0.048514438992814296 0.0
0.5990441147122431 0.04912919806455491 0.0
0.6145657957046596 0.049548643327281774 0.0
0.6299691013028357 0.049670304230215664 0.0
0.6452380892784602 0.04939171022257742 0.0
0.6603568174032205 0.04861039075358781 0.0
0.6753079223399304 0.04723375291620175 0.0
0.690054020325011 0.04530835896793293 0.0
0.7045429280782415 0.04298363756549474 0.0
0.7187221153689948 0.04041142889971522 0.0
0.7325390519666419 0.03774357316142256 0.0
0.7459412076405544 0.035131910541444884 0.0
0.7588760521601038 0.03272828123061033 0.0
0.7712910552946617 0.030684525419747054 0.0
0.7831524395522751 0.029116903768123054 0.0
0.7945106209367274 0.027981936793023823 0.0
0.8054396337010412 0.027191334157234327 0.0
0.816013513298417 0.026656803246449503 0.0
0.8263062951820532 0.026290051446364253 0.0
0.8363920148051489 0.026002786142673512 0.0
0.846344707620904 0.02570671472107218 0.0
0.8562380448480185 0.025313887823734383 0.0
0.8661191939542211 0.024761333365077954 0.0
0.8759913183268215 0.024027548932913166 0.0
0.885853432494538 0.023094942020883618 0.0
0.8957045509860901 0.021945920122632818 0.0
0.9055436883301966 0.020562890731804364 0.0
0.9153698590555752 0.018928261342041803 0.0
0.9251820776909458 0.01702443944698873 0.0
0.9349774516308 0.01484007192930388 0.0
0.9447298536840253 0.012439820047689289 0.0
0.9543976453270157 0.009939092006838575 0.0
0.9639389050520728 0.007454221823493362 0.0
0.9733117113514983 0.005101543514395273 0.0
0.9824741427175934 0.0029973910962859743 0.0
0.9913842776426599 0.0012580985859069924 0.0
1.0 0.0 0.0
