100
1.0 0.0 0.0
0.9913847373912062 0.000429485486149805 0.0
0.9824754533001636 0.000856808108283816 0.0
0.9733140546837596 0.001306076157155059 0.0
0.9639424035571518 0.0018013979235165585 0.0
0.9544023619354998 0.00236688169812134 0.0
0.9447357918339616 0.0030266357717224288 0.0
0.934984555267696 0.0038047684350728497 0.0
0.9251902317691754 0.0047246106384595055 0.0
0.9153789170222452 0.00576688462478127 0.0
0.9055535132935062 0.0068484886127945345 0.0
0.8957150190945038 0.0078810820370169 0.0
0.8858644329367833 0.008776324331965967 0.0
0.876002753331889 0.009445874932159346 0.0
0.8661309787913666 0.009801393272114637 0.0
0.856250107826761 0.00975453878634945 0.0
0.8463569917869586 0.009222513416746621 0.0
0.8364044959280159 0.008181304656558048 0.0
0.82631899258898 0.006642306661312589 0.0
0.8160264900232882 0.004617400171547877 0.0
0.8054529964843771 0.0021184659278015118 0.0
0.7945245202256834 -0.0008426153293888744 0.0
0.7831670695006439 -0.004253962859485682 0.0
0.7713066537616649 -0.008103694577319985 0.0
0.7588928769755297 -0.012353467398565337 0.0
0.7459594519955541 -0.016870611009264635 0.0
0.7325588255684005 -0.02150144523155326 0.0
0.7187434444407298 -0.0260922898875665 0.0
0.7045657553592044 -0.03048946479943973 0.0
0.6900782050704862 -0.034539289789308314 0.0
0.6753332403212363 -0.03808808467930757 0.0
0.6603829622333357 -0.040984603137866386 0.0
0.6452647289579921 -0.04318141698090886 0.0
0.6299959547140322 -0.044771540690878964 0.0
0.6145926380411781 -0.045857957784638796 0.0
0.5990707774791515 -0.04654365177905047 0.0
0.583446371567675 -0.0469316061909761 0.0
0.5677354188464704 -0.047124804537277784 0.0
0.5519539178552599 -0.04722623033481762 0.0
0.5361178926879351 -0.047335334577781885 0.0
0.5202436047207175 -0.0475187671469728 0.0
0.5043474441065994 -0.04782537625439387 0.0
0.4884458022764674 -0.0483038334601638 0.0
0.4725550706612084 -0.0490028103244013 0.0
0.4566916406917093 -0.04997097840722514 0.0
0.44087190379885716 -0.051257009268753984 0.0
0.425112251368327 -0.05290956121715283 0.0
0.4094289509063642 -0.05494098220735927 0.0
0.39383787599166975 -0.05724815592143862 0.0
0.3783548220775217 -0.05970506666540619 0.0
0.36299558461719966 -0.062185698745277254 0.0
0.3477759590639821 -0.0645640364670672 0.0
0.3327117408711478 -0.06671406413679132 0.0
0.31781872549197615 -0.06850976606046486 0.0
0.3031126890472034 -0.06982658535334688 0.0
0.28860874926177765 -0.07058964684685348 0.0
0.2743212188803242 -0.07078481817262029 0.0
0.26026436162618455 -0.07040166604657842 0.0
0.2464524412227003 -0.06942975718465903 0.0
0.2328997213932119 -0.06785865830279315 0.0
0.2196204658610613 -0.06567793611691194 0.0
0.20662893834958945 -0.06287715734294648 0.0
0.19394314230929846 -0.05946035832449623 0.0
0.1816116235424098 -0.055549748854327806 0.0
0.16969784188306083 -0.051325243600348985 0.0
0.1582653581380228 -0.04696714791041475 0.0
0.14737773311406657 -0.04265576713238001 0.0
0.13709852761796304 -0.03857140661409959 0.0
0.12749130245648316 -0.03489437170342849 0.0
0.11861957593504473 -0.0318048930584676 0.0
0.11050864504951984 -0.029416033118252378 0.0
0.1030752221347809 -0.027650033065718317 0.0
0.09621686715663608 -0.026395476667657708 0.0
0.08983114008089366 -0.025540947690862927 0.0
0.0838156008733618 -0.024975029902126303 0.0
0.07806780949984882 -0.0245863070682402 0.0
0.07248532592616329 -0.02426336295599696 0.0
0.06696803459198472 -0.023896919569650312 0.0
0.06148033484838722 -0.023437044902255108 0.0
0.05605795295765648 -0.022899419159338866 0.0
0.05074030636049551 -0.022303117988323812 0.0
0.04556681249760688 -0.021667217036632203 0.0
0.04057688880969326 -0.021010791951686248 0.0
0.03580995273745735 -0.020352918380908188 0.0
0.03130542172160181 -0.019712671971720257 0.0
0.02709931270284402 -0.019104618286143814 0.0
0.023203122376947907 -0.018510801668946742 0.0
0.019617592224789898 -0.017899001816211353 0.0
0.016343417829126 -0.017236937549311496 0.0
0.013381294772712025 -0.01649232768962106 0.0
0.010731918638303533 -0.015632891058513863 0.0
0.008395985008656435 -0.014626346477363803 0.0
0.0063741787666070394 -0.013440449130262815 0.0
0.004662713566187377 -0.012058149272134427 0.0
0.0032464343971040617 -0.010501032545897423 0.0
0.0021084060499793676 -0.008796734441696626 0.0
0.001231693315435792 -0.006972890449676911 0.0
0.0005993609840958295 -0.005057136059983089 0.0
0.00019447384658175405 -0.0030771067627600305 0.0
0.0 0.0 0.0
100
0.0 0.0 0.0
0.0001941849841562976 0.002974655528596234 0.0
0.0005988836071280584 0.00494406755019511 0.0
0.0012310335145376908 0.006850154166199815 0.0
0.0021075723520077145 0.008669510741505838 0.0
0.0032454377651604275 0.010378732641008623 0.0
0.004661567399618127 0.011954415229603738 0.0
0.006372898901003334 0.013373153872186624 0.0
0.00839458918126507 0.014616693904105521 0.0
0.010730423074046603 0.01569966927742423 0.0
0.013379712841488535 0.0166496488436983 0.0
0.016341760042598828 0.017494232408475547 0.0
0.01961586623638533 0.018261019777303735 0.0
0.023201332981856337 0.01897761075573063 0.0
0.027097461838019588 0.019671605149304015 0.0
0.03130350847163763 0.020370540543259038 0.0
0.03580797471139575 0.02108737456141764 0.0
0.04057484527994046 0.021801824745555507 0.0
0.04556470483524213 0.022488998858927692 0.0
0.05073813803527078 0.023124004664789234 0.0
0.05605572953799666 0.023681949926395187 0.0
0.06147806400139033 0.02413794240700061 0.0
0.0669657260834216 0.024467089869860566 0.0
0.07248299125976301 0.02464866172736362 0.0
0.07806545494698665 0.024742345498186963 0.0
0.08381322116843883 0.024880566562685565 0.0
0.08982871819418177 0.025198371048190622 0.0
0.09621437429427757 0.02583080508203331 0.0
0.10307261773878858 0.02691291479154482 0.0
0.11050587679777714 0.02857974630405634 0.0
0.11861657974130523 0.030966345746899042 0.0
0.12748800595745935 0.03416836102885915 0.0
0.13709486994342673 0.0380580712321064 0.0
0.14737367184583564 0.04242913062213503 0.0
0.1582608693176988 0.04707510603517155 0.0
0.16969292001202924 0.0517895643074425 0.0
0.18160628158183983 0.056366072275174324 0.0
0.19393741168014397 0.06059819677459374 0.0
0.20662286889313677 0.06427994047834014 0.0
0.21961412001183478 0.06726968071145355 0.0
0.23289316224570608 0.06955762724284455 0.0
0.2464457310702213 0.0711501319307919 0.0
0.26025756196085204 0.07205354663357443 0.0
0.27431439039306926 0.07227422320947091 0.0
0.28860195184234405 0.07181851351676016 0.0
0.3031059817841472 0.07069276941372094 0.0
0.31781216624980907 0.0689085026614517 0.0
0.33270537934659156 0.0665619559763583 0.0
0.3477698311066564 0.06381867377407903 0.0
0.36298971206286107 0.06084623538303792 0.0
0.3783492127480634 0.05781222013165917 0.0
0.3938325236951208 0.054884207348367 0.0
0.4094238354368914 0.052229776361585385 0.0
0.42510733850623283 0.050016506499738586 0.0
0.4408671482318267 0.048373675417989585 0.0
0.45668700074444635 0.047237434336823036 0.0
0.47255051292750283 0.0464832014994461 0.0
0.48844130162088634 0.0459863729837457 0.0
0.5043429836644873 0.045622344867608834 0.0
0.5202391758981951 0.04526651322892249 0.0
0.5361134951619004 0.044794274145573625 0.0
0.5519495595525463 0.04408163697896992 0.0
0.5677311138436176 0.04306641326221946 0.0
0.583442136221073 0.04180029037143411 0.0
0.5990666300082765 0.04034721956514135 0.0
0.6145885985285916 0.03877115210186856 0.0
0.629992045105382 0.03713603924014322 0.0
0.6452609730620121 0.03550583223849271 0.0
0.6603793857218452 0.033944482355444464 0.0
0.6753298703934123 0.03251300543273 0.0
0.6900750657231599 0.031231063481320803 0.0
0.7045628638905654 0.030087748898211936 0.0
0.7187408113683614 0.02907143742590718 0.0
0.7325564546292797 0.028170504806910412 0.0
0.7459573401460519 0.027373326783725452 0.0
0.7588910143914102 0.026668279098856145 0.0
0.7713050238380864 0.026043737494806332 0.0
0.7831656497979005 0.025489273953519697 0.0
0.7945232867152751 0.0249998311700883 0.0
0.8054519247401294 0.024571858450544184 0.0
0.8160255552214142 0.024201805177478688 0.0
0.8263181695080797 0.023886120733483163 0.0
0.8364037589490753 0.023621254501148967 0.0
0.846356314893352 0.023403655863067436 0.0
0.8562494646423934 0.02322946164893895 0.0
0.8661303453562768 0.023072065582007154 0.0
0.8760021127105702 0.02286710108937573 0.0
0.8858637756526723 0.022546641425374735 0.0
0.8957143431299823 0.022042759844334174 0.0
0.905552824089899 0.021287529600584092 0.0
0.9153782274798202 0.020213023948454506 0.0
0.9251895622471459 0.018751316142275473 0.0
0.9349839328868197 0.016843851352162473 0.0
0.944735241980165 0.01454625264754623 0.0
0.9544019025877218 0.011990367885740674 0.0
0.9639420451838627 0.009309435546206571 0.0
0.9733138002429609 0.006636694108404685 0.0
0.9824752982393891 0.004105382051795833 0.0
0.9913846696475205 0.001848737855840664 0.0
1.0 0.0 0.0
