100
1.000000000000000000e+00 0.000000000000000000e+00 0.000000000000000000e+00
9.810404096398142038e-01 -3.073958629544608942e-04 0.000000000000000000e+00
9.636444315148985362e-01 -1.123922991436426735e-03 0.000000000000000000e+00
9.476830024519047324e-01 -2.376737628976742511e-03 0.000000000000000000e+00
9.330321907615649613e-01 -3.992996019106251696e-03 0.000000000000000000e+00
9.195680647546138342e-01 -5.899854405355801391e-03 0.000000000000000000e+00
9.071666927417838533e-01 -8.024469031256233065e-03 0.000000000000000000e+00
8.957041430338085197e-01 -1.029399614033839165e-02 0.000000000000000000e+00
8.850564839414211127e-01 -1.263559197613312556e-02 0.000000000000000000e+00
8.750997837753553554e-01 -1.497641278217127364e-02 0.000000000000000000e+00
8.657101108463443051e-01 -1.724361480198368865e-02 0.000000000000000000e+00
8.567635334651209078e-01 -1.936435427910120077e-02 0.000000000000000000e+00
8.481459797663761790e-01 -2.127938912873519883e-02 0.000000000000000000e+00
8.397899837654773103e-01 -2.299377028898268518e-02 0.000000000000000000e+00
8.316418366716084032e-01 -2.453152680894613372e-02 0.000000000000000000e+00
8.236478317008393280e-01 -2.591669050623441120e-02 0.000000000000000000e+00
8.157542620692393998e-01 -2.717329319845636360e-02 0.000000000000000000e+00
8.079074209928780448e-01 -2.832536670322082298e-02 0.000000000000000000e+00
8.000536016878245782e-01 -2.939694283813664225e-02 0.000000000000000000e+00
7.921390973701485372e-01 -3.041205342081267429e-02 0.000000000000000000e+00
7.841102012559191259e-01 -3.139473026885775120e-02 0.000000000000000000e+00
7.759132065612059925e-01 -3.236900519988072933e-02 0.000000000000000000e+00
7.674944065020785633e-01 -3.335891003149046158e-02 0.000000000000000000e+00
7.588084648922863718e-01 -3.438539471364016054e-02 0.000000000000000000e+00
7.498568849251769919e-01 -3.545216397981176132e-02 0.000000000000000000e+00
7.406574532223979546e-01 -3.655692736781336605e-02 0.000000000000000000e+00
7.312279727544203078e-01 -3.769738839618030912e-02 0.000000000000000000e+00
7.215862464917149888e-01 -3.887125058344793188e-02 0.000000000000000000e+00
7.117500774047530454e-01 -4.007621744815157566e-02 0.000000000000000000e+00
7.017372684640058589e-01 -4.130999250882659568e-02 0.000000000000000000e+00
6.915656226399444773e-01 -4.257027928400832634e-02 0.000000000000000000e+00
6.812529429030392825e-01 -4.385478129223211591e-02 0.000000000000000000e+00
6.708170322237619887e-01 -4.516120205203328491e-02 0.000000000000000000e+00
6.602756935725836440e-01 -4.648724508194720939e-02 0.000000000000000000e+00
6.496455404139721557e-01 -4.782895410538332004e-02 0.000000000000000000e+00
6.389352783764861154e-01 -4.917133852775420338e-02 0.000000000000000000e+00
6.281503871484047652e-01 -5.049490639009097948e-02 0.000000000000000000e+00
6.172963369019587310e-01 -5.178015245506382286e-02 0.000000000000000000e+00
6.063785978093785278e-01 -5.300757148534288032e-02 0.000000000000000000e+00
5.954026400428947818e-01 -5.415765824359830560e-02 0.000000000000000000e+00
5.843739337747380080e-01 -5.521090749250028018e-02 0.000000000000000000e+00
5.732979491771391656e-01 -5.614781399471890921e-02 0.000000000000000000e+00
5.621801564223285474e-01 -5.694887251292435337e-02 0.000000000000000000e+00
5.510260256825370018e-01 -5.759457780978676639e-02 0.000000000000000000e+00
5.398410271299949326e-01 -5.806542464797630893e-02 0.000000000000000000e+00
5.286306306552325252e-01 -5.834675468869673226e-02 0.000000000000000000e+00
5.174003039115953051e-01 -5.846240216343024515e-02 0.000000000000000000e+00
5.061555134855791893e-01 -5.845455734212882948e-02 0.000000000000000000e+00
4.949017259571101279e-01 -5.836552354194066844e-02 0.000000000000000000e+00
4.836444079061127943e-01 -5.823760408001384808e-02 0.000000000000000000e+00
4.723890259125130830e-01 -5.811310227349653079e-02 0.000000000000000000e+00
4.611410465562365557e-01 -5.803432143953685118e-02 0.000000000000000000e+00
4.499059364172082187e-01 -5.804356489528289531e-02 0.000000000000000000e+00
4.386891620753541332e-01 -5.818313595788285331e-02 0.000000000000000000e+00
4.274961901105993056e-01 -5.849533794448481816e-02 0.000000000000000000e+00
4.163324871028692975e-01 -5.902247417223693837e-02 0.000000000000000000e+00
4.052035196500898273e-01 -5.980122398836366232e-02 0.000000000000000000e+00
3.941147545222675186e-01 -6.081450240676813251e-02 0.000000000000000000e+00
3.830716585849985867e-01 -6.201535878040694005e-02 0.000000000000000000e+00
3.720796987049034277e-01 -6.335652248215457860e-02 0.000000000000000000e+00
3.611443417486019380e-01 -6.479072288488549325e-02 0.000000000000000000e+00
3.502710545827146804e-01 -6.627068936147417766e-02 0.000000000000000000e+00
3.394653040738617733e-01 -6.774915128479506998e-02 0.000000000000000000e+00
3.287325570886637238e-01 -6.917883802772266388e-02 0.000000000000000000e+00
3.180782804937405950e-01 -7.051247896313143915e-02 0.000000000000000000e+00
3.075079411557125053e-01 -7.170280346389582005e-02 0.000000000000000000e+00
2.970270059412001284e-01 -7.270254090289031412e-02 0.000000000000000000e+00
2.866393265914274902e-01 -7.346599535775603929e-02 0.000000000000000000e+00
2.763299790148930901e-01 -7.396577684904681593e-02 0.000000000000000000e+00
2.660719256796260090e-01 -7.418630568306652795e-02 0.000000000000000000e+00
2.558379271629813712e-01 -7.411219900421485429e-02 0.000000000000000000e+00
2.456007440423143562e-01 -7.372807395689152943e-02 0.000000000000000000e+00
2.353331368949795055e-01 -7.301854768549626007e-02 0.000000000000000000e+00
2.250078662983319433e-01 -7.196823733442879456e-02 0.000000000000000000e+00
2.145976928297267383e-01 -7.056176004808879798e-02 0.000000000000000000e+00
2.040753770665185152e-01 -6.878373297087599092e-02 0.000000000000000000e+00
1.934136795860627589e-01 -6.661877324719014948e-02 0.000000000000000000e+00
1.825853609657140109e-01 -6.405149802143091098e-02 0.000000000000000000e+00
1.715666452094476158e-01 -6.106983838068923837e-02 0.000000000000000000e+00
1.603833658092259085e-01 -5.770919371964994965e-02 0.000000000000000000e+00
1.490984443258435710e-01 -5.404045075469404019e-02 0.000000000000000000e+00
1.377756948485182598e-01 -5.013535020847086077e-02 0.000000000000000000e+00
1.264789314664672981e-01 -4.606563280362956786e-02 0.000000000000000000e+00
1.152719682689083286e-01 -4.190303926281955388e-02 0.000000000000000000e+00
1.042186193450586329e-01 -3.771931030868996143e-02 0.000000000000000000e+00
9.338269878413574254e-02 -3.358618666389013435e-02 0.000000000000000000e+00
8.282802067535757762e-02 -2.957540905106938525e-02 0.000000000000000000e+00
7.261839910794098962e-02 -2.575871819287688103e-02 0.000000000000000000e+00
6.281764817110373211e-02 -2.220785481196195510e-02 0.000000000000000000e+00
5.348954613557671545e-02 -1.899128644824215825e-02 0.000000000000000000e+00
4.469722825861709159e-02 -1.611872046523426735e-02 0.000000000000000000e+00
3.650327360802096965e-02 -1.354903824499641661e-02 0.000000000000000000e+00
2.897024291251851583e-02 -1.123944530002792853e-02 0.000000000000000000e+00
2.216069690084050345e-02 -9.147147142828208899e-03 0.000000000000000000e+00
1.613719630171775096e-02 -7.229349285896670418e-03 0.000000000000000000e+00
1.096230184388049742e-02 -5.443257241732649479e-03 0.000000000000000000e+00
6.698574256059536963e-03 -3.746076522835570070e-03 0.000000000000000000e+00
3.408574266985340238e-03 -2.095012641704775084e-03 0.000000000000000000e+00
1.154862605388711373e-03 -4.472711108396728967e-04 0.000000000000000000e+00
0.000000000000000000e+00 1.239942557260338089e-03 0.000000000000000000e+00
101
0.000000000000000000e+00 1.239942557260338089e-03 0.000000000000000000e+00
3.941754265801426690e-06 3.008210250800863461e-03 0.000000000000000000e+00
1.166718390098163806e-03 4.871224074201835168e-03 0.000000000000000000e+00
3.428435647874560066e-03 6.814786348097475084e-03 0.000000000000000000e+00
6.726593842688719481e-03 8.823486793826992164e-03 0.000000000000000000e+00
1.099869328963392484e-02 1.088191513272959710e-02 0.000000000000000000e+00
1.618223430380366992e-02 1.297466108614445113e-02 0.000000000000000000e+00
2.221471720029157340e-02 1.508631437541085689e-02 0.000000000000000000e+00
2.903364229419113859e-02 1.720146472186798170e-02 0.000000000000000000e+00
3.657650990059575086e-02 1.930470184685503451e-02 0.000000000000000000e+00
4.478082033459879902e-02 2.138061547171122428e-02 0.000000000000000000e+00
5.358407391129380026e-02 2.341379531777572354e-02 0.000000000000000000e+00
6.292374928965532854e-02 2.538901894826979880e-02 0.000000000000000000e+00
7.273666833916729579e-02 2.729676081849164229e-02 0.000000000000000000e+00
8.295889361163406861e-02 2.913408158972653414e-02 0.000000000000000000e+00
9.352644536175223899e-02 3.089840880193548897e-02 0.000000000000000000e+00
1.043753438442184683e-01 3.258716999507949713e-02 0.000000000000000000e+00
1.154416093137298760e-01 3.419779270911965652e-02 0.000000000000000000e+00
1.266612620249826515e-01 3.572770448401697135e-02 0.000000000000000000e+00
1.379703222326735257e-01 3.717433285973244239e-02 0.000000000000000000e+00
1.493048101914992154e-01 3.853510537622709814e-02 0.000000000000000000e+00
1.606007461561559657e-01 3.980744957346195323e-02 0.000000000000000000e+00
1.717941503813413540e-01 4.098879299139808474e-02 0.000000000000000000e+00
1.828219375908088085e-01 4.207657973095089293e-02 0.000000000000000000e+00
1.936581912181651599e-01 4.306894206587430496e-02 0.000000000000000000e+00
2.043267120514909718e-01 4.396493277894942403e-02 0.000000000000000000e+00
2.148547718360559744e-01 4.476366891718576435e-02 0.000000000000000000e+00
2.252696423171297035e-01 4.546426752759287482e-02 0.000000000000000000e+00
2.355985952399823335e-01 4.606584565718032515e-02 0.000000000000000000e+00
2.458689023498830672e-01 4.656752035295760178e-02 0.000000000000000000e+00
2.561078353921018014e-01 4.696840866193429526e-02 0.000000000000000000e+00
2.663426661119083216e-01 4.726762763111992671e-02 0.000000000000000000e+00
2.766006662545722472e-01 4.746429430752403117e-02 0.000000000000000000e+00
2.869091075653632528e-01 4.755752573815614365e-02 0.000000000000000000e+00
2.972950605402386870e-01 4.754652984637045693e-02 0.000000000000000000e+00
3.077735207164042364e-01 4.743596713619976230e-02 0.000000000000000000e+00
3.183407674450007829e-01 4.723894961172868390e-02 0.000000000000000000e+00
3.289914700826695459e-01 4.696931628779899698e-02 0.000000000000000000e+00
3.397202979860515226e-01 4.664090617925246290e-02 0.000000000000000000e+00
3.505219205117874326e-01 4.626755830093085692e-02 0.000000000000000000e+00
3.613910070165183841e-01 4.586311166767595426e-02 0.000000000000000000e+00
3.723222268568853743e-01 4.544140529432955100e-02 0.000000000000000000e+00
3.833102493895288454e-01 4.501627819573339462e-02 0.000000000000000000e+00
3.943497439710903496e-01 4.460156938672927424e-02 0.000000000000000000e+00
4.054353799582106066e-01 4.421111788215894428e-02 0.000000000000000000e+00
4.165618260254155270e-01 4.385877622121947539e-02 0.000000000000000000e+00
4.277236871813295815e-01 4.355965925233211411e-02 0.000000000000000000e+00
4.389154538228592362e-01 4.333115424018934431e-02 0.000000000000000000e+00
4.501316043580555482e-01 4.319088615355200222e-02 0.000000000000000000e+00
4.613666171949686867e-01 4.315647996118092411e-02 0.000000000000000000e+00
4.726149707416490986e-01 4.324556063183694621e-02 0.000000000000000000e+00
4.838711434061467864e-01 4.347575313428088395e-02 0.000000000000000000e+00
4.951296135965123080e-01 4.386468243727358052e-02 0.000000000000000000e+00
5.063848597207964986e-01 4.442997350957587216e-02 0.000000000000000000e+00
5.176313601870496939e-01 4.518925131994860900e-02 0.000000000000000000e+00
5.288635934033220076e-01 4.616014083715261340e-02 0.000000000000000000e+00
5.400760377349906882e-01 4.736013778698760363e-02 0.000000000000000000e+00
5.512631646183616674e-01 4.878575206944377185e-02 0.000000000000000000e+00
5.624194309594940933e-01 5.038948635625487005e-02 0.000000000000000000e+00
5.735392918348319879e-01 5.211830202719720112e-02 0.000000000000000000e+00
5.846172023208179303e-01 5.391916046204710267e-02 0.000000000000000000e+00
5.956476174938951651e-01 5.573902304058087759e-02 0.000000000000000000e+00
6.066249924305068264e-01 5.752485114257480103e-02 0.000000000000000000e+00
6.175437822070964922e-01 5.922360614780527999e-02 0.000000000000000000e+00
6.283984419001068522e-01 6.078224943604856184e-02 0.000000000000000000e+00
6.391834265859822617e-01 6.214774238708102583e-02 0.000000000000000000e+00
6.498931913411644112e-01 6.326704638067892628e-02 0.000000000000000000e+00
6.605221818434149350e-01 6.408718872503882391e-02 0.000000000000000000e+00
6.710616576171130054e-01 6.457754646281507749e-02 0.000000000000000000e+00
6.814950678814479801e-01 6.476228315387261292e-02 0.000000000000000000e+00
6.918046870202910759e-01 6.467380341060502413e-02 0.000000000000000000e+00
7.019727894175138427e-01 6.434451184540596058e-02 0.000000000000000000e+00
7.119816494569870535e-01 6.380681307066907171e-02 0.000000000000000000e+00
7.218135415225829243e-01 6.309311169878792369e-02 0.000000000000000000e+00
7.314507399981723390e-01 6.223581234215617985e-02 0.000000000000000000e+00
7.408755192676268475e-01 6.126731961316743413e-02 0.000000000000000000e+00
7.500701537148181108e-01 6.022003812421533597e-02 0.000000000000000000e+00
7.590169177236170128e-01 5.912637248769349319e-02 0.000000000000000000e+00
7.676981019874995482e-01 5.801871574142551669e-02 0.000000000000000000e+00
7.761122415656014351e-01 5.691793265145821124e-02 0.000000000000000000e+00
7.843045985327414815e-01 5.581172684062540162e-02 0.000000000000000000e+00
7.923287854810243669e-01 5.468187575189176891e-02 0.000000000000000000e+00
8.002384150025558807e-01 5.351015682822195252e-02 0.000000000000000000e+00
8.080870996894411462e-01 5.227834751258066126e-02 0.000000000000000000e+00
8.159284521337856200e-01 5.096822524793247905e-02 0.000000000000000000e+00
8.238160849276946474e-01 4.956156747724208000e-02 0.000000000000000000e+00
8.318036106632735738e-01 4.804015164347415212e-02 0.000000000000000000e+00
8.399446419326278557e-01 4.638575518959335564e-02 0.000000000000000000e+00
8.482927913278630605e-01 4.458015555856437162e-02 0.000000000000000000e+00
8.569016734528712709e-01 4.260512962409285231e-02 0.000000000000000000e+00
8.658386937118477400e-01 4.043855198987306165e-02 0.000000000000000000e+00
8.752179772399018010e-01 3.804507735931077217e-02 0.000000000000000000e+00
8.851635330819728198e-01 3.538656366665543507e-02 0.000000000000000000e+00
8.957993702830003846e-01 3.242486884615661258e-02 0.000000000000000000e+00
9.072494978879251937e-01 2.912185083206363795e-02 0.000000000000000000e+00
9.196379249416855028e-01 2.543936755862601443e-02 0.000000000000000000e+00
9.330886604892220104e-01 2.133927696009324526e-02 0.000000000000000000e+00
9.477257135754736384e-01 1.678343697071477125e-02 0.000000000000000000e+00
9.636730932453801968e-01 1.173370552474018585e-02 0.000000000000000000e+00
1.000000000000000000e+00 0.000000000000000000e+00 0.000000000000000000e+00
