100
1.000000000000000000e+00 0.000000000000000000e+00 0.000000000000000000e+00
9.810195389829897694e-01 2.286688564038910892e-03 0.000000000000000000e+00
9.636327571259317715e-01 3.517862483821851145e-03 0.000000000000000000e+00
9.476760836592983406e-01 3.818820561856654198e-03 0.000000000000000000e+00
9.330261527220505835e-01 3.314861600651147853e-03 0.000000000000000000e+00
9.195595984531510503e-01 2.131284402713165549e-03 0.000000000000000000e+00
9.071530549915612918e-01 3.933877705505424600e-04 0.000000000000000000e+00
8.956831564762431919e-01 -1.773529493328899467e-03 0.000000000000000000e+00
8.850265370461590786e-01 -4.244168586417322239e-03 0.000000000000000000e+00
8.750598308402707248e-01 -6.893230706206894369e-03 0.000000000000000000e+00
8.656596719975401255e-01 -9.595417050189791741e-03 0.000000000000000000e+00
8.567026946569290535e-01 -1.222542881585816921e-02 0.000000000000000000e+00
8.480753100414830659e-01 -1.467744291017301222e-02 0.000000000000000000e+00
8.397101441561897195e-01 -1.693769494170209791e-02 0.000000000000000000e+00
8.315534647547412339e-01 -1.901959454474258862e-02 0.000000000000000000e+00
8.235515415808752904e-01 -2.093655531770923298e-02 0.000000000000000000e+00
8.156506443783285709e-01 -2.270199085901676919e-02 0.000000000000000000e+00
8.077970428908373135e-01 -2.432931476707990079e-02 0.000000000000000000e+00
7.999370068621386443e-01 -2.583194064031338680e-02 0.000000000000000000e+00
7.920168060359695783e-01 -2.722328207713193768e-02 0.000000000000000000e+00
7.839827101560665756e-01 -2.851675267595029165e-02 0.000000000000000000e+00
7.757809889661666514e-01 -2.972576603518317651e-02 0.000000000000000000e+00
7.673579122100064875e-01 -3.086373575324532353e-02 0.000000000000000000e+00
7.586681213826432790e-01 -3.194267194041129632e-02 0.000000000000000000e+00
7.497131038141594539e-01 -3.296673120398386364e-02 0.000000000000000000e+00
7.405106325071276752e-01 -3.393733992824309736e-02 0.000000000000000000e+00
7.310784968151973207e-01 -3.485592175628132727e-02 0.000000000000000000e+00
7.214344860920181013e-01 -3.572390033119086233e-02 0.000000000000000000e+00
7.115963896912395059e-01 -3.654269929606401845e-02 0.000000000000000000e+00
7.015819969665112454e-01 -3.731374229399312542e-02 0.000000000000000000e+00
6.914090972714824757e-01 -3.803845296807049914e-02 0.000000000000000000e+00
6.810954799598026854e-01 -3.871825496138844858e-02 0.000000000000000000e+00
6.706589343851216967e-01 -3.935457191703928964e-02 0.000000000000000000e+00
6.601172499010891093e-01 -3.994882747811534518e-02 0.000000000000000000e+00
6.494870260929693773e-01 -4.050185523429437190e-02 0.000000000000000000e+00
6.387769529658035017e-01 -4.101056610015407083e-02 0.000000000000000000e+00
6.279924938727725614e-01 -4.147027076541185547e-02 0.000000000000000000e+00
6.171391026489112530e-01 -4.187627519935781251e-02 0.000000000000000000e+00
6.062222331292536071e-01 -4.222388537128204944e-02 0.000000000000000000e+00
5.952473391488332100e-01 -4.250840725047463214e-02 0.000000000000000000e+00
5.842198745426846473e-01 -4.272514680622568894e-02 0.000000000000000000e+00
5.731452931458419497e-01 -4.286941000782527877e-02 0.000000000000000000e+00
5.620290487933391477e-01 -4.293650282456351608e-02 0.000000000000000000e+00
5.508765953202103827e-01 -4.292173122573045285e-02 0.000000000000000000e+00
5.396933865614895742e-01 -4.282040118061623130e-02 0.000000000000000000e+00
5.284848646037835218e-01 -4.263165965719030448e-02 0.000000000000000000e+00
5.172563782313160941e-01 -4.238515764791968288e-02 0.000000000000000000e+00
5.060132317349939068e-01 -4.212509266796674728e-02 0.000000000000000000e+00
4.947607291317098754e-01 -4.189575181846895424e-02 0.000000000000000000e+00
4.835041744383542506e-01 -4.174142220056373254e-02 0.000000000000000000e+00
4.722488716718190593e-01 -4.170639091538850401e-02 0.000000000000000000e+00
4.610001248489959402e-01 -4.183494506408071134e-02 0.000000000000000000e+00
4.497632379867759767e-01 -4.217137174777778330e-02 0.000000000000000000e+00
4.385435151020513067e-01 -4.275995806761716256e-02 0.000000000000000000e+00
4.273462602117126807e-01 -4.364499112473627790e-02 0.000000000000000000e+00
4.161767773326524034e-01 -4.487075802027254423e-02 0.000000000000000000e+00
4.050404002782082569e-01 -4.647424797201846897e-02 0.000000000000000000e+00
3.939427477114112452e-01 -4.842268349594845006e-02 0.000000000000000000e+00
3.828895965270385782e-01 -5.064453225824826904e-02 0.000000000000000000e+00
3.718867253151588725e-01 -5.306784670643367730e-02 0.000000000000000000e+00
3.609399126658404677e-01 -5.562067928802034988e-02 0.000000000000000000e+00
3.500549371691522027e-01 -5.823108245052403820e-02 0.000000000000000000e+00
3.392375774151625833e-01 -6.082710864146045199e-02 0.000000000000000000e+00
3.284936119939405041e-01 -6.333681030834528713e-02 0.000000000000000000e+00
3.178288194955545820e-01 -6.568823989869432278e-02 0.000000000000000000e+00
3.072489785100729898e-01 -6.780944986002319930e-02 0.000000000000000000e+00
2.967598676275647884e-01 -6.962849263984766113e-02 0.000000000000000000e+00
2.863656334572938222e-01 -7.107693685859993449e-02 0.000000000000000000e+00
2.760514508316691540e-01 -7.212722664686636864e-02 0.000000000000000000e+00
2.657902547270644122e-01 -7.277817743210691914e-02 0.000000000000000000e+00
2.555547761222524694e-01 -7.302904416339611737e-02 0.000000000000000000e+00
2.453177459960066975e-01 -7.287908178980852247e-02 0.000000000000000000e+00
2.350518953270999967e-01 -7.232754526041867971e-02 0.000000000000000000e+00
2.247299550943052948e-01 -7.137368952430112046e-02 0.000000000000000000e+00
2.143246562763958252e-01 -7.001676953053038999e-02 0.000000000000000000e+00
2.038087298521444324e-01 -6.825604022818100580e-02 0.000000000000000000e+00
1.931549068003245995e-01 -6.609075656632758256e-02 0.000000000000000000e+00
1.823359180997089213e-01 -6.352017349404454061e-02 0.000000000000000000e+00
1.713279500774054220e-01 -6.054620507300759874e-02 0.000000000000000000e+00
1.601566828366300654e-01 -5.720885400631937207e-02 0.000000000000000000e+00
1.488847980431934892e-01 -5.357659807740036695e-02 0.000000000000000000e+00
1.375758678095478915e-01 -4.971860032558569897e-02 0.000000000000000000e+00
1.262934642481445546e-01 -4.570402379021022699e-02 0.000000000000000000e+00
1.151011594714351355e-01 -4.160203151060906657e-02 0.000000000000000000e+00
1.040625255918714714e-01 -3.748178652611712514e-02 0.000000000000000000e+00
9.324113472190484475e-02 -3.341245187606943501e-02 0.000000000000000000e+00
8.270055897398749523e-02 -2.946319059980106667e-02 0.000000000000000000e+00
7.250437046057058021e-02 -2.570316573664691018e-02 0.000000000000000000e+00
6.271614129410592320e-02 -2.220154032594202215e-02 0.000000000000000000e+00
5.339942134451404476e-02 -1.902387773648203315e-02 0.000000000000000000e+00
4.461736118379057425e-02 -1.617112005153888143e-02 0.000000000000000000e+00
3.643276600190416964e-02 -1.358831367024864074e-02 0.000000000000000000e+00
2.890842960064677475e-02 -1.121866196043107278e-02 0.000000000000000000e+00
2.210714578181051729e-02 -9.005368289906024240e-03 0.000000000000000000e+00
1.609170834718779211e-02 -6.891636026493347909e-03 0.000000000000000000e+00
1.092491109857052223e-02 -4.820668538012813295e-03 0.000000000000000000e+00
6.669547837750850090e-03 -2.735669192284290955e-03 0.000000000000000000e+00
3.388412366521163181e-03 -5.798413571275517001e-04 0.000000000000000000e+00
1.144298486673497048e-03 1.703611599637553861e-03 0.000000000000000000e+00
0.000000000000000000e+00 4.171486310191179457e-03 0.000000000000000000e+00
101
0.000000000000000000e+00 4.171486310191179457e-03 0.000000000000000000e+00
1.569601559354072748e-05 6.878508781079062731e-03 0.000000000000000000e+00
1.191427710463781450e-03 9.831780629254211271e-03 0.000000000000000000e+00
3.467098329537170610e-03 1.299077908207684276e-02 0.000000000000000000e+00
6.779996425040878301e-03 1.631291074127272714e-02 0.000000000000000000e+00
1.106741054920218868e-02 1.975558220856765343e-02 0.000000000000000000e+00
1.626662925424792600e-02 2.327620008568730484e-02 0.000000000000000000e+00
2.231494109240560533e-02 2.683217097435761436e-02 0.000000000000000000e+00
2.914963461590227428e-02 3.038090147630429297e-02 0.000000000000000000e+00
3.670799837696499257e-02 3.387979819325310366e-02 0.000000000000000000e+00
4.492732092782103503e-02 3.728626772692983371e-02 0.000000000000000000e+00
5.374489082069735385e-02 4.055771667906019062e-02 0.000000000000000000e+00
6.309797903980018940e-02 4.365232887210263729e-02 0.000000000000000000e+00
7.292332376419312367e-02 4.655185977604512498e-02 0.000000000000000000e+00
8.315704719419679536e-02 4.926531616281106668e-02 0.000000000000000000e+00
9.373523721759055571e-02 5.180322281356714020e-02 0.000000000000000000e+00
1.045939817221537560e-01 5.417610450948000256e-02 0.000000000000000000e+00
1.156693685956661083e-01 5.639448603171642177e-02 0.000000000000000000e+00
1.268974857259069777e-01 5.846889216144308954e-02 0.000000000000000000e+00
1.382144210006555074e-01 6.040984767982663511e-02 0.000000000000000000e+00
1.495562623076912845e-01 6.222787736803375713e-02 0.000000000000000000e+00
1.608590975347935492e-01 6.393350600723113342e-02 0.000000000000000000e+00
1.720590145697422080e-01 6.553725837858553893e-02 0.000000000000000000e+00
1.830929935290656618e-01 6.704928135977732129e-02 0.000000000000000000e+00
1.939350901455218490e-01 6.846401845125768548e-02 0.000000000000000000e+00
2.046089529830898146e-01 6.975490810984665002e-02 0.000000000000000000e+00
2.151416928694968866e-01 7.089392235055598512e-02 0.000000000000000000e+00
2.255604206324700878e-01 7.185303318839747488e-02 0.000000000000000000e+00
2.358922470997370235e-01 7.260421263838295891e-02 0.000000000000000000e+00
2.461642830990244946e-01 7.311943271552417967e-02 0.000000000000000000e+00
2.564036394580601619e-01 7.337066543483299064e-02 0.000000000000000000e+00
2.666374270045708261e-01 7.332988281132113428e-02 0.000000000000000000e+00
2.768927565662838153e-01 7.296905686000047797e-02 0.000000000000000000e+00
2.871967389709265128e-01 7.226015959588272253e-02 0.000000000000000000e+00
2.975762872658926916e-01 7.117579577696048210e-02 0.000000000000000000e+00
3.080464476785681471e-01 6.972653474007182994e-02 0.000000000000000000e+00
3.186038728653257102e-01 6.798179091926528916e-02 0.000000000000000000e+00
3.292436332398710475e-01 6.601604069243556527e-02 0.000000000000000000e+00
3.399607992159099923e-01 6.390376043747721113e-02 0.000000000000000000e+00
3.507504412071477673e-01 6.171942653228494613e-02 0.000000000000000000e+00
3.616076296272900392e-01 5.953751535475335088e-02 0.000000000000000000e+00
3.725274348900423638e-01 5.743250328277711703e-02 0.000000000000000000e+00
3.835049274091097971e-01 5.547886669425090150e-02 0.000000000000000000e+00
3.945351775981983944e-01 5.375108196706927799e-02 0.000000000000000000e+00
4.056132558710136005e-01 5.232362547912691730e-02 0.000000000000000000e+00
4.167342295388986040e-01 5.127056139681254732e-02 0.000000000000000000e+00
4.278928763511170574e-01 5.062747971339746217e-02 0.000000000000000000e+00
4.390834527856247727e-01 5.036070899608070806e-02 0.000000000000000000e+00
4.503001607932591854e-01 5.042933278263313224e-02 0.000000000000000000e+00
4.615372023248579536e-01 5.079243461082558891e-02 0.000000000000000000e+00
4.727887793312581244e-01 5.140909801842893923e-02 0.000000000000000000e+00
4.840490937632970225e-01 5.223840654321398186e-02 0.000000000000000000e+00
4.953123475718118618e-01 5.323944372295156408e-02 0.000000000000000000e+00
5.065727427076405220e-01 5.437129309541254701e-02 0.000000000000000000e+00
5.178244811216203836e-01 5.559303819836781263e-02 0.000000000000000000e+00
5.290617647645885491e-01 5.686376256958814573e-02 0.000000000000000000e+00
5.402787960868576933e-01 5.814259356147148672e-02 0.000000000000000000e+00
5.514698586410495817e-01 5.939577292648925283e-02 0.000000000000000000e+00
5.626294060511415340e-01 6.060446129763644857e-02 0.000000000000000000e+00
5.737519133561164164e-01 6.175169786004448824e-02 0.000000000000000000e+00
5.848318555949560960e-01 6.282052179884477228e-02 0.000000000000000000e+00
5.958637078066431059e-01 6.379397229916872192e-02 0.000000000000000000e+00
6.068419450301598683e-01 6.465508854614770984e-02 0.000000000000000000e+00
6.177610423044888055e-01 6.538690972491319198e-02 0.000000000000000000e+00
6.286154746686124506e-01 6.597247502059654101e-02 0.000000000000000000e+00
6.393997171615136699e-01 6.639482361832921287e-02 0.000000000000000000e+00
6.501082448221739973e-01 6.663699470324258023e-02 0.000000000000000000e+00
6.607355233117575555e-01 6.668205638267303559e-02 0.000000000000000000e+00
6.712728392108133768e-01 6.652288139144134360e-02 0.000000000000000000e+00
6.817036861323679808e-01 6.617637681669716332e-02 0.000000000000000000e+00
6.920103854620823780e-01 6.566306502121131705e-02 0.000000000000000000e+00
7.021752585856168016e-01 6.500346836775455772e-02 0.000000000000000000e+00
7.121806268886325952e-01 6.421810921909767989e-02 0.000000000000000000e+00
7.220088117567908803e-01 6.332750993801143646e-02 0.000000000000000000e+00
7.316421345757526673e-01 6.235219288726661507e-02 0.000000000000000000e+00
7.410629167311785226e-01 6.131268042963398252e-02 0.000000000000000000e+00
7.502534796087296787e-01 6.022949492788434722e-02 0.000000000000000000e+00
7.591961445940670350e-01 5.912315874478844824e-02 0.000000000000000000e+00
7.678732493564616179e-01 5.801418534862260584e-02 0.000000000000000000e+00
7.762833500408495846e-01 5.691422929110565021e-02 0.000000000000000000e+00
7.844716553351205324e-01 5.580946239711250673e-02 0.000000000000000000e+00
7.924917111355377353e-01 5.468150251031589359e-02 0.000000000000000000e+00
8.003970633383648003e-01 5.351196747438857065e-02 0.000000000000000000e+00
8.082412578398645575e-01 5.228247513300325611e-02 0.000000000000000000e+00
8.160778405363009469e-01 5.097464332983263346e-02 0.000000000000000000e+00
8.239603573239367984e-01 4.957008990854944175e-02 0.000000000000000000e+00
8.319423540990360522e-01 4.805043271282642692e-02 0.000000000000000000e+00
8.400773767578617601e-01 4.639728958633630718e-02 0.000000000000000000e+00
8.484189711966773073e-01 4.459227837275185624e-02 0.000000000000000000e+00
8.570206853215408538e-01 4.261701635800534821e-02 0.000000000000000000e+00
8.659498441806979807e-01 4.044929751787012390e-02 0.000000000000000000e+00
8.753204462830821431e-01 3.805396342376874547e-02 0.000000000000000000e+00
8.852563642586434023e-01 3.539311546874131936e-02 0.000000000000000000e+00
8.958814707373311537e-01 3.242885504582804918e-02 0.000000000000000000e+00
9.073196383490971240e-01 2.912328354806894420e-02 0.000000000000000000e+00
9.196947397238893762e-01 2.543850236850416294e-02 0.000000000000000000e+00
9.331306474916593041e-01 2.133661290017386386e-02 0.000000000000000000e+00
9.477512342823558589e-01 1.677971653611814995e-02 0.000000000000000000e+00
9.636803727259298791e-01 1.172991466937728031e-02 0.000000000000000000e+00
1.000000000000000000e+00 0.000000000000000000e+00 0.000000000000000000e+00
