100
1.000000000000000000e+00 0.000000000000000000e+00 0.000000000000000000e+00
9.810108990679575758e-01 2.203889845100843146e-03 0.000000000000000000e+00
9.636234116420026030e-01 3.194717377933810245e-03 0.000000000000000000e+00
9.476646263784687108e-01 3.128551831950907285e-03 0.000000000000000000e+00
9.330114546053974722e-01 2.161462440604135053e-03 0.000000000000000000e+00
9.195408076508327921e-01 4.495184373455002975e-04 0.000000000000000000e+00
9.071295968428166878e-01 -1.851210944372992185e-03 0.000000000000000000e+00
8.956547335093922868e-01 -4.584656471099344752e-03 0.000000000000000000e+00
8.849931289786020505e-01 -7.594748909381547619e-03 0.000000000000000000e+00
8.750216945784891065e-01 -1.072541902576759805e-02 0.000000000000000000e+00
8.656173416370962492e-01 -1.382059758680549699e-02 0.000000000000000000e+00
8.566569814824654960e-01 -1.672421535904322978e-02 0.000000000000000000e+00
8.480272412636590262e-01 -1.930729486473217391e-02 0.000000000000000000e+00
8.396606733305355119e-01 -2.156891721409430474e-02 0.000000000000000000e+00
8.315033863026628502e-01 -2.354596404357721037e-02 0.000000000000000000e+00
8.235014907771839310e-01 -2.527532250392849206e-02 0.000000000000000000e+00
8.156010973512407558e-01 -2.679387974589571980e-02 0.000000000000000000e+00
8.077483166219757704e-01 -2.813852292022646015e-02 0.000000000000000000e+00
7.998892591865309765e-01 -2.934613917766830046e-02 0.000000000000000000e+00
7.919700356420491527e-01 -3.045361566896881422e-02 0.000000000000000000e+00
7.839367565856721898e-01 -3.149783954487556797e-02 0.000000000000000000e+00
7.757355326145427554e-01 -3.251569795613614561e-02 0.000000000000000000e+00
7.673124743258031843e-01 -3.354407805349813448e-02 0.000000000000000000e+00
7.586220965673037275e-01 -3.461354053654052548e-02 0.000000000000000000e+00
7.496659418788458318e-01 -3.571924516226829965e-02 0.000000000000000000e+00
7.404619016941864640e-01 -3.684404476314756538e-02 0.000000000000000000e+00
7.310278838616348640e-01 -3.797077981529448781e-02 0.000000000000000000e+00
7.213817962294999386e-01 -3.908229079482524598e-02 0.000000000000000000e+00
7.115415466460910388e-01 -4.016141817785602586e-02 0.000000000000000000e+00
7.015250429597177373e-01 -4.119100244050299259e-02 0.000000000000000000e+00
6.913501930186887190e-01 -4.215388405888233908e-02 0.000000000000000000e+00
6.810349046713128907e-01 -4.303290350911024437e-02 0.000000000000000000e+00
6.705970857658999362e-01 -4.381090126730285278e-02 0.000000000000000000e+00
6.600546441507589845e-01 -4.447071780957638498e-02 0.000000000000000000e+00
6.494242788835172808e-01 -4.499762124758940190e-02 0.000000000000000000e+00
6.387146529813503282e-01 -4.539301861408649719e-02 0.000000000000000000e+00
6.279311512211042112e-01 -4.566490068940324415e-02 0.000000000000000000e+00
6.170791487093004735e-01 -4.582127767495960957e-02 0.000000000000000000e+00
6.061640205524603253e-01 -4.587015977217554635e-02 0.000000000000000000e+00
5.951911418571044221e-01 -4.581955718247096576e-02 0.000000000000000000e+00
5.841658877297541963e-01 -4.567748010726584845e-02 0.000000000000000000e+00
5.730936332769304142e-01 -4.545193874798011957e-02 0.000000000000000000e+00
5.619797536051541753e-01 -4.515094330603371120e-02 0.000000000000000000e+00
5.508296238209466900e-01 -4.478250398284657624e-02 0.000000000000000000e+00
5.396486190308288355e-01 -4.435463097983866759e-02 0.000000000000000000e+00
5.284421081478157811e-01 -4.387793492643948801e-02 0.000000000000000000e+00
5.172154108980084875e-01 -4.338367824769968212e-02 0.000000000000000000e+00
5.059738235516350047e-01 -4.291297163684602151e-02 0.000000000000000000e+00
4.947226422344682684e-01 -4.250698643848752067e-02 0.000000000000000000e+00
4.834671630722805480e-01 -4.220689399723305535e-02 0.000000000000000000e+00
4.722126821908450012e-01 -4.205386565769163310e-02 0.000000000000000000e+00
4.609644957159343415e-01 -4.208907276447218515e-02 0.000000000000000000e+00
4.497278997733211714e-01 -4.235368666218366357e-02 0.000000000000000000e+00
4.385081904887787596e-01 -4.288887869543501347e-02 0.000000000000000000e+00
4.273106639880790980e-01 -4.373582020883520077e-02 0.000000000000000000e+00
4.161406163969957328e-01 -4.493568254699314979e-02 0.000000000000000000e+00
4.050033772450257752e-01 -4.652249321186728570e-02 0.000000000000000000e+00
3.939045953964124824e-01 -4.846198561019993828e-02 0.000000000000000000e+00
3.828500971033185762e-01 -5.068195632023819036e-02 0.000000000000000000e+00
3.718457105184372891e-01 -5.310979546582256933e-02 0.000000000000000000e+00
3.608972637944613537e-01 -5.567289317079351235e-02 0.000000000000000000e+00
3.500105850840841137e-01 -5.829863955899156069e-02 0.000000000000000000e+00
3.391915025399985795e-01 -6.091442475425717928e-02 0.000000000000000000e+00
3.284458443148982054e-01 -6.344763888043085387e-02 0.000000000000000000e+00
3.177794385614758910e-01 -6.582567206135309101e-02 0.000000000000000000e+00
3.071981134324244800e-01 -6.797591442086436953e-02 0.000000000000000000e+00
2.967076970804375935e-01 -6.982575608280515433e-02 0.000000000000000000e+00
2.863123835035077946e-01 -7.130609785711773674e-02 0.000000000000000000e+00
2.759973696512372232e-01 -7.238865227967720972e-02 0.000000000000000000e+00
2.657355963129757193e-01 -7.307146203212190605e-02 0.000000000000000000e+00
2.554998000087354559e-01 -7.335300863185283127e-02 0.000000000000000000e+00
2.452627172585291615e-01 -7.323177359627097704e-02 0.000000000000000000e+00
2.349970845823688148e-01 -7.270623844277734893e-02 0.000000000000000000e+00
2.246756385002668666e-01 -7.177488468877299410e-02 0.000000000000000000e+00
2.142711155322356287e-01 -7.043619385165893199e-02 0.000000000000000000e+00
2.037562521982872188e-01 -6.868864744883611262e-02 0.000000000000000000e+00
1.931037850184345317e-01 -6.653072699770565257e-02 0.000000000000000000e+00
1.822864505126894907e-01 -6.396091401566846024e-02 0.000000000000000000e+00
1.712804384181191852e-01 -6.098041810735646551e-02 0.000000000000000000e+00
1.601114017198345951e-01 -5.762952549878083697e-02 0.000000000000000000e+00
1.488419721427506059e-01 -5.397773611039392155e-02 0.000000000000000000e+00
1.375356713091907823e-01 -5.009525289339211013e-02 0.000000000000000000e+00
1.262560208414778840e-01 -4.605227879897153681e-02 0.000000000000000000e+00
1.150665423619349620e-01 -4.191901677832864798e-02 0.000000000000000000e+00
1.040307574928852202e-01 -3.776566978265958469e-02 0.000000000000000000e+00
9.321218785665134898e-02 -3.366244076316070311e-02 0.000000000000000000e+00
8.267435507555678798e-02 -2.967953267102833859e-02 0.000000000000000000e+00
7.248078077192433855e-02 -2.588714845745868076e-02 0.000000000000000000e+00
6.269498656807696857e-02 -2.235549107364806498e-02 0.000000000000000000e+00
5.338047485308307361e-02 -1.915104845941485029e-02 0.000000000000000000e+00
4.460040274061673193e-02 -1.627361667031974185e-02 0.000000000000000000e+00
3.641762869036936634e-02 -1.366530506524633870e-02 0.000000000000000000e+00
2.889500131460509894e-02 -1.126632091725258272e-02 0.000000000000000000e+00
2.209536922558845776e-02 -9.016871499396497333e-03 0.000000000000000000e+00
1.608158103558410962e-02 -6.857164084736110284e-03 0.000000000000000000e+00
1.091648535685615061e-02 -4.727405946329364325e-03 0.000000000000000000e+00
6.662930801669362905e-03 -2.567804357234308894e-03 0.000000000000000000e+00
3.383765982288174361e-03 -3.185665905088893440e-04 0.000000000000000000e+00
1.141839510976908317e-03 2.080100080788869175e-03 0.000000000000000000e+00
0.000000000000000000e+00 4.687988383600941514e-03 0.000000000000000000e+00
101
0.000000000000000000e+00 4.687988383600941514e-03 0.000000000000000000e+00
1.847872993455056226e-05 7.562611324383973141e-03 0.000000000000000000e+00
1.197308352545657173e-03 1.070904833843079780e-02 0.000000000000000000e+00
3.476322890786399510e-03 1.407994528987037246e-02 0.000000000000000000e+00
6.792739035922536542e-03 1.762566832234629607e-02 0.000000000000000000e+00
1.108377347921993099e-02 2.129658357950216588e-02 0.000000000000000000e+00
1.628664291194422548e-02 2.504305720498149410e-02 0.000000000000000000e+00
2.233856402536116281e-02 2.881545534242805143e-02 0.000000000000000000e+00
2.917675351073650836e-02 3.256414413548536918e-02 0.000000000000000000e+00
3.673842805933588695e-02 3.623948972779701683e-02 0.000000000000000000e+00
4.496080436242506223e-02 3.979185826300662976e-02 0.000000000000000000e+00
5.378109911126966597e-02 4.317161588475771500e-02 0.000000000000000000e+00
6.313651301151461392e-02 4.633007594115947508e-02 0.000000000000000000e+00
7.296376195489044647e-02 4.924727871575002025e-02 0.000000000000000000e+00
8.319900133728883040e-02 5.193647584863780864e-02 0.000000000000000000e+00
9.377835533268552570e-02 5.441276898865290285e-02 0.000000000000000000e+00
1.046379481150559176e-01 5.669125978462532384e-02 0.000000000000000000e+00
1.157139038583761270e-01 5.878704988538521747e-02 0.000000000000000000e+00
1.269423467366217195e-01 6.071524093976263248e-02 0.000000000000000000e+00
1.382594009237681221e-01 6.249093459658759675e-02 0.000000000000000000e+00
1.496011905937911779e-01 6.412923250469018677e-02 0.000000000000000000e+00
1.609038399206662862e-01 6.564523631290043737e-02 0.000000000000000000e+00
1.721034730783695399e-01 6.705404767004850830e-02 0.000000000000000000e+00
1.831371060719461652e-01 6.837036600221139959e-02 0.000000000000000000e+00
1.939788139975200110e-01 6.959217679698825876e-02 0.000000000000000000e+00
2.046522426781776649e-01 7.069510875834783548e-02 0.000000000000000000e+00
2.151844986575716656e-01 7.165322977835159035e-02 0.000000000000000000e+00
2.256026884793541631e-01 7.244060774906101174e-02 0.000000000000000000e+00
2.359339186871780847e-01 7.303131056253761577e-02 0.000000000000000000e+00
2.462052958246956080e-01 7.339940611084282140e-02 0.000000000000000000e+00
2.564439264355592996e-01 7.351896228603818639e-02 0.000000000000000000e+00
2.666769170634217256e-01 7.336404698018515746e-02 0.000000000000000000e+00
2.769313742519350918e-01 7.290872808534525074e-02 0.000000000000000000e+00
2.872344045447521865e-01 7.212707349357989906e-02 0.000000000000000000e+00
2.976129165361225959e-01 7.099369541475795964e-02 0.000000000000000000e+00
3.080819418561265288e-01 6.951586512718802013e-02 0.000000000000000000e+00
3.186381028403811877e-01 6.775147546526046061e-02 0.000000000000000000e+00
3.292764382292815428e-01 6.576277380582425114e-02 0.000000000000000000e+00
3.399919867632228421e-01 6.361200752572830630e-02 0.000000000000000000e+00
3.507797871825997227e-01 6.136142400182162393e-02 0.000000000000000000e+00
3.616348782278072660e-01 5.907327061095318105e-02 0.000000000000000000e+00
3.725522986392402758e-01 5.680979472997196161e-02 0.000000000000000000e+00
3.835270871572932228e-01 5.463324373572696346e-02 0.000000000000000000e+00
3.945542825223617434e-01 5.260586500506708035e-02 0.000000000000000000e+00
4.056289234748405303e-01 5.078990591484132400e-02 0.000000000000000000e+00
4.167460463162800943e-01 4.924734524630999810e-02 0.000000000000000000e+00
4.279004597162571755e-01 4.801509214286864280e-02 0.000000000000000000e+00
4.390865625599709166e-01 4.708492524272098884e-02 0.000000000000000000e+00
4.502987108674925687e-01 4.644390234800413464e-02 0.000000000000000000e+00
4.615312606588935496e-01 4.607908126085522027e-02 0.000000000000000000e+00
4.727785679542446662e-01 4.597751978341139967e-02 0.000000000000000000e+00
4.840349887736168366e-01 4.612627571780976432e-02 0.000000000000000000e+00
4.952948791370813120e-01 4.651240686618744041e-02 0.000000000000000000e+00
5.065525950647096209e-01 4.712297103068158188e-02 0.000000000000000000e+00
5.178024925765726261e-01 4.794502601342932879e-02 0.000000000000000000e+00
5.290389276927416340e-01 4.896562961656777957e-02 0.000000000000000000e+00
5.402562563161551479e-01 5.017178324128115235e-02 0.000000000000000000e+00
5.514488153304061280e-01 5.154133018402517336e-02 0.000000000000000000e+00
5.626109017355619413e-01 5.303290921679038039e-02 0.000000000000000000e+00
5.737368075096462849e-01 5.460274092071127489e-02 0.000000000000000000e+00
5.848208246306818570e-01 5.620704587692240684e-02 0.000000000000000000e+00
5.958572450766915773e-01 5.780204466655830542e-02 0.000000000000000000e+00
6.068403608256984771e-01 5.934395787075347206e-02 0.000000000000000000e+00
6.177644638557262535e-01 6.078900607064249839e-02 0.000000000000000000e+00
6.286238461447973824e-01 6.209340984735990665e-02 0.000000000000000000e+00
6.394127996709355610e-01 6.321338978204026071e-02 0.000000000000000000e+00
6.501256164121633763e-01 6.410516645581802730e-02 0.000000000000000000e+00
6.607565791630444219e-01 6.472501676750461175e-02 0.000000000000000000e+00
6.712968575253808190e-01 6.504830930834834546e-02 0.000000000000000000e+00
6.817299896461507247e-01 6.509721265902283782e-02 0.000000000000000000e+00
6.920383657398981869e-01 6.490093510980239622e-02 0.000000000000000000e+00
7.022043760211671426e-01 6.448868495096127251e-02 0.000000000000000000e+00
7.122104107045011956e-01 6.388967047277377409e-02 0.000000000000000000e+00
7.220388600044451710e-01 6.313309996551415282e-02 0.000000000000000000e+00
7.316721141355425617e-01 6.224818171945670220e-02 0.000000000000000000e+00
7.410925633123371936e-01 6.126412402487568798e-02 0.000000000000000000e+00
7.502825977493734477e-01 6.021013517204543142e-02 0.000000000000000000e+00
7.592246076611949279e-01 5.911542345124015663e-02 0.000000000000000000e+00
7.679009995278031075e-01 5.800918631528000774e-02 0.000000000000000000e+00
7.763103802244870622e-01 5.690982711257604881e-02 0.000000000000000000e+00
7.844979571611776503e-01 5.580469988518251684e-02 0.000000000000000000e+00
7.925172656618484357e-01 5.467560989859004961e-02 0.000000000000000000e+00
8.004218410504734260e-01 5.350436241828923634e-02 0.000000000000000000e+00
8.082652186510265180e-01 5.227276270977074257e-02 0.000000000000000000e+00
8.161009337874818304e-01 5.096261603852510202e-02 0.000000000000000000e+00
8.239825217838131488e-01 4.955572767004293860e-02 0.000000000000000000e+00
8.319635179639944811e-01 4.803390286981489010e-02 0.000000000000000000e+00
8.400974576519998349e-01 4.637894690333155268e-02 0.000000000000000000e+00
8.484378761718033291e-01 4.457266503608359187e-02 0.000000000000000000e+00
8.570383108567526387e-01 4.259686196622151921e-02 0.000000000000000000e+00
8.659660733001646182e-01 4.042945327622089746e-02 0.000000000000000000e+00
8.753351387918144599e-01 3.803517921182154871e-02 0.000000000000000000e+00
8.852693546767987920e-01 3.537599267736113440e-02 0.000000000000000000e+00
8.958925683002136875e-01 3.241384657717739232e-02 0.000000000000000000e+00
9.073286270071567738e-01 2.911069381560787636e-02 0.000000000000000000e+00
9.197013781427232360e-01 2.542848729699028615e-02 0.000000000000000000e+00
9.331346690520102571e-01 2.132917992566231435e-02 0.000000000000000000e+00
9.477523470801139105e-01 1.677472460596161549e-02 0.000000000000000000e+00
9.636782595721306022e-01 1.172707424222597765e-02 0.000000000000000000e+00
1.000000000000000000e+00 0.000000000000000000e+00 0.000000000000000000e+00
