100
1.000000000000000000e+00 0.000000000000000000e+00 0.000000000000000000e+00
9.810355413346560915e-01 -5.391605690994883001e-05 0.000000000000000000e+00
9.636394419963856262e-01 -6.945838055804503565e-04 0.000000000000000000e+00
9.476773030484861859e-01 -1.839582446028236243e-03 0.000000000000000000e+00
9.330252853254220602e-01 -3.406491178270039562e-03 0.000000000000000000e+00
9.195595496616594255e-01 -5.312889202322593034e-03 0.000000000000000000e+00
9.071562568916627933e-01 -7.476355718202625476e-03 0.000000000000000000e+00
8.956915678498976741e-01 -9.814469925926872645e-03 0.000000000000000000e+00
8.850416433708288011e-01 -1.224481102551206596e-02 0.000000000000000000e+00
8.750826442889221290e-01 -1.468495821697493597e-02 0.000000000000000000e+00
8.656907314386422803e-01 -1.705249070033222278e-02 0.000000000000000000e+00
8.567420656544540991e-01 -1.926498767560063871e-02 0.000000000000000000e+00
8.481226509250325840e-01 -2.125523128730093941e-02 0.000000000000000000e+00
8.397650183243781097e-01 -2.302786567470587950e-02 0.000000000000000000e+00
8.316154328613777347e-01 -2.460874730857096418e-02 0.000000000000000000e+00
8.236201615484118888e-01 -2.602373575408377382e-02 0.000000000000000000e+00
8.157254713978601135e-01 -2.729869057643185409e-02 0.000000000000000000e+00
8.078776294221019505e-01 -2.845947134080275762e-02 0.000000000000000000e+00
8.000229026335170524e-01 -2.953193761238404741e-02 0.000000000000000000e+00
7.921075580444852937e-01 -3.054194895636327262e-02 0.000000000000000000e+00
7.840778626673861051e-01 -3.151536493792798932e-02 0.000000000000000000e+00
7.758800835145993613e-01 -3.247804512226575013e-02 0.000000000000000000e+00
7.674604875985047148e-01 -3.345584907456412155e-02 0.000000000000000000e+00
7.587737159008812737e-01 -3.447131538663648909e-02 0.000000000000000000e+00
7.498212676502459262e-01 -3.552839946920850756e-02 0.000000000000000000e+00
7.406209320624635994e-01 -3.662459640198890976e-02 0.000000000000000000e+00
7.311905147088072487e-01 -3.775739477841031505e-02 0.000000000000000000e+00
7.215478211605506065e-01 -3.892428319190533587e-02 0.000000000000000000e+00
7.117106569889670720e-01 -4.012275023590657075e-02 0.000000000000000000e+00
7.016968277653304886e-01 -4.135028450384666682e-02 0.000000000000000000e+00
6.915241390609140337e-01 -4.260437458915822262e-02 0.000000000000000000e+00
6.812103964469911066e-01 -4.388250908527387140e-02 0.000000000000000000e+00
6.707734054948353286e-01 -4.518217658562619088e-02 0.000000000000000000e+00
6.602309717757203211e-01 -4.650086568364783512e-02 0.000000000000000000e+00
6.495997161086396465e-01 -4.783332949741394419e-02 0.000000000000000000e+00
6.388883830794319652e-01 -4.915613570482321726e-02 0.000000000000000000e+00
6.281025042257528668e-01 -5.043843337460486576e-02 0.000000000000000000e+00
6.172476016072404592e-01 -5.164934969168531037e-02 0.000000000000000000e+00
6.063291972835322952e-01 -5.275801184099093710e-02 0.000000000000000000e+00
5.953528133142661494e-01 -5.373354700744811807e-02 0.000000000000000000e+00
5.843239717590799076e-01 -5.454508237598326703e-02 0.000000000000000000e+00
5.732481946776107895e-01 -5.516174513152272835e-02 0.000000000000000000e+00
5.621310041294970139e-01 -5.555266245899290883e-02 0.000000000000000000e+00
5.509779221743759114e-01 -5.568696154332018061e-02 0.000000000000000000e+00
5.397944708718852569e-01 -5.553376956943095744e-02 0.000000000000000000e+00
5.285861566338445616e-01 -5.507068472510902313e-02 0.000000000000000000e+00
5.173583616019327147e-01 -5.434257928497085444e-02 0.000000000000000000e+00
5.061164086568483711e-01 -5.342640666856518505e-02 0.000000000000000000e+00
4.948656203143269039e-01 -5.239931786985152495e-02 0.000000000000000000e+00
4.836113190901028536e-01 -5.133846388278927309e-02 0.000000000000000000e+00
4.723588274999114822e-01 -5.032099570133789085e-02 0.000000000000000000e+00
4.611134680594877189e-01 -4.942406431945683964e-02 0.000000000000000000e+00
4.498805632845663260e-01 -4.872482073110553924e-02 0.000000000000000000e+00
4.386654356908827879e-01 -4.830041593024347185e-02 0.000000000000000000e+00
4.274734077941714783e-01 -4.822800091083005725e-02 0.000000000000000000e+00
4.163098021101677704e-01 -4.858472666682474295e-02 0.000000000000000000e+00
4.051799596785566338e-01 -4.943769618721631509e-02 0.000000000000000000e+00
3.940893986252914094e-01 -5.075795499699751329e-02 0.000000000000000000e+00
3.830437354463425703e-01 -5.246318946140099415e-02 0.000000000000000000e+00
3.720485876916151957e-01 -5.447051425671026875e-02 0.000000000000000000e+00
3.611095729110146979e-01 -5.669704405920877877e-02 0.000000000000000000e+00
3.502323086544457675e-01 -5.905989354518004220e-02 0.000000000000000000e+00
3.394224124718136504e-01 -6.147617739090752847e-02 0.000000000000000000e+00
3.286855019130234812e-01 -6.386301027267472785e-02 0.000000000000000000e+00
3.180271945279805612e-01 -6.613750686676513058e-02 0.000000000000000000e+00
3.074531078665893591e-01 -6.821678184946218526e-02 0.000000000000000000e+00
2.969688594787557312e-01 -7.001794989704940297e-02 0.000000000000000000e+00
2.865784430597564936e-01 -7.146208855137706206e-02 0.000000000000000000e+00
2.762669749948223896e-01 -7.251634366650934471e-02 0.000000000000000000e+00
2.660073927594754917e-01 -7.317758258826131956e-02 0.000000000000000000e+00
2.557724308474101926e-01 -7.344316802064396188e-02 0.000000000000000000e+00
2.455348237523205523e-01 -7.331046266766817754e-02 0.000000000000000000e+00
2.352673059679003809e-01 -7.277682923334492793e-02 0.000000000000000000e+00
2.249426119878440156e-01 -7.183963042168516056e-02 0.000000000000000000e+00
2.145334763058454053e-01 -7.049622893669980905e-02 0.000000000000000000e+00
2.040126334155984156e-01 -6.874398748239979318e-02 0.000000000000000000e+00
1.933528178107974671e-01 -6.658026876279611594e-02 0.000000000000000000e+00
1.825267639851363144e-01 -6.400243548189966936e-02 0.000000000000000000e+00
1.715106685876998383e-01 -6.101065052452064874e-02 0.000000000000000000e+00
1.603303195467006836e-01 -5.764518605190589035e-02 0.000000000000000000e+00
1.490485792462346026e-01 -5.397629993298927453e-02 0.000000000000000000e+00
1.377292022712238717e-01 -5.007497164603167544e-02 0.000000000000000000e+00
1.264359432065900457e-01 -4.601218066929375211e-02 0.000000000000000000e+00
1.152325566372547072e-01 -4.185890648103643419e-02 0.000000000000000000e+00
1.041827971481396886e-01 -3.768612855952038071e-02 0.000000000000000000e+00
9.335041932416662802e-02 -3.356482638300645194e-02 0.000000000000000000e+00
8.279917775025766313e-02 -2.956597942975547691e-02 0.000000000000000000e+00
7.259282701133407123e-02 -2.576056717802815976e-02 0.000000000000000000e+00
6.279512169231768470e-02 -2.221956910608532954e-02 0.000000000000000000e+00
5.346978360772897121e-02 -1.901061636362071788e-02 0.000000000000000000e+00
4.467994627783791056e-02 -1.614123090589085485e-02 0.000000000000000000e+00
3.648823436411909732e-02 -1.356694184216216369e-02 0.000000000000000000e+00
2.895725574960091378e-02 -1.124156393747454546e-02 0.000000000000000000e+00
2.214961831731216552e-02 -9.118911956867981061e-03 0.000000000000000000e+00
1.612792995028144993e-02 -7.152800665382467830e-03 0.000000000000000000e+00
1.095479853153734709e-02 -5.297044828057919860e-03 0.000000000000000000e+00
6.692831944108461328e-03 -3.505459209934341878e-03 0.000000000000000000e+00
3.404638071023602559e-03 -1.731858576051654476e-03 0.000000000000000000e+00
1.152824795311253045e-03 6.994230855015583226e-05 0.000000000000000000e+00
0.000000000000000000e+00 1.946128678831106438e-03 0.000000000000000000e+00
101
0.000000000000000000e+00 1.946128678831106438e-03 0.000000000000000000e+00
6.164495683757997636e-06 3.941475834335636877e-03 0.000000000000000000e+00
1.171356426954327928e-03 6.068330560049001350e-03 0.000000000000000000e+00
3.435651272401403587e-03 8.306611126397215814e-03 0.000000000000000000e+00
6.736517438179992316e-03 1.063482586839070362e-02 0.000000000000000000e+00
1.101142333044522435e-02 1.303148312103988814e-02 0.000000000000000000e+00
1.619783735535177543e-02 1.547509121935513113e-02 0.000000000000000000e+00
2.223322791905498960e-02 1.794415849834695917e-02 0.000000000000000000e+00
2.905506342770954736e-02 2.041719329302575658e-02 0.000000000000000000e+00
3.660081228747056464e-02 2.287270393840193025e-02 0.000000000000000000e+00
4.480794290449294920e-02 2.528919876948591133e-02 0.000000000000000000e+00
5.361392368493148736e-02 2.764518612128806854e-02 0.000000000000000000e+00
6.295620235093594974e-02 2.991962450671761808e-02 0.000000000000000000e+00
7.277159931755021460e-02 3.210512549026749846e-02 0.000000000000000000e+00
8.299620976687370477e-02 3.421008499900373562e-02 0.000000000000000000e+00
9.356608848255774935e-02 3.624377821370070724e-02 0.000000000000000000e+00
1.044172902482535387e-01 3.821548031513279792e-02 0.000000000000000000e+00
1.154858698476129014e-01 4.013446648407446166e-02 0.000000000000000000e+00
1.267078820642867643e-01 4.201001190130007612e-02 0.000000000000000000e+00
1.380193816819262898e-01 4.385139174758403979e-02 0.000000000000000000e+00
1.493564234841830429e-01 4.566788120370073728e-02 0.000000000000000000e+00
1.606550622547081308e-01 4.746875545042454625e-02 0.000000000000000000e+00
1.718513527771531324e-01 4.926328966852994845e-02 0.000000000000000000e+00
1.828822428804710298e-01 5.106031077273454066e-02 0.000000000000000000e+00
1.937217899408132382e-01 5.285001845878698618e-02 0.000000000000000000e+00
2.043936895520621355e-01 5.459769640969153875e-02 0.000000000000000000e+00
2.149251027404528447e-01 5.626688882704868749e-02 0.000000000000000000e+00
2.253431905322202666e-01 5.782113991245887985e-02 0.000000000000000000e+00
2.356751139536000239e-01 5.922399386752270206e-02 0.000000000000000000e+00
2.459480340308269064e-01 6.043899489384058771e-02 0.000000000000000000e+00
2.561891117901360371e-01 6.142968719301305364e-02 0.000000000000000000e+00
2.664255082577624556e-01 6.215961496664060282e-02 0.000000000000000000e+00
2.766843844599413682e-01 6.259232241632370353e-02 0.000000000000000000e+00
2.869929014229078423e-01 6.269135374366288649e-02 0.000000000000000000e+00
2.973780205699262935e-01 6.242085147342501389e-02 0.000000000000000000e+00
3.078547271460133627e-01 6.178085752036098499e-02 0.000000000000000000e+00
3.184194433199015184e-01 6.082705785369681151e-02 0.000000000000000000e+00
3.290669944365569588e-01 5.961992502798977439e-02 0.000000000000000000e+00
3.397922058409464929e-01 5.821993159779703664e-02 0.000000000000000000e+00
3.505899028780359861e-01 5.668755011767587226e-02 0.000000000000000000e+00
3.614549108927920251e-01 5.508325314218347896e-02 0.000000000000000000e+00
3.723820552301808084e-01 5.346751322587712379e-02 0.000000000000000000e+00
3.833661612351686454e-01 5.190080292331405304e-02 0.000000000000000000e+00
3.944020542527217899e-01 5.044359478905144356e-02 0.000000000000000000e+00
4.054845596278066622e-01 4.915636137764654162e-02 0.000000000000000000e+00
4.166085011893804202e-01 4.809931508355554108e-02 0.000000000000000000e+00
4.277685612681508820e-01 4.730838599804174094e-02 0.000000000000000000e+00
4.389591674688711476e-01 4.677579107154739013e-02 0.000000000000000000e+00
4.501747207509147475e-01 4.648917468057842811e-02 0.000000000000000000e+00
4.614096220736544351e-01 4.643618120164081514e-02 0.000000000000000000e+00
4.726582723964630195e-01 4.660445501124050455e-02 0.000000000000000000e+00
4.839150726787129764e-01 4.698164048588344965e-02 0.000000000000000000e+00
4.951744238797774478e-01 4.755538200207557603e-02 0.000000000000000000e+00
5.064307269590296867e-01 4.831332393632285088e-02 0.000000000000000000e+00
5.176783828758423356e-01 4.924311066513125529e-02 0.000000000000000000e+00
5.289117925895879813e-01 5.033238656500671482e-02 0.000000000000000000e+00
5.401253571553913391e-01 5.156874756402122367e-02 0.000000000000000000e+00
5.513134931759995361e-01 5.293192277578690624e-02 0.000000000000000000e+00
5.624706498574915114e-01 5.438514462216164497e-02 0.000000000000000000e+00
5.735912805112844959e-01 5.588956829839838991e-02 0.000000000000000000e+00
5.846698384487948319e-01 5.740634899975011196e-02 0.000000000000000000e+00
5.957007769814397502e-01 5.889664192146976118e-02 0.000000000000000000e+00
6.066785494206360374e-01 6.032160225881029458e-02 0.000000000000000000e+00
6.175976090778012573e-01 6.164238520702471080e-02 0.000000000000000000e+00
6.284524092643516413e-01 6.282014596136595297e-02 0.000000000000000000e+00
6.392374032917053084e-01 6.381603971708701972e-02 0.000000000000000000e+00
6.499470444712779349e-01 6.459122166944082644e-02 0.000000000000000000e+00
6.605757767277499193e-01 6.510689844358638623e-02 0.000000000000000000e+00
6.711148618817989187e-01 6.534171140281941348e-02 0.000000000000000000e+00
6.815477613752682906e-01 6.531704016232847687e-02 0.000000000000000000e+00
6.918567633078174239e-01 6.506069307555313597e-02 0.000000000000000000e+00
7.020241557791057074e-01 6.460047849593295033e-02 0.000000000000000000e+00
7.120322268887921968e-01 6.396420477690749340e-02 0.000000000000000000e+00
7.218632647365373911e-01 6.317968027191629699e-02 0.000000000000000000e+00
7.314995574220000130e-01 6.227471333439894841e-02 0.000000000000000000e+00
7.409233930448398953e-01 6.127711231779501416e-02 0.000000000000000000e+00
7.501170597047164268e-01 6.021468557554406076e-02 0.000000000000000000e+00
7.590628455012889964e-01 5.911524146108562694e-02 0.000000000000000000e+00
7.677430548368909813e-01 5.800657774453600590e-02 0.000000000000000000e+00
7.761562295767231445e-01 5.690595120597419232e-02 0.000000000000000000e+00
7.843476187457444349e-01 5.580029740413738198e-02 0.000000000000000000e+00
7.923708183377764502e-01 5.467113323621758392e-02 0.000000000000000000e+00
8.002794243466417878e-01 5.349997559940675163e-02 0.000000000000000000e+00
8.081270327661621566e-01 5.226834139089692882e-02 0.000000000000000000e+00
8.159672395901602648e-01 5.095774750787999269e-02 0.000000000000000000e+00
8.238536408124575994e-01 4.954971084754795918e-02 0.000000000000000000e+00
8.318398324268768684e-01 4.802574830709283038e-02 0.000000000000000000e+00
8.399794104272400030e-01 4.636737678370655286e-02 0.000000000000000000e+00
8.483259708073692673e-01 4.455611317458116338e-02 0.000000000000000000e+00
8.569331115725047354e-01 4.257347384807594337e-02 0.000000000000000000e+00
8.658682189972390919e-01 4.039735002499329763e-02 0.000000000000000000e+00
8.752453905128652067e-01 3.799335184638118895e-02 0.000000000000000000e+00
8.851886056465655406e-01 3.532449129866356563e-02 0.000000000000000000e+00
8.958218439255233312e-01 3.235378036826447312e-02 0.000000000000000000e+00
9.072690848769227046e-01 2.904423104160774871e-02 0.000000000000000000e+00
9.196543080279456772e-01 2.535885530511737887e-02 0.000000000000000000e+00
9.331014929057761531e-01 2.126066514521736048e-02 0.000000000000000000e+00
9.477346190375965929e-01 1.671267254833163490e-02 0.000000000000000000e+00
9.636776659505906784e-01 1.167788950088428750e-02 0.000000000000000000e+00
1.000000000000000000e+00 0.000000000000000000e+00 0.000000000000000000e+00
