100
1.000000000000000000e+00 0.000000000000000000e+00 0.000000000000000000e+00
9.810195800958395607e-01 2.292505651439928713e-03 0.000000000000000000e+00
9.636326369340179054e-01 3.495687195784039948e-03 0.000000000000000000e+00
9.476756398044117180e-01 3.740780213003947786e-03 0.000000000000000000e+00
9.330252573707146224e-01 3.159020283071259372e-03 0.000000000000000000e+00
9.195581582966211309e-01 1.881642985957586618e-03 0.000000000000000000e+00
9.071510112458249786e-01 3.988390163454371643e-05 0.000000000000000000e+00
8.956804848820204557e-01 -2.235021389926265985e-03 0.000000000000000000e+00
8.850232478689014082e-01 -4.811837308753223741e-03 0.000000000000000000e+00
8.750559688701624594e-01 -7.559328274874724252e-03 0.000000000000000000e+00
8.656553165494974555e-01 -1.034625870831915734e-02 0.000000000000000000e+00
8.566979595706001316e-01 -1.304139302911490675e-02 0.000000000000000000e+00
8.480703504058856312e-01 -1.553180915462056000e-02 0.000000000000000000e+00
8.397051880960433312e-01 -1.779115010467777550e-02 0.000000000000000000e+00
8.315488228132037474e-01 -1.981861131602181622e-02 0.000000000000000000e+00
8.235476067209122064e-01 -2.161339195294699478e-02 0.000000000000000000e+00
8.156478919827125917e-01 -2.317469117974758908e-02 0.000000000000000000e+00
8.077960307621494529e-01 -2.450170816071787355e-02 0.000000000000000000e+00
7.999383752227665623e-01 -2.559364206015214346e-02 0.000000000000000000e+00
7.920212775281086914e-01 -2.644969204234469060e-02 0.000000000000000000e+00
7.839910898417199459e-01 -2.706905727158978592e-02 0.000000000000000000e+00
7.757941643271446530e-01 -2.745093691218172816e-02 0.000000000000000000e+00
7.673768531479272514e-01 -2.759453012841479175e-02 0.000000000000000000e+00
7.586938355587206084e-01 -2.750533410182110644e-02 0.000000000000000000e+00
7.497463867439174701e-01 -2.722408784867186293e-02 0.000000000000000000e+00
7.405519806823331885e-01 -2.680378199689624485e-02 0.000000000000000000e+00
7.311281076166320503e-01 -2.629741947523831988e-02 0.000000000000000000e+00
7.214922577894798961e-01 -2.575800321244220079e-02 0.000000000000000000e+00
7.116619214435412344e-01 -2.523853613725195871e-02 0.000000000000000000e+00
7.016545888214813509e-01 -2.479202117841169603e-02 0.000000000000000000e+00
6.914877501659653092e-01 -2.447146126466550470e-02 0.000000000000000000e+00
6.811788957196573957e-01 -2.432985932475746627e-02 0.000000000000000000e+00
6.707455157252232292e-01 -2.442021828743167616e-02 0.000000000000000000e+00
6.602051004253277622e-01 -2.479554108143221941e-02 0.000000000000000000e+00
6.495740090886964468e-01 -2.549810199200191335e-02 0.000000000000000000e+00
6.388610822693049363e-01 -2.649885128238698220e-02 0.000000000000000000e+00
6.280720933198051803e-01 -2.773964313465816789e-02 0.000000000000000000e+00
6.172128065450578349e-01 -2.916224590173821171e-02 0.000000000000000000e+00
6.062889862499233340e-01 -3.070842793654985844e-02 0.000000000000000000e+00
5.953063967392618894e-01 -3.231995759201582857e-02 0.000000000000000000e+00
5.842708023179340460e-01 -3.393860322105890504e-02 0.000000000000000000e+00
5.731879672908002377e-01 -3.550613317660174933e-02 0.000000000000000000e+00
5.620636559627210094e-01 -3.696431581156715135e-02 0.000000000000000000e+00
5.509036326385564619e-01 -3.825491947887781768e-02 0.000000000000000000e+00
5.397136616231671402e-01 -3.931971253145650352e-02 0.000000000000000000e+00
5.284994622230937411e-01 -4.011003750925899725e-02 0.000000000000000000e+00
5.172663963821213517e-01 -4.065327218687081468e-02 0.000000000000000000e+00
5.060196556276568280e-01 -4.101305343204348502e-02 0.000000000000000000e+00
4.947644304375840574e-01 -4.125324141718236109e-02 0.000000000000000000e+00
4.835059112897851508e-01 -4.143769631469276099e-02 0.000000000000000000e+00
4.722492886621440511e-01 -4.163027829698005833e-02 0.000000000000000000e+00
4.609997530325437576e-01 -4.189484753644957815e-02 0.000000000000000000e+00
4.497624948788669363e-01 -4.229526420550664551e-02 0.000000000000000000e+00
4.385427046789975303e-01 -4.289538847655662707e-02 0.000000000000000000e+00
4.273455729108180390e-01 -4.375908052200486870e-02 0.000000000000000000e+00
4.161762900522120723e-01 -4.495020051425668156e-02 0.000000000000000000e+00
4.050400840407467618e-01 -4.652399024423674312e-02 0.000000000000000000e+00
3.939425409231168129e-01 -4.845330103120872728e-02 0.000000000000000000e+00
3.828894456727976459e-01 -5.066521694057406211e-02 0.000000000000000000e+00
3.718865853945623745e-01 -5.308633168830999977e-02 0.000000000000000000e+00
3.609397471931837797e-01 -5.564323899039370219e-02 0.000000000000000000e+00
3.500547181734347535e-01 -5.826253256280240767e-02 0.000000000000000000e+00
3.392372854400884097e-01 -6.087080612151327813e-02 0.000000000000000000e+00
3.284932360979179733e-01 -6.339465338250353799e-02 0.000000000000000000e+00
3.178283572516962252e-01 -6.576066806175040469e-02 0.000000000000000000e+00
3.072484360061959463e-01 -6.789544387523105407e-02 0.000000000000000000e+00
2.967592594661903060e-01 -6.972557453892266888e-02 0.000000000000000000e+00
2.863649821702110576e-01 -7.118127042938013349e-02 0.000000000000000000e+00
2.760507800742371676e-01 -7.223478560237338308e-02 0.000000000000000000e+00
2.657895848874387013e-01 -7.288549906800469158e-02 0.000000000000000000e+00
2.555541242482058384e-01 -7.313324191894852999e-02 0.000000000000000000e+00
2.453171257949291195e-01 -7.297784524787936933e-02 0.000000000000000000e+00
2.350513171659983080e-01 -7.241914014747166672e-02 0.000000000000000000e+00
2.247294259998036392e-01 -7.145695771039992095e-02 0.000000000000000000e+00
2.143241799347352927e-01 -7.009112902933860301e-02 0.000000000000000000e+00
2.038083066091833095e-01 -6.832148519696214228e-02 0.000000000000000000e+00
1.931545336615382580e-01 -6.614785730594513469e-02 0.000000000000000000e+00
1.823355887301900680e-01 -6.357007644896189857e-02 0.000000000000000000e+00
1.713276549852056907e-01 -6.059060085900618009e-02 0.000000000000000000e+00
1.601564119989208890e-01 -5.724951944539349163e-02 0.000000000000000000e+00
1.488845428695837469e-01 -5.361505382290059074e-02 0.000000000000000000e+00
1.375756211893314207e-01 -4.975610262293053004e-02 0.000000000000000000e+00
1.262932205503005945e-01 -4.574156447688611932e-02 0.000000000000000000e+00
1.151009145446280080e-01 -4.164033801617043895e-02 0.000000000000000000e+00
1.040622767644502344e-01 -3.752132187218631953e-02 0.000000000000000000e+00
9.324088080190411076e-02 -3.345341467633677901e-02 0.000000000000000000e+00
8.270030024912655708e-02 -2.950551506002479368e-02 0.000000000000000000e+00
7.250410869825389681e-02 -2.574652165465324272e-02 0.000000000000000000e+00
6.271587974142328603e-02 -2.224533309162510242e-02 0.000000000000000000e+00
5.339916467309326759e-02 -1.906725832030663897e-02 0.000000000000000000e+00
4.461711449980486355e-02 -1.621316431814021769e-02 0.000000000000000000e+00
3.643253398975369178e-02 -1.362817747990172600e-02 0.000000000000000000e+00
2.890821649472405733e-02 -1.125558628316410993e-02 0.000000000000000000e+00
2.210695536650010909e-02 -9.038679205500384922e-03 0.000000000000000000e+00
1.609154395686647129e-02 -6.920744724483582008e-03 0.000000000000000000e+00
1.092477561760719917e-02 -4.845071317686644626e-03 0.000000000000000000e+00
6.669443700506563939e-03 -2.754947462682618992e-03 0.000000000000000000e+00
3.388341557348970370e-03 -5.936616370444528813e-04 0.000000000000000000e+00
1.144262539918689241e-03 1.695497681654828306e-03 0.000000000000000000e+00
0.000000000000000000e+00 4.169242015842202637e-03 0.000000000000000000e+00
101
0.000000000000000000e+00 4.169242015842202637e-03 0.000000000000000000e+00
1.573265848991105745e-05 6.882223194849376897e-03 0.000000000000000000e+00
1.191502725877067971e-03 9.841720106815620567e-03 0.000000000000000000e+00
3.467215902241788713e-03 1.300763869868771377e-02 0.000000000000000000e+00
6.780163256777106164e-03 1.633782522431713805e-02 0.000000000000000000e+00
1.106763585867605142e-02 1.979012593755537230e-02 0.000000000000000000e+00
1.626692477713143764e-02 2.332238709225382262e-02 0.000000000000000000e+00
2.231532108133662401e-02 2.689245494226411709e-02 0.000000000000000000e+00
2.915011584048454382e-02 3.045817574143767914e-02 0.000000000000000000e+00
3.670860012376798986e-02 3.397739574362597381e-02 0.000000000000000000e+00
4.492806500038023371e-02 3.740796120268049391e-02 0.000000000000000000e+00
5.374580153951385303e-02 4.070771837245264202e-02 0.000000000000000000e+00
6.309908308012772415e-02 4.383526265160417323e-02 0.000000000000000000e+00
7.292464523640698748e-02 4.677190959624109162e-02 0.000000000000000000e+00
8.315860195618454687e-02 4.952524165237440906e-02 0.000000000000000000e+00
9.373703255792821543e-02 5.210430443947239310e-02 0.000000000000000000e+00
1.045960163601060422e-01 5.451814357700326269e-02 0.000000000000000000e+00
1.156716326811869228e-01 5.677580468443538253e-02 0.000000000000000000e+00
1.268999608396383649e-01 5.888633338123700628e-02 0.000000000000000000e+00
1.382170801539287230e-01 6.085877528687635984e-02 0.000000000000000000e+00
1.495590699425262127e-01 6.270217602082170383e-02 0.000000000000000000e+00
1.608620095238985914e-01 6.442558120254134046e-02 0.000000000000000000e+00
1.720619782165145328e-01 6.603803645150355117e-02 0.000000000000000000e+00
1.830959479287419811e-01 6.754827181237374467e-02 0.000000000000000000e+00
1.939379811924052677e-01 6.895190395470093825e-02 0.000000000000000000e+00
2.046117534444148178e-01 7.022700892524644245e-02 0.000000000000000000e+00
2.151444037868616710e-01 7.135043819332952120e-02 0.000000000000000000e+00
2.255630713218365613e-01 7.229904322826952168e-02 0.000000000000000000e+00
2.358948951514309167e-01 7.304967549938579108e-02 0.000000000000000000e+00
2.461670143777353603e-01 7.357918647599763495e-02 0.000000000000000000e+00
2.564065681028411259e-01 7.386442762742437274e-02 0.000000000000000000e+00
2.666406954288392805e-01 7.388225042298535161e-02 0.000000000000000000e+00
2.768965354578206139e-01 7.360950633199990489e-02 0.000000000000000000e+00
2.872012272918763043e-01 7.302304682378731038e-02 0.000000000000000000e+00
2.975817121284375366e-01 7.210033458713976939e-02 0.000000000000000000e+00
3.080530568853365181e-01 7.085550547922041253e-02 0.000000000000000000e+00
3.186119233470270373e-01 6.935953876816740304e-02 0.000000000000000000e+00
3.292533900606840480e-01 6.768830347790170954e-02 0.000000000000000000e+00
3.399725355734818932e-01 6.591766863234417573e-02 0.000000000000000000e+00
3.507644384325949161e-01 6.412350325541579799e-02 0.000000000000000000e+00
3.616241771851976261e-01 6.238167637103749635e-02 0.000000000000000000e+00
3.725468303784643664e-01 6.076805700313022557e-02 0.000000000000000000e+00
3.835274765595692026e-01 5.935851417561491955e-02 0.000000000000000000e+00
3.945611942756870882e-01 5.822891691241249834e-02 0.000000000000000000e+00
4.056430620739923110e-01 5.745513423744389586e-02 0.000000000000000000e+00
4.167681548396369728e-01 5.711252650868002545e-02 0.000000000000000000e+00
4.279312056592526337e-01 5.722897723897808070e-02 0.000000000000000000e+00
4.391263323118237971e-01 5.774690185360443345e-02 0.000000000000000000e+00
4.503475882126305452e-01 5.859977546508746138e-02 0.000000000000000000e+00
4.615890267769521826e-01 5.972107318595550052e-02 0.000000000000000000e+00
4.728447014200677923e-01 6.104427012873690078e-02 0.000000000000000000e+00
4.841086655572567898e-01 6.250284140595996352e-02 0.000000000000000000e+00
4.953749726037986467e-01 6.403026213015301782e-02 0.000000000000000000e+00
5.066376759749731118e-01 6.556000741384444830e-02 0.000000000000000000e+00
5.178908290860595454e-01 6.702555236956261875e-02 0.000000000000000000e+00
5.291284853523370302e-01 6.836037210983580970e-02 0.000000000000000000e+00
5.403446993019922484e-01 6.949809133776087278e-02 0.000000000000000000e+00
5.515337061714808975e-01 7.039662452499424738e-02 0.000000000000000000e+00
5.626901201420817511e-01 7.106482173176541239e-02 0.000000000000000000e+00
5.738086031109612684e-01 7.151794671392810998e-02 0.000000000000000000e+00
5.848838169752843541e-01 7.177126322733615171e-02 0.000000000000000000e+00
5.959104236322164683e-01 7.184003502784321038e-02 0.000000000000000000e+00
6.068830849789231818e-01 7.173952587130305592e-02 0.000000000000000000e+00
6.177964629125703988e-01 7.148499951356944437e-02 0.000000000000000000e+00
6.286452193303231351e-01 7.109171971049611793e-02 0.000000000000000000e+00
6.394240161293476277e-01 7.057495021793687429e-02 0.000000000000000000e+00
6.501275152068085594e-01 6.994995479174540010e-02 0.000000000000000000e+00
6.607503688845958179e-01 6.923199205605339024e-02 0.000000000000000000e+00
6.712839834659306559e-01 6.843458098119152566e-02 0.000000000000000000e+00
6.817118081994255618e-01 6.756697607640352321e-02 0.000000000000000000e+00
6.920160954241544315e-01 6.663779038566723656e-02 0.000000000000000000e+00
7.021790974791911610e-01 6.565563695296047775e-02 0.000000000000000000e+00
7.121830667036093132e-01 6.462912882226118372e-02 0.000000000000000000e+00
7.220102554364832281e-01 6.356687903754711100e-02 0.000000000000000000e+00
7.316429160168870238e-01 6.247750064279618265e-02 0.000000000000000000e+00
7.410633007838940411e-01 6.136960668198622459e-02 0.000000000000000000e+00
7.502536620765785091e-01 6.025181019909511132e-02 0.000000000000000000e+00
7.591962522340143238e-01 5.913272423810068262e-02 0.000000000000000000e+00
7.678733398948502931e-01 5.802095570269513031e-02 0.000000000000000000e+00
7.762834280743491355e-01 5.691899577197366555e-02 0.000000000000000000e+00
7.844717180699016801e-01 5.581174370638724430e-02 0.000000000000000000e+00
7.924917565612537018e-01 5.468095494008807372e-02 0.000000000000000000e+00
8.003970902281515309e-01 5.350838490722827773e-02 0.000000000000000000e+00
8.082412657503411646e-01 5.227578904196011206e-02 0.000000000000000000e+00
8.160778298075689330e-01 5.096492277843564511e-02 0.000000000000000000e+00
8.239603290795807222e-01 4.955754155080707712e-02 0.000000000000000000e+00
8.319423102461229735e-01 4.803540079322659445e-02 0.000000000000000000e+00
8.400773199869416841e-01 4.638025593984636957e-02 0.000000000000000000e+00
8.484189049817831840e-01 4.457386242481860966e-02 0.000000000000000000e+00
8.570206139201410611e-01 4.259797511651065849e-02 0.000000000000000000e+00
8.659497723109054190e-01 4.043047042888762987e-02 0.000000000000000000e+00
8.753203780301199721e-01 3.803608555686485010e-02 0.000000000000000000e+00
8.852563028434986547e-01 3.537677799492308650e-02 0.000000000000000000e+00
8.958814185167557342e-01 3.241450523754319663e-02 0.000000000000000000e+00
9.073195968156070323e-01 2.911122477920585760e-02 0.000000000000000000e+00
9.196947095057655952e-01 2.542889411439186453e-02 0.000000000000000000e+00
9.331306283529466894e-01 2.132947073758203679e-02 0.000000000000000000e+00
9.477512251228642493e-01 1.677491214325713825e-02 0.000000000000000000e+00
9.636803715812330973e-01 1.172717582589806982e-02 0.000000000000000000e+00
1.000000000000000000e+00 0.000000000000000000e+00 0.000000000000000000e+00
