-9.190878499714441249e-03 -2.430060057752435332e-02 -3.267029116569512837e-02 -4.643413060751587496e-02 -2.464419137477437752e-02 -7.697560029301564466e-02 -3.855863385204599814e-02 -4.723348219146512178e-02 -1.319230203414048681e-02 5.262511824155891027e-02 3.190454269945149773e-02 6.577409709317057207e-02 6.825316697565121660e-02 8.003197380079619949e-02 7.098645122738440894e-02 5.780755655067287141e-02 4.652531537667647932e-02 2.375208555885362921e-02
1.067739955331022984e-02 3.957688031578393550e-03 -3.218714574539899981e-02 -7.969896925357428455e-03 -2.693861326612896970e-02 -7.693036743182780912e-02 -7.559530909780620700e-02 -3.938007683456649921e-02 -1.320462529203617411e-02 5.257129015062991795e-02 5.596639676561797339e-02 6.901580420304934127e-02 7.908824345724574378e-02 8.018955197405547297e-02 7.097511580232650219e-02 5.780192457381504861e-02 4.652569652525097299e-02 2.376701103607672602e-02
9.495984862656660364e-03 -2.422085088108456852e-02 -3.245875954866608848e-02 -4.625344675676427292e-02 -2.464654307077559711e-02 -7.697633955188748489e-02 -6.823366859656550265e-02 -4.121427579481980186e-02 -1.319490562406961352e-02 5.263681514183843335e-02 3.407495111516546660e-02 6.448211944035638077e-02 6.810873458065756780e-02 8.014057488689703412e-02 7.091193916660290530e-02 5.783335322684269447e-02 4.652158823305843627e-02 2.376634699713515639e-02
7.282307418079728839e-03 -2.430572440289959987e-02 -3.234801079896746506e-02 -4.627727324556375060e-02 -2.465167315394576134e-02 -7.697763296434433078e-02 -6.996093793864152643e-02 -4.340203945085394782e-02 -1.318986060852855510e-02 5.262435587084503263e-02 3.198734490236188055e-02 6.464700141378798559e-02 6.828128059852869858e-02 8.001471816783958801e-02 7.098047701581525204e-02 5.775583923722869828e-02 4.655292941098367054e-02 2.376880942251890019e-02
-3.295442836283597049e-04 -2.429263348963099645e-02 -3.267009360151633401e-02 -4.609301123493288188e-02 -2.464571622757411734e-02 -7.697096082209126111e-02 -5.062156511672952219e-02 -4.202676510177798253e-02 -1.319293553972472090e-02 5.257762554623006401e-02 3.421610961047074490e-02 6.454211952003557906e-02 7.102363072277551037e-02 7.881049528295028250e-02 7.098868370904605485e-02 5.779063772801143473e-02 4.653401093503997665e-02 2.376821699284276113e-02
5.212073108906212400e-03 -2.429876432386770743e-02 -3.262155994108048573e-02 -4.486509796833722252e-02 -2.464355130626547444e-02 -7.697871033146744257e-02 -6.985957170352857792e-02 -3.808943989733419577e-02 -1.317781938619567647e-02 5.264311248503721063e-02 3.379453488386149201e-02 6.451100183150146328e-02 6.842464293532352082e-02 8.011751752214534006e-02 7.098558087952534790e-02 5.784421960666166762e-02 4.652414069153236464e-02 2.376087185367416546e-02
-7.154971511833738140e-03 -2.424319857500431552e-02 -3.246020206133515273e-02 -4.247515231735555369e-02 -2.464369666065114803e-02 -7.697749476590426410e-02 -4.005113114322465806e-02 -4.355249004634050014e-02 -1.319545976792186465e-02 5.263564116330912007e-02 3.308936845461567938e-02 7.103515063903761972e-02 6.938088227642097428e-02 8.000252616396109906e-02 7.098783618428811115e-02 5.775716687279412037e-02 4.640144374533472504e-02 2.376827820709126113e-02
1.058818114082499609e-02 -2.417116315002499141e-02 -3.251264770087571032e-02 -2.757821957476044861e-02 -2.470580412990319025e-02 -7.696907922033953409e-02 -7.318052913839506735e-02 -3.682836378643503106e-02 -1.329884553742493453e-02 5.252648545709501238e-02 4.012631513419698259e-02 6.637604128319894714e-02 7.450893065761533818e-02 8.017024010309665993e-02 7.095307712369453013e-02 5.783794700177685710e-02 4.651687496916490777e-02 2.376658053278894039e-02
6.147857316703443913e-04 -2.429371091950121783e-02 -3.263754962761743206e-02 -4.773376558287906191e-02 -2.465028414115452357e-02 -7.694342118859774649e-02 -4.714950123925179537e-02 -4.302203712149895581e-02 -1.319343343835193208e-02 5.264228175361791717e-02 3.195575273634519708e-02 6.912556145558806930e-02 7.101651233482195180e-02 8.012586467101280585e-02 7.096929335516831416e-02 5.781849744345177872e-02 4.652497376829101833e-02 2.370004307507179303e-02
7.689774914013396134e-03 -2.429273847926658944e-02 -3.266993523234206637e-02 -4.611379974464788895e-02 -2.467698236266496412e-02 -7.697865595442163200e-02 -6.985957170352857792e-02 -3.808943989733419577e-02 -1.317795972601668204e-02 5.262594346262138012e-02 3.379453488386149201e-02 6.451100183150146328e-02 6.827441601184099096e-02 7.979186559934715872e-02 7.098562490655047075e-02 5.783232224402515970e-02 4.651216688436128621e-02 2.360285121713565082e-02
1.069198368010623734e-02 -1.141140503068071785e-02 -3.264612487293058751e-02 -8.665502191913206087e-03 -2.486079407016995521e-02 -7.697518081877023632e-02 -7.705105999724873311e-02 -3.179129684769153863e-02 -1.317365305282284203e-02 5.249482387074796280e-02 5.334479781627293749e-02 6.641050958184031849e-02 8.011657581293861463e-02 8.018857356793208935e-02 7.097743091794087023e-02 5.780282916389907488e-02 4.653845973497828387e-02 2.376708373843548425e-02
-4.951145734250070145e-03 -2.426234136647556841e-02 -3.263759666748002053e-02 -4.773183151879867303e-02 -2.464996122746778220e-02 -7.697739847597927232e-02 -4.094039284220265390e-02 -4.355420239566393931e-02 -1.319548148278732423e-02 5.258551247206773999e-02 3.308532389480738772e-02 6.908302226267154511e-02 6.936910121666974016e-02 7.999399332065817991e-02 7.096967211079774351e-02 5.775359665910549667e-02 4.654302506092307390e-02 2.376895742198127659e-02
7.787899163179075324e-03 -2.428944016258621080e-02 -3.267176241524750308e-02 -4.522797655218537688e-02 -2.468255655213639696e-02 -7.697780826535532972e-02 -6.985976653986933349e-02 -3.808947253658039045e-02 -1.317819522995201074e-02 5.262591126868723657e-02 3.396700487948963593e-02 6.708166016901710715e-02 6.842463879137999916e-02 7.978901998770009107e-02 7.099145894187901262e-02 5.783384660726427484e-02 4.652450124292180356e-02 2.376527620780967409e-02
1.059577338459211961e-02 -1.150714885032154237e-02 -3.264612487293058751e-02 -9.202278682893983916e-03 -2.484283271719019831e-02 -7.697045455215338616e-02 -7.705105999724873311e-02 -3.179374442852433286e-02 -1.317366625948628370e-02 5.080787217363743474e-02 5.334474665364639240e-02 6.637873060932646119e-02 8.011657581293861463e-02 8.018750879628543105e-02 7.095165694591221150e-02 5.780334566702617638e-02 4.652390539833858862e-02 2.376708373843548425e-02
-9.197789208438573311e-03 -2.429353555540789134e-02 -3.266228247777544502e-02 -4.522221046414873213e-02 -2.465158248579811875e-02 -7.697559276419371765e-02 -3.855535574795448256e-02 -4.339622792086753750e-02 -1.318968242879459823e-02 5.262258651208835680e-02 3.193115490820102459e-02 6.897306796482072233e-02 7.109474865990343673e-02 8.012519238271009758e-02 7.098413090681536530e-02 5.783407689426806053e-02 4.652473274630278960e-02 2.370982315102494048e-02
1.058497614090718117e-02 -2.395015451352872082e-02 -3.265179447597114232e-02 -2.840495610668963486e-02 -2.476501873349392507e-02 -7.687586101322498033e-02 -7.112954205736748969e-02 -4.204701145202904833e-02 -1.318318680731230853e-02 5.256832447951069465e-02 3.975660323459571238e-02 6.691754882551710637e-02 7.140741709087951306e-02 8.006509014744978003e-02 7.098557845288802626e-02 5.780182612587093927e-02 4.654252428140107783e-02 2.376442314895697502e-02
1.586577340902711264e-03 -2.423302496068982168e-02 -3.262587996560911696e-02 -4.522883413255738422e-02 -2.467939650922633052e-02 -7.694525792221176830e-02 -4.765299011098645537e-02 -4.338780116872514858e-02 -1.326299161083288429e-02 5.261678357708592102e-02 3.412784720299994606e-02 6.814190307930881318e-02 7.102018201557266930e-02 7.997240450770712328e-02 7.097069547404641354e-02 5.783090384506359843e-02 4.652465914408940306e-02 2.376218136453687665e-02
1.065614133011138359e-02 -1.969970048311351848e-02 -2.913490882854537917e-02 -8.931351209032238267e-03 -2.593673095433372475e-02 -7.695085912258066430e-02 -7.174897530966919956e-02 -3.180546099746754674e-02 -1.319549150718126937e-02 5.258477657159720681e-02 5.130647671785815850e-02 6.900005841032331999e-02 8.090181044142689959e-02 8.010175376457936980e-02 7.096870912860089864e-02 5.778081824593034321e-02 4.655004266797248269e-02 2.376551450354442291e-02
1.060193634335472763e-02 -2.118471883037029851e-02 -3.235841780055534467e-02 -3.943626527349598787e-02 -2.467225921514255849e-02 -7.696020320299866435e-02 -6.797467905086311546e-02 -4.121427332542658417e-02 -1.340103884150764188e-02 5.261585738829076958e-02 3.840453091802151914e-02 6.466569231379758198e-02 7.141377418115903153e-02 7.988038738224455260e-02 7.091247146969245629e-02 5.778555411526849206e-02 4.655151668432414708e-02 2.376752316610605126e-02
1.069024305411200165e-02 -1.927093661074738909e-02 -3.259239122408684464e-02 -8.682393347465615363e-03 -2.464446350311834746e-02 -7.697692229605905545e-02 -7.106386106110855472e-02 -3.188507537703748340e-02 -1.320592129542500631e-02 5.258403129588586772e-02 5.344144139866093685e-02 6.849068420988510542e-02 7.943545229602046176e-02 8.018693707195818920e-02 7.097709826153655865e-02 5.775301847068535499e-02 4.653819135957378006e-02 2.376743906304087939e-02
-8.472876081655646499e-03 -2.429353555540789134e-02 -3.220738490556875749e-02 -4.522221046414873213e-02 -2.467696344854639415e-02 -7.697827549860919438e-02 -3.855535574795448256e-02 -4.304291554079536786e-02 -1.318981408073041477e-02 5.262258651208835680e-02 3.193115490820102459e-02 6.897306796482072233e-02 7.109474865990343673e-02 8.013437724259286910e-02 7.098437063824576676e-02 5.783407850905686320e-02 4.652318508591925250e-02 2.360711791847926178e-02
1.061467211132828894e-02 -9.332528716518927181e-03 -3.264655324834671996e-02 -8.662157690392562753e-03 -2.710966218142645684e-02 -7.695289871204039067e-02 -7.601852789303226166e-02 -3.441032208733432740e-02 -1.331831993130960963e-02 5.256281506506702006e-02 5.082448076720885721e-02 6.901121267558743555e-02 7.875691802852730072e-02 8.015340502289927671e-02 7.097470482826058469e-02 5.783992394822493055e-02 4.652543590275392410e-02 2.376706484627029783e-02
7.751352234358096062e-04 -2.425655030520146305e-02 -3.264416429664565578e-02 -4.618494381135334476e-02 -2.464202157278929523e-02 -7.694238070149091169e-02 -4.595196817809476392e-02 -4.202532856163091607e-02 -1.325794281860110876e-02 5.257473635303000492e-02 3.421991853676909640e-02 6.930875632876791481e-02 7.083112649465279909e-02 8.011703010286716498e-02 7.098727781753037813e-02 5.775375925635081731e-02 4.653307720028820871e-02 2.376896627024289305e-02
1.066314279387715197e-02 -5.772017892504243200e-03 -3.216521032949101050e-02 -8.186328860850711556e-03 -2.689632144919893234e-02 -7.695959030581736582e-02 -7.695838884096989352e-02 -3.462688289620236004e-02 -1.322674260299754392e-02 5.257386097696187949e-02 5.340612110214782576e-02 6.849625670222879437e-02 7.903501378396465826e-02 7.986223325521260574e-02 7.095153174933052642e-02 5.783635798411207452e-02 4.653832571829657344e-02 2.376739264252396636e-02
1.067543842822462133e-02 2.863352967574265932e-03 -3.262455590959867369e-02 -8.041383328432906777e-03 -2.670763752168942365e-02 -7.696788346367264277e-02 -7.559530909780620700e-02 -4.017435892451694940e-02 -1.326479252599349970e-02 5.259339342250790583e-02 5.596639676561797339e-02 6.638198664097900992e-02 7.908416594331425797e-02 8.016968997175612233e-02 7.095229324588610276e-02 5.783266139045464133e-02 4.652390145300863006e-02 2.376472628182754385e-02
1.064952719404366026e-02 -2.417116315002499141e-02 -3.251264770087571032e-02 -2.402068612441530387e-02 -2.470468468441618104e-02 -7.692390245563439366e-02 -7.302756482693606443e-02 -3.608487442668894402e-02 -1.329884553742493453e-02 5.252655652666846087e-02 4.327641916002571837e-02 6.637619051579966845e-02 7.463299122033874300e-02 8.017024010309665993e-02 7.098064500763007212e-02 5.777832321504768054e-02 4.651680030252902665e-02 2.376658962415210963e-02
1.063658226097628952e-02 -1.969860351109197633e-02 -3.057048359768210419e-02 -8.745278763329132968e-03 -2.548055334710217987e-02 -7.695010994759651779e-02 -7.174882749128645709e-02 -3.182112600625154608e-02 -1.326042412904671584e-02 5.258247572766822781e-02 5.090321103191060986e-02 6.905978412193757021e-02 8.161541088885648776e-02 8.010264902187906599e-02 7.098382720765364362e-02 5.783209166689567277e-02 4.654908979882074055e-02 2.376896066068246577e-02
-9.197789208438573311e-03 -2.420372857399396768e-02 -3.261966108996952607e-02 -4.492099497710433376e-02 -2.464434822134187186e-02 -7.697559276419371765e-02 -3.855535574795448256e-02 -4.722911993688994753e-02 -1.318466361573816976e-02 5.264373040863578462e-02 3.188848744791627360e-02 6.896923571625623861e-02 6.841902628783030904e-02 8.012519238271009758e-02 7.097476816468822891e-02 5.780369234243249582e-02 4.652473274630278960e-02 2.360714491972982707e-02
8.792432936817088512e-03 -2.424156366048446642e-02 -3.266072322767245295e-02 -1.056761013792987050e-02 -2.464609373167853806e-02 -7.697328619869883704e-02 -7.679170034161857117e-02 -3.463351623469106133e-02 -1.318970573100697839e-02 5.257531351603563635e-02 4.841825518050615895e-02 6.446499060539778725e-02 7.556034999550050035e-02 8.017642777135071397e-02 7.098654269123561011e-02 5.783621038778768292e-02 4.653809821423907783e-02 2.369631368008550884e-02
1.067429332443929797e-02 -2.421082301256961486e-02 -3.259628769823945393e-02 -3.801340910993337291e-02 -2.465269214904338216e-02 -7.692432814342373137e-02 -6.793004046752387781e-02 -4.159551804866614549e-02 -1.329437465103175744e-02 5.258727566510664614e-02 3.700383507621939072e-02 6.637680851073529675e-02 7.181843402257195863e-02 8.019207558034367744e-02 7.094443149237503188e-02 5.784087947877118024e-02 4.654703274086093717e-02 2.376656946579124019e-02
-8.857437768952491214e-03 -2.430060057752435332e-02 -3.267036185434638723e-02 -4.642737452680194971e-02 -2.465882844861742168e-02 -7.697239126009060295e-02 -3.847180879372474188e-02 -4.723348219146512178e-02 -1.319247102001296253e-02 5.262511824155891027e-02 3.190459057869377002e-02 6.577409709317057207e-02 6.825790898672494389e-02 8.012519238271009758e-02 7.098842374344066508e-02 5.780307322953726068e-02 4.652474116637244500e-02 2.370383401669498916e-02
1.063661952866620276e-02 -2.429727164033100226e-02 -2.954437344328771087e-02 -8.745278763329132968e-03 -2.498747165112334689e-02 -7.696283387414055988e-02 -7.174882749128645709e-02 -3.300872211503028120e-02 -1.326213047267546692e-02 5.258244168166161664e-02 5.090321103191060986e-02 6.686410916215621003e-02 8.163346868823823099e-02 8.016979589075202972e-02 7.098382720765364362e-02 5.783209166689567277e-02 4.652307476879569137e-02 2.376896066068246577e-02
1.057046591683403688e-02 -2.336149421866964143e-02 -3.262638180492544171e-02 -2.903172106848653927e-02 -2.479592130397129807e-02 -7.687586101322498033e-02 -7.320915402567026997e-02 -4.193996789772583278e-02 -1.317201018450991912e-02 5.256782451914411569e-02 3.975660323459571238e-02 6.682525194091992748e-02 6.973711662202759787e-02 8.018926964260543466e-02 7.097508290654905294e-02 5.784179849677711927e-02 4.654200419538458838e-02 2.376442314895697502e-02
1.067599602803273075e-02 -2.420874801787111300e-02 -3.262038822164989998e-02 -3.458029561655743406e-02 -2.464432478550476410e-02 -7.683509881999031621e-02 -6.810872526138873895e-02 -4.134190708996308972e-02 -1.319349006245811029e-02 5.263508436883871516e-02 3.837476257810040758e-02 6.480352574272517374e-02 7.414052761237263645e-02 7.977116902863255754e-02 7.091162831113058396e-02 5.780301466826617829e-02 4.652426517172061904e-02 2.376705911162632287e-02
1.063625677191856050e-02 -2.271546041128073845e-02 -3.234499902064168902e-02 -4.532764762018388210e-02 -2.467317108117232302e-02 -7.687521813774261803e-02 -6.777222610716010509e-02 -3.892858335033962808e-02 -1.319546721315870141e-02 5.256989522328438941e-02 3.414577093488103954e-02 6.804154990898865496e-02 7.107008726574445823e-02 7.998681636245973114e-02 7.097502751740689120e-02 5.784003624633466539e-02 4.653780213247650510e-02 2.376702603494685803e-02
1.891573207568108227e-03 -2.429166703826948076e-02 -3.246279787038092168e-02 -4.467384717056845089e-02 -2.467966996295315255e-02 -7.697786300984382768e-02 -4.839807426421714742e-02 -4.254425142486387146e-02 -1.318995983547367225e-02 5.263558674508744123e-02 3.444789075114455812e-02 6.746066467259922983e-02 7.134243222148080321e-02 7.986315956865469579e-02 7.097082983927363586e-02 5.782939484193175272e-02 4.650693957241995580e-02 2.376021818263125349e-02
1.036629381282555551e-02 -2.417091565287977917e-02 -3.266677548643513729e-02 -2.402068612441530387e-02 -2.464360150755701834e-02 -7.692531643397067243e-02 -7.302756482693606443e-02 -3.574313976841131391e-02 -1.319052495780991333e-02 5.252648545709501238e-02 4.327641916002571837e-02 6.615279147644693991e-02 7.423718252671072937e-02 8.017453579264101349e-02 7.098064500763007212e-02 5.777707745615280610e-02 4.651625982613588617e-02 2.369684314543742815e-02
7.697153505322875539e-03 -2.428914631273827729e-02 -3.267176241524750308e-02 -4.523981793621203312e-02 -2.468255655213639696e-02 -7.687883310195853248e-02 -6.763663849352698210e-02 -3.796738594125401156e-02 -1.317820017465914754e-02 5.262591126868723657e-02 3.396960492408385157e-02 6.708595564077945994e-02 6.839673212479832620e-02 7.978901998770009107e-02 7.099138735401309963e-02 5.783384660726427484e-02 4.654465605886578400e-02 2.360850373609993391e-02
1.039300514240878472e-02 -2.421082301256961486e-02 -3.261455604242741863e-02 -3.836889617320539403e-02 -2.464834492018070505e-02 -7.692513929132645256e-02 -6.851972099502899594e-02 -4.142258103896016841e-02 -1.340034777311753696e-02 5.258104096356595175e-02 3.700383507621939072e-02 6.478951888448568341e-02 7.146195066028360188e-02 8.006392469525507039e-02 7.091207558968283531e-02 5.783546503798837890e-02 4.652476504259509676e-02 2.376444123950351150e-02
7.282307418079728839e-03 -2.430572440289959987e-02 -3.234801079896746506e-02 -4.516267547029615553e-02 -2.465167315394576134e-02 -7.697601073512513881e-02 -6.996093793864152643e-02 -4.340203945085394782e-02 -1.318986060852855510e-02 5.262497875820899840e-02 3.198982849594291661e-02 6.464700141378798559e-02 6.828128059852869858e-02 7.929918496176709131e-02 7.098029986816936643e-02 5.783410407237883633e-02 4.655292941098367054e-02 2.371184505701383685e-02
-4.618344351057837235e-03 -2.429162944249222897e-02 -3.268246998139638648e-02 -3.981756947754362674e-02 -2.466233972111985667e-02 -7.696797439854363709e-02 -3.895182539662449261e-02 -4.351790072581462193e-02 -1.322667549639969763e-02 5.262230125819258864e-02 3.602487061225021631e-02 6.850633986291869426e-02 7.364869987480515690e-02 7.980704990553610934e-02 7.098063871599405439e-02 5.784022365241456298e-02 4.654131922923451098e-02 2.376413910736496077e-02
2.356867425590382283e-03 -2.426265816975274603e-02 -3.262558398660134196e-02 -4.549692288529964823e-02 -2.467840584322694708e-02 -7.696018027394091465e-02 -4.714369422389504127e-02 -4.094523573354733742e-02 -1.331103770083510128e-02 5.263419372584739186e-02 3.542966478712358813e-02 6.870732643291607711e-02 7.164240298146329344e-02 8.003536960576695947e-02 7.097081589377625399e-02 5.719083377513350247e-02 4.653614270417350679e-02 2.376031629613872473e-02
-4.618344351057837235e-03 -2.429162944249222897e-02 -3.267874944499891271e-02 -3.981756947754362674e-02 -2.464221711400928910e-02 -7.696797439854363709e-02 -3.895182539662449261e-02 -4.354798430845509966e-02 -1.319492589448135848e-02 5.262230125819258864e-02 3.394089126789361088e-02 7.225762031227375704e-02 7.367769572568248770e-02 7.981168517027002751e-02 7.098569652977619604e-02 5.784022365241456298e-02 4.654128739422948302e-02 2.376413915731535875e-02
1.039688003101539582e-02 -2.424123470485342602e-02 -3.267494432697377188e-02 -4.774013970895551323e-02 -2.468840274590610243e-02 -7.694620837629785604e-02 -6.687310528201963200e-02 -4.130756157996198080e-02 -1.319387613839283734e-02 5.262630130714079923e-02 3.392016157757996725e-02 6.471213508479679855e-02 7.075602076395103024e-02 7.925168911127875027e-02 7.094320929931687003e-02 5.783623953931143341e-02 4.650461184958598615e-02 2.361281238830016324e-02
1.058959044153274208e-02 -5.772017892504243200e-03 -3.265987672454916807e-02 -9.203564380726336758e-03 -2.483255414722715382e-02 -7.696404717393365291e-02 -7.695838884096989352e-02 -3.459503657788715048e-02 -1.320581204597123456e-02 5.258162137091507843e-02 5.334195215871714857e-02 6.843013045653431603e-02 7.944893060809278540e-02 8.014699359948035395e-02 7.099235105244659783e-02 5.784030693222954461e-02 4.654450437695521747e-02 2.376739264252396636e-02
-9.232753167502877681e-03 -2.423729723487402440e-02 -3.236784135266615459e-02 -4.502380592042232177e-02 -2.464402675810295137e-02 -7.696608586227381144e-02 -3.855447396229288309e-02 -4.352715981098237430e-02 -1.318442103492029234e-02 5.259707429032036557e-02 3.200693405834706406e-02 6.860668584007453830e-02 6.856319723603601646e-02 8.002813041474361733e-02 7.085814614199534289e-02 5.780768233118195598e-02 4.652535964689919618e-02 2.375219764877546658e-02
-4.429079845476486393e-03 -2.429768985466907588e-02 -3.263490043383265177e-02 -4.522069682396798879e-02 -2.464702088573841529e-02 -7.696831115077348850e-02 -3.845968668289086873e-02 -4.268433726309639464e-02 -1.323616979700954072e-02 5.257109320508851491e-02 3.601555988160588112e-02 6.905887853375759777e-02 7.106569453949958259e-02 7.976475734523474914e-02 7.099220438044427650e-02 5.784117158929975855e-02 4.652522215916519988e-02 2.376744732532263052e-02
1.067550159434054423e-02 -4.307943769552985414e-04 -3.266521698053650308e-02 -8.201098324786836730e-03 -2.706245286676634693e-02 -7.694268909233677178e-02 -7.525359374250670252e-02 -3.473653149875450402e-02 -1.322265014229774896e-02 5.048337449715416952e-02 5.600229110571058877e-02 6.864197886220567424e-02 7.889758164980527344e-02 8.001801961381938000e-02 7.096875186571470484e-02 5.781862244438309290e-02 4.653771935752536865e-02 2.376497448359920356e-02
9.848983438614414276e-03 -2.428695184546626404e-02 -3.267294599680316269e-02 -8.609499042716199993e-03 -2.469312054012906543e-02 -7.687888282793679806e-02 -7.681529254600982792e-02 -3.443356353620961180e-02 -1.319030737700442601e-02 5.256964643835480844e-02 5.016157002458197095e-02 6.357221167138431273e-02 7.636578292504789256e-02 8.012279833791226269e-02 7.098567144955349184e-02 5.778070464153005348e-02 4.652266824334501394e-02 2.376870462824340682e-02
1.005275271611870934e-02 -2.430270514315469033e-02 -3.180383214650640833e-02 -1.072989294589987881e-02 -2.465267043749636011e-02 -7.691767623765405348e-02 -7.301803851008253909e-02 -3.464377766875825077e-02 -1.321002246627335508e-02 5.258707784105375732e-02 5.027651191878044351e-02 6.468673149423408153e-02 7.902059813535611266e-02 8.017338441985689956e-02 7.097668036179183293e-02 5.783951953896090264e-02 4.654502912786075142e-02 2.376659216566555030e-02
8.917009437068502964e-03 -2.428780937516246061e-02 -3.267315307137488162e-02 -1.061645518753908356e-02 -2.464210034236541738e-02 -7.687359497569812294e-02 -7.173424221859217575e-02 -3.451588692305479489e-02 -1.331426397951314747e-02 5.257760559739708267e-02 4.948598668919417659e-02 6.457886878300235500e-02 7.786819766050599723e-02 8.001458614441164796e-02 7.098869086622890123e-02 5.783628078613489709e-02 4.652892898721135845e-02 2.376817111540044380e-02
1.061467211132828894e-02 -9.332528716518927181e-03 -3.264655324834671996e-02 -8.662157690392562753e-03 -2.710966218142645684e-02 -7.691924020240703541e-02 -7.601852789303226166e-02 -3.441032208733432740e-02 -1.331831993130960963e-02 5.255999856936100639e-02 5.082448076720885721e-02 6.901121267558743555e-02 7.875691802852730072e-02 8.017375298678693085e-02 7.097210475430021370e-02 5.784329695356745654e-02 4.652543590275392410e-02 2.376658236023732398e-02
1.059081950957772335e-02 -2.420922961129181455e-02 -3.261455604242741863e-02 -3.838184450003480352e-02 -2.464312596435737357e-02 -7.692434470014987424e-02 -6.853730213299535912e-02 -4.140651570008520993e-02 -1.329427678934102033e-02 5.258130737449390191e-02 3.700383507621939072e-02 6.638755028850076845e-02 7.149198939010896481e-02 8.019188223668999305e-02 7.091058812073697259e-02 5.783546503798837890e-02 4.648541709865758320e-02 2.376418107703997390e-02
1.045264272715766031e-02 -2.428695184546626404e-02 -3.267294599680316269e-02 -8.609499042716199993e-03 -2.467349453559995395e-02 -7.687888282793679806e-02 -7.178278636198415219e-02 -3.443356353620961180e-02 -1.319065065595326214e-02 5.256964643835480844e-02 5.016157002458197095e-02 6.646740873107638559e-02 7.967762469511252554e-02 8.012279833791226269e-02 7.097585690546233395e-02 5.778070464153005348e-02 4.652266824334501394e-02 2.376819302852943225e-02
-8.235295758917671877e-03 -2.427167093687932278e-02 -3.259739941093998256e-02 -4.162960361658014918e-02 -2.476665771366571081e-02 -7.694749368104022991e-02 -3.868098904318895137e-02 -4.333949758107322886e-02 -1.323235125230661467e-02 5.263337985495717547e-02 3.344794621279423980e-02 6.881027714042169119e-02 6.982694983274406741e-02 8.001512637834742869e-02 7.097332419864064990e-02 5.782023154391550956e-02 4.649677738448265013e-02 2.376867163875742706e-02
1.058277467224890377e-02 -1.927093661074738909e-02 -3.233060374170416973e-02 -8.682393347465615363e-03 -2.465128879561413397e-02 -7.697085324785282734e-02 -7.415715057941354993e-02 -3.188507537703748340e-02 -1.320006193185565939e-02 5.264373395976169184e-02 5.344144139866093685e-02 6.634904450886934535e-02 7.947559553418129252e-02 8.018698985110270239e-02 7.089910514944045006e-02 5.780095055252202491e-02 4.654156364102921689e-02 2.376745429243976027e-02
5.212073108906212400e-03 -2.429315459600090571e-02 -3.261722835423178785e-02 -4.781159406762169189e-02 -2.467624088034629792e-02 -7.697871033146744257e-02 -6.985957170352857792e-02 -3.808943989733419577e-02 -1.317795972601668204e-02 5.264311248503721063e-02 3.379453488386149201e-02 6.451100183150146328e-02 6.842464293532352082e-02 8.011751752214534006e-02 7.098562490655047075e-02 5.783232224402515970e-02 4.652404806250190483e-02 2.360510119489312233e-02
1.069024305411200165e-02 -2.405983120436352984e-02 -3.259200086141921665e-02 -8.675892230354627019e-03 -2.464446350311834746e-02 -7.697692229605905545e-02 -7.106386106110855472e-02 -3.188977623613706985e-02 -1.320592129542500631e-02 5.258368229579541558e-02 5.344144139866093685e-02 6.475350544012470344e-02 7.975045438430844458e-02 8.017553800770411965e-02 7.097709826153655865e-02 5.775301847068535499e-02 4.653825994050823922e-02 2.376746267406291968e-02
1.067599602803273075e-02 -2.420874801787111300e-02 -3.219643943191123625e-02 -3.450188563231849220e-02 -2.466112609645045375e-02 -7.684700850655851179e-02 -6.810872526138873895e-02 -4.134190708996308972e-02 -1.319372024098131035e-02 5.258315718587907445e-02 3.837476257810040758e-02 6.555635462279865711e-02 7.415320660226173977e-02 8.012463319950202667e-02 7.097569142664864050e-02 5.783771157341480174e-02 4.653800524058040317e-02 2.376711654809167060e-02
1.005115766319424758e-02 -2.430434299689041705e-02 -3.267732398713774772e-02 -1.072989294589987881e-02 -2.464795152883974064e-02 -7.650843561529593884e-02 -7.301803851008253909e-02 -3.464377766875825077e-02 -1.320546918883571362e-02 5.256550019060951540e-02 5.027651191878044351e-02 6.467307032923098886e-02 7.759614428026316568e-02 8.015449042330137497e-02 7.097824889045793728e-02 5.782426109009127652e-02 4.654474040337341911e-02 2.376451244351450443e-02
2.327692974031724329e-03 -2.426265613946840261e-02 -3.262558398660134196e-02 -4.549692288529964823e-02 -2.466847187048268331e-02 -7.694538688005815585e-02 -4.714369422389504127e-02 -4.269607617207774042e-02 -1.329676281734538078e-02 5.263419372584739186e-02 3.542966478712358813e-02 6.744206541415703748e-02 7.164240298146329344e-02 8.004094298178097977e-02 7.097081589377625399e-02 5.722713852178520216e-02 4.653743946296330647e-02 2.376031629613872473e-02
1.067497927682447591e-02 -2.406399625150805466e-02 -3.235414489245160702e-02 -4.532764762018388210e-02 -2.467317108117232302e-02 -7.687521813774261803e-02 -6.777222610716010509e-02 -3.892858335033962808e-02 -1.319326628911909882e-02 5.256983688947977629e-02 3.414577093488103954e-02 6.804154990898865496e-02 7.108163721624559395e-02 8.017171582557110210e-02 7.097502751740689120e-02 5.784003624633466539e-02 4.653730875587226007e-02 2.376702603494685803e-02
6.914453217755508162e-04 -2.429365645373685392e-02 -3.267068095651504828e-02 -4.612008425523730915e-02 -2.475299236718113416e-02 -7.694295286740267248e-02 -4.653088394628473318e-02 -4.300905250532554430e-02 -1.319261079651458911e-02 5.258484978807508037e-02 3.305275254800651985e-02 6.920406327578267069e-02 7.102398525764085091e-02 8.001597320049946838e-02 7.096900045606358010e-02 5.781849744345177872e-02 4.654347240992585955e-02 2.376506922711534367e-02
5.121327450410219709e-03 -2.429876432386770743e-02 -3.262155994108048573e-02 -4.487693935236387183e-02 -2.464355130626547444e-02 -7.697871033146744257e-02 -6.759392814159451146e-02 -3.796441863220397644e-02 -1.317782433090281154e-02 5.264311248503721063e-02 3.379713492845571460e-02 6.451100183150146328e-02 6.839696693555731566e-02 8.011751752214534006e-02 7.098550913689471997e-02 5.784421960666166762e-02 4.654428575679753904e-02 2.360122664569251974e-02
-3.891183688808094211e-03 -2.429875384753012527e-02 -3.234605187468529708e-02 -4.485441954424523869e-02 -2.464338348894626676e-02 -7.687568524873336639e-02 -4.066044157450538626e-02 -4.073917183237399375e-02 -1.319533483972282033e-02 5.262316997031389609e-02 3.379061765893184854e-02 7.233282602831860031e-02 7.175820032190773079e-02 7.998732868886780645e-02 7.098557966953455978e-02 5.784295483279366934e-02 4.654392159870706508e-02 2.376421493163463280e-02
1.064515816355476700e-02 -2.405200608918155875e-02 -3.235808603117743681e-02 -4.540517931561849352e-02 -2.464390143394323135e-02 -7.688083870884152016e-02 -6.823960349302549133e-02 -4.078250563139205337e-02 -1.318721196409417332e-02 5.264287521764921679e-02 3.414577093488103954e-02 6.466647821035916011e-02 7.126578371091847608e-02 7.998732868886780645e-02 7.098189006214880581e-02 5.783802327127889747e-02 4.655346829625528482e-02 2.376038311112309981e-02
-7.650530670058660471e-04 -2.428698928481419148e-02 -3.267004698821320691e-02 -4.764395279417209250e-02 -2.464571622757411734e-02 -7.687979744051387510e-02 -4.711617894851500427e-02 -4.202676510177798253e-02 -1.319293553972472090e-02 5.257715486055334481e-02 3.415972037042241949e-02 6.454211952003557906e-02 7.084403405738139148e-02 7.881049528295028250e-02 7.097534852707976238e-02 5.779247796286025862e-02 4.653413917890086154e-02 2.376819368905781771e-02
1.067550159434054423e-02 -3.526984475902677010e-03 -3.216491716771951309e-02 -8.408259125668851586e-03 -2.706360576246613289e-02 -7.687370087045179712e-02 -7.525359374250670252e-02 -3.511991703504222656e-02 -1.322540649094030088e-02 5.257368829416776690e-02 5.515893386619085542e-02 6.847496667656047253e-02 7.816070047395305698e-02 8.015209292401127839e-02 7.086073631022481167e-02 5.783623260752735612e-02 4.652797984213717652e-02 2.376446014318150252e-02
1.061776874080527094e-02 -5.772017892504243200e-03 -3.265987672454916807e-02 -9.203564380726336758e-03 -2.483367364068957486e-02 -7.696322717206714736e-02 -7.695838884096989352e-02 -3.421287851766263710e-02 -1.320581204597123456e-02 5.258155030133641189e-02 5.334195215871714857e-02 6.843013045653431603e-02 7.944893060809278540e-02 8.014699359948035395e-02 7.099235105244659783e-02 5.783964779113733717e-02 4.654457892497913113e-02 2.376739264252396636e-02
9.612634472211407238e-03 -2.422085088108456852e-02 -3.245875954866608848e-02 -4.515272438832582808e-02 -2.464657775216646390e-02 -7.697633955188748489e-02 -6.823366859656550265e-02 -4.121427579481980186e-02 -1.319811596772262584e-02 5.263681514183843335e-02 3.365984487430488670e-02 6.429941814267839395e-02 6.990840941723949764e-02 8.014057488689703412e-02 7.091261147531274789e-02 5.783335322684269447e-02 4.652151295394119090e-02 2.376751453718110862e-02
1.067793097561522096e-02 -2.730038707938510067e-03 -3.250316028966764026e-02 -8.050297256269376908e-03 -2.709251157275573488e-02 -7.697019313190806011e-02 -7.490341755330380547e-02 -3.370517192946769630e-02 -1.322860500663151570e-02 5.258218275260762714e-02 5.647694378976860635e-02 6.847986775919590041e-02 7.811778895569755632e-02 8.017098731366012476e-02 7.095801116287067667e-02 5.782033681561573463e-02 4.654090510953256404e-02 2.376150334370330172e-02
-7.075697559590206354e-03 -2.424519550454475036e-02 -3.266903072934237984e-02 -4.527898945938563929e-02 -2.464369666065114803e-02 -7.697593068385710779e-02 -3.996737050557523652e-02 -4.355249004634050014e-02 -1.319545976792186465e-02 5.263626405011521264e-02 3.193160849550208402e-02 7.105914683096244133e-02 6.938088227642097428e-02 7.929528134197298683e-02 7.098626141692881975e-02 5.783540214379231936e-02 4.653793274933838708e-02 2.370770275526759216e-02
9.872149206192256179e-03 -2.412377966529721460e-02 -3.258546328904282641e-02 -1.070701446162660234e-02 -2.496619550275035529e-02 -7.691310031840355166e-02 -7.684145245759070597e-02 -3.523694379939606991e-02 -1.326878874754940617e-02 5.257187611616691292e-02 4.994801346580908519e-02 6.339382006264371316e-02 7.454226254369983318e-02 7.999333880632886196e-02 7.099100160642569934e-02 5.784212824732145458e-02 4.651963029337470579e-02 2.376433862364470129e-02
-4.721452272856379098e-03 -2.429126133575479699e-02 -3.263759666748002053e-02 -4.773183151879867303e-02 -2.464382068656864599e-02 -7.697739847597927232e-02 -3.851810705304656995e-02 -4.301868989064652760e-02 -1.319460847451092711e-02 5.262356255957639783e-02 3.330882161941258607e-02 6.908302226267154511e-02 7.106439379459519867e-02 8.012586842778535168e-02 7.096813265327422959e-02 5.780910788434170944e-02 4.654302506092307390e-02 2.370999956774876363e-02
-7.169348587089080342e-03 -2.430046403715897113e-02 -3.266903072934237984e-02 -4.643474274801794727e-02 -2.464369179969076729e-02 -7.697755291308683301e-02 -4.063530494836570250e-02 -4.355249004634050014e-02 -1.319232771601890758e-02 5.263564116330912007e-02 3.190467712936274902e-02 7.108833942668850436e-02 6.930424844539577467e-02 8.013255165745548914e-02 7.098645324200780760e-02 5.775575115433315143e-02 4.652473163953830398e-02 2.369898433309626518e-02
1.061054259557628852e-02 -2.430441132036497559e-02 -3.267294599680316269e-02 -8.609499042716199993e-03 -2.480175119162392541e-02 -7.687888282793679806e-02 -7.681529254600982792e-02 -3.443356353620961180e-02 -1.320529959131211406e-02 5.256964106126373742e-02 5.305932039652960092e-02 6.357596989779969177e-02 7.636578292504789256e-02 8.015450260543743877e-02 7.098567144955349184e-02 5.778003619464452262e-02 4.652266824334501394e-02 2.376810751306005290e-02
-4.951145734250070145e-03 -2.426245614385611968e-02 -3.263759666748002053e-02 -4.773183151879867303e-02 -2.464996122746778220e-02 -7.697739847597927232e-02 -3.851852865799648001e-02 -4.300905250532554430e-02 -1.319460847451092711e-02 5.258484978807508037e-02 3.329426068319957938e-02 6.908302226267154511e-02 7.106360770444150599e-02 8.012586842778535168e-02 7.096967211079774351e-02 5.780910788434170944e-02 4.654302506092307390e-02 2.370151677037064808e-02
9.848983438614414276e-03 -2.428695184546626404e-02 -3.263919850718038224e-02 -1.069646648582838616e-02 -2.469210013322831188e-02 -7.687888282793679806e-02 -7.656863944654679344e-02 -3.464137288987195057e-02 -1.319081872800474155e-02 5.256568748218985038e-02 5.016157002458197095e-02 6.357221167138431273e-02 7.636578292504789256e-02 8.012162201529567096e-02 7.097791004700340634e-02 5.783914910011991178e-02 4.654424349072430744e-02 2.376459287438302537e-02
-4.928358859395950975e-03 -2.429875384753012527e-02 -3.234605187468529708e-02 -4.485441954424523869e-02 -2.464338348894626676e-02 -7.687568524873336639e-02 -4.066044157450538626e-02 -4.073917183237399375e-02 -1.319533483972282033e-02 5.262316997031389609e-02 3.379061765893184854e-02 7.233282602831860031e-02 7.175820032190773079e-02 7.998732868886780645e-02 7.098557966953455978e-02 5.784295483279366934e-02 4.654392159870706508e-02 2.376421493163463280e-02
1.063661952866620276e-02 -2.300161839575167247e-02 -3.250458126411887722e-02 -8.745289642074620742e-03 -2.548111203549353887e-02 -7.692839137869508792e-02 -7.174881097632376803e-02 -3.302963812690403594e-02 -1.319204263991321374e-02 5.258176704233817611e-02 5.097789643816317412e-02 6.465476156296513788e-02 8.154559897599969465e-02 8.018978716841186627e-02 7.095894546445448425e-02 5.783570335336977314e-02 4.652317040272403031e-02 2.376898188864823985e-02
1.063625677191856050e-02 -2.422216969892395169e-02 -3.234499902064168902e-02 -4.544944804483437573e-02 -2.466834263552519432e-02 -7.694560595585091256e-02 -6.754420854373363592e-02 -3.881807759801217395e-02 -1.318757362915983292e-02 5.262389336191102690e-02 3.393296055487222962e-02 6.744362273810659836e-02 7.107008726574445823e-02 8.004126613118575650e-02 7.097453970331675521e-02 5.784623204694619436e-02 4.653780868278691030e-02 2.376708439697163000e-02
1.067550159434054423e-02 -1.878241107873183588e-03 -3.218304209564135099e-02 -8.201098324786836730e-03 -2.706245286676634693e-02 -7.693135082355193055e-02 -7.525359374250670252e-02 -3.473653149875450402e-02 -1.322265014229774896e-02 5.048337449715416952e-02 5.600229110571058877e-02 6.864197886220567424e-02 7.904555987408866391e-02 8.018864874395080500e-02 7.094423847648620440e-02 5.783623778737562865e-02 4.653771935752536865e-02 2.376497124397796215e-02
-3.891183688808094211e-03 -2.424716859543272693e-02 -3.234833641839351959e-02 -4.540517931561849352e-02 -2.464395354603428345e-02 -7.687568524873336639e-02 -4.123086211728511224e-02 -4.073917183237399375e-02 -1.319546721315870141e-02 5.262316997031389609e-02 3.414577093488103954e-02 6.926291806621558134e-02 7.107008726574445823e-02 7.998732868886780645e-02 7.097466479063954670e-02 5.784232163732187793e-02 4.654257043059169957e-02 2.376447828225444758e-02
2.666939159705832008e-03 -2.426113010751649104e-02 -3.234912757990858478e-02 -4.520650915416152271e-02 -2.464577454412065702e-02 -7.696005714933311370e-02 -4.679086695857199996e-02 -4.095481527751268502e-02 -1.331462787362959130e-02 5.259668349270600618e-02 3.617060501476606488e-02 6.828706125107179836e-02 7.141391132797386687e-02 8.013839316635731902e-02 7.096708579056339172e-02 5.778620775136055626e-02 4.655012994583356684e-02 2.368839939661443808e-02
-4.352420252352369109e-03 -2.429801449553689249e-02 -3.261786790048767926e-02 -4.731568006297609541e-02 -2.464663437584142455e-02 -7.697562370177092606e-02 -3.860479405524700619e-02 -4.265985298530221986e-02 -1.318083673525474210e-02 5.263069767500359181e-02 3.540488058275181177e-02 6.894382874034804543e-02 7.102353776114100903e-02 7.845213801034908729e-02 7.098613756510777084e-02 5.783934524020906132e-02 4.652499720312238546e-02 2.375852718789522172e-02
1.067543842822462133e-02 3.957688031578393550e-03 -3.218714574539899981e-02 -8.041383328432906777e-03 -2.670763752168942365e-02 -7.693110971773581275e-02 -7.559530909780620700e-02 -4.017435892451694940e-02 -1.326479252599349970e-02 5.256971691559233356e-02 5.596639676561797339e-02 6.683269487743913329e-02 7.910863802092005237e-02 8.016968997175612233e-02 7.098745207656589895e-02 5.783193756301978350e-02 4.652304359314862053e-02 2.376472628182754385e-02
-3.295442836283597049e-04 -2.429263348963099645e-02 -3.267009360151633401e-02 -4.609301123493288188e-02 -2.464571622757411734e-02 -7.697096082209126111e-02 -5.062156511672952219e-02 -4.202676510177798253e-02 -1.319293553972472090e-02 5.257762554623006401e-02 3.421610961047074490e-02 6.454211952003557906e-02 7.102363072277551037e-02 7.539865859688628380e-02 7.098868370904605485e-02 5.779063772801143473e-02 4.653401093503997665e-02 2.376821699284276113e-02
-4.429079845476486393e-03 -2.429801449553689249e-02 -3.261786790048767926e-02 -4.771547614401236426e-02 -2.464663437584142455e-02 -7.697562370177092606e-02 -3.860479405524700619e-02 -4.265240056490896686e-02 -1.319342032506694122e-02 5.264288263658978284e-02 3.540074255324852925e-02 6.894382874034804543e-02 7.102358165853921157e-02 7.845213801034908729e-02 7.098575883839328138e-02 5.783934524020906132e-02 4.652499750575030124e-02 2.375706417215659588e-02
1.063418995958653572e-02 -2.045127826251335809e-02 -3.217884635670305998e-02 -8.745289642074620742e-03 -2.532103358350279096e-02 -7.692839137869508792e-02 -7.135699668350771463e-02 -3.546516234323349864e-02 -1.318977674793610222e-02 5.262699602872082660e-02 5.097789643816317412e-02 6.465476156296513788e-02 8.154559897599969465e-02 8.018949067134714670e-02 7.097321386808522203e-02 5.783570335336977314e-02 4.652316948497083743e-02 2.376898188864823985e-02
6.914453217755508162e-04 -2.429371091950121783e-02 -3.263784978083279775e-02 -4.773183151879867303e-02 -2.465163106526174069e-02 -7.694342118859774649e-02 -4.714950123925179537e-02 -4.302948954189220881e-02 -1.318084984851716247e-02 5.263418530098902537e-02 3.193633782036657542e-02 6.912479165031731876e-02 7.101646843742374926e-02 8.012586467101280585e-02 7.096967211079774351e-02 5.781849744345177872e-02 4.652497346566309561e-02 2.370955132328190010e-02
8.943900188934575737e-03 -2.424156366048446642e-02 -3.266084349375269341e-02 -9.475249985389351537e-03 -2.466298270512453858e-02 -7.697320587773177902e-02 -7.679170034161857117e-02 -3.415638666566023218e-02 -1.318970573100697839e-02 5.257420017140768120e-02 4.998057927773288944e-02 6.466441203224905510e-02 7.467623841850457023e-02 8.017642777135071397e-02 7.091054028197323056e-02 5.778529853420941859e-02 4.653865981115664491e-02 2.376472927031029678e-02
1.037201605841400753e-02 -2.417116315002499141e-02 -3.251264770087571032e-02 -2.402068612441530387e-02 -2.470580412990319025e-02 -7.692308254918363286e-02 -7.302756482693606443e-02 -3.608487442668894402e-02 -1.329884553742493453e-02 5.252648545709501238e-02 4.327641916002571837e-02 6.637619051579966845e-02 7.463299122033874300e-02 8.017024010309665993e-02 7.098064500763007212e-02 5.777770770681146806e-02 4.651687496916490777e-02 2.376658962415210963e-02
1.067554702581220878e-02 -5.318101121420986538e-03 -3.218205877205225496e-02 -8.061032356782264416e-03 -2.685280937456869729e-02 -7.697019313190806011e-02 -7.527381486041503922e-02 -3.369288921989983809e-02 -1.322525582245453676e-02 5.093652319376944931e-02 5.477261739175995348e-02 6.899279865209599627e-02 7.902914171716528269e-02 7.986260421912057261e-02 7.099064762739389078e-02 5.778544457232039078e-02 4.653779678206455828e-02 2.376497674317793948e-02
1.067536317073427068e-02 3.957688031578393550e-03 -3.218714574539899981e-02 -8.027996261162425803e-03 -2.693861326612896970e-02 -7.693036743182780912e-02 -7.559530909780620700e-02 -3.938007683456649921e-02 -1.326932907421269486e-02 5.256971455484676925e-02 5.596639676561797339e-02 6.681987290963005421e-02 7.908908707961442852e-02 8.017013543318676771e-02 7.097511580232650219e-02 5.780344017467727719e-02 4.652340577697796492e-02 2.376701103607672602e-02
1.063553110049502565e-02 -2.429367290980174662e-02 -3.233259113897207770e-02 -4.632081021793434811e-02 -2.478499963020468558e-02 -7.687316284255774068e-02 -6.823960349302549133e-02 -4.073917183237399375e-02 -1.319546721315870141e-02 5.264311706957371800e-02 3.400625232027967154e-02 6.450443200267078070e-02 7.103173841693764812e-02 7.997420363875837324e-02 7.097466479063954670e-02 5.784232163732187793e-02 4.654257043059169957e-02 2.376780189357995468e-02
1.063661952866620276e-02 -2.300161839575167247e-02 -3.266129624802759784e-02 -8.745289642074620742e-03 -2.548111203549353887e-02 -7.692839137869508792e-02 -7.174881097632376803e-02 -3.346690945572498160e-02 -1.319204263991321374e-02 5.258223825144135027e-02 5.095896045301802346e-02 6.465476156296513788e-02 8.154559897599969465e-02 8.018978716841186627e-02 7.097720928269501961e-02 5.783570335336977314e-02 4.653866961053742396e-02 2.376897412258792766e-02
-3.295442836283597049e-04 -2.429260968102612758e-02 -3.263700930879539358e-02 -4.769909820603652345e-02 -2.465981044144358036e-02 -7.697160594898404262e-02 -5.064952172447297757e-02 -4.202676510177798253e-02 -1.319293553972472090e-02 5.257762554623006401e-02 3.422431998310365708e-02 6.442107850692420368e-02 7.097125986242321105e-02 7.553389416989438054e-02 7.098934900876827103e-02 5.779063772801143473e-02 4.653356358603386034e-02 2.370385543422131799e-02
1.068020023747084241e-02 -2.430434299689041705e-02 -3.267732398713774772e-02 -1.072989294589987881e-02 -2.464795152883974064e-02 -7.650646002823871528e-02 -7.300765961947830451e-02 -3.190223051011910338e-02 -1.320543784355031683e-02 5.256450431946359941e-02 5.349558243194780377e-02 6.462098269155827635e-02 7.759614428026316568e-02 8.018509746400509508e-02 7.097712554891759396e-02 5.782426109009127652e-02 4.654474040337341911e-02 2.376810192789633250e-02
1.067543882572554934e-02 -3.526984475902677010e-03 -3.216491716771951309e-02 -8.419775071103587430e-03 -2.706360576246613289e-02 -7.696475273962286034e-02 -7.525359374250670252e-02 -3.511991703504222656e-02 -1.322739158443033726e-02 5.257368829416776690e-02 5.597208580415641982e-02 6.633825568919750337e-02 7.816070047395305698e-02 8.015209292401127839e-02 7.095339953931985300e-02 5.783240913896651320e-02 4.652797984213717652e-02 2.376446014318150252e-02
1.055573423378315147e-02 -2.431093312427914238e-02 -3.267287691373121916e-02 -4.773597397998016745e-02 -2.470734983899336781e-02 -7.696736678942221743e-02 -6.776535810373891799e-02 -3.891812830346286223e-02 -1.319554775044020842e-02 5.264387783236251089e-02 3.391025388577087463e-02 6.468833367973012005e-02 7.075602076395103024e-02 7.997845590011978811e-02 7.097503574241460778e-02 5.783811755757616024e-02 4.650363620915730356e-02 2.376857371123296606e-02
