0.0 0.0 0.0
0.005412 0.013143 0.0
0.029228 0.036993 0.0
0.071136 0.041346 0.0
0.113495 0.051856 0.0
0.20215 0.069314 0.0
0.308658 0.071491 0.0
0.426635 0.049489 0.0
0.549009 0.073529 0.0
0.668445 0.03607 0.0
0.777785 0.029227 0.0
0.853553 0.024633 0.0
0.928864 0.018904 0.0
0.97847 0.006097 0.0
1.0 0.0 0.0
1.0 0.0 0.0
0.97847 4.7e-05 0.0
0.928864 0.00925 0.0
0.853553 0.014805 0.0
0.777785 0.004702 0.0
0.668445 -0.039482 0.0
0.549009 -0.056951 0.0
0.426635 -0.040544 0.0
0.308658 -0.051659 0.0
0.20215 -0.044262 0.0
0.113495 -0.053326 0.0
0.071136 -0.044756 0.0
0.029228 -0.028986 0.0
0.005412 -0.006166 0.0
0.0 0.0 0.0
