0.0 0.0 0.0
0.005412 -0.000104 0.0
0.029228 0.0314 0.0
0.071136 0.022436 0.0
0.113495 0.038158 0.0
0.20215 0.067703 0.0
0.308658 0.077481 0.0
0.426635 0.048561 0.0
0.549009 0.060429 0.0
0.668445 0.064247 0.0
0.777785 0.031543 0.0
0.853553 0.025864 0.0
0.928864 0.014509 0.0
0.97847 0.006342 0.0
1.0 0.0 0.0
1.0 0.0 0.0
0.97847 0.000785 0.0
0.928864 0.000776 0.0
0.853553 0.012882 0.0
0.777785 -0.001543 0.0
0.668445 -0.021217 0.0
0.549009 -0.033504 0.0
0.426635 -0.073321 0.0
0.308658 -0.048428 0.0
0.20215 -0.06875 0.0
0.113495 -0.052472 0.0
0.071136 -0.016438 0.0
0.029228 -0.005099 0.0
0.005412 -0.017663 0.0
0.0 0.0 0.0
