0.0 0.0 0.0
0.005412 0.018899 0.0
0.029228 0.037905 0.0
0.071136 0.030229 0.0
0.113495 0.047254 0.0
0.20215 0.065669 0.0
0.308658 0.050176 0.0
0.426635 0.049083 0.0
0.549009 0.079933 0.0
0.668445 0.04101 0.0
0.777785 0.019919 0.0
0.853553 0.010582 0.0
0.928864 0.022684 0.0
0.97847 0.004619 0.0
1.0 0.0 0.0
1.0 0.0 0.0
0.97847 0.000909 0.0
0.928864 0.002194 0.0
0.853553 -0.007839 0.0
0.777785 -0.001411 0.0
0.668445 -0.022665 0.0
0.549009 -0.030752 0.0
0.426635 -0.049587 0.0
0.308658 -0.039051 0.0
0.20215 -0.040887 0.0
0.113495 -0.023031 0.0
0.071136 -0.022463 0.0
0.029228 -0.040626 0.0
0.005412 -0.010194 0.0
0.0 0.0 0.0
