0.0 0.0 0.0
0.005412 0.017648 0.0
0.029228 0.033128 0.0
0.071136 0.033983 0.0
0.113495 0.031893 0.0
0.20215 0.069981 0.0
0.308658 0.059202 0.0
0.426635 0.051777 0.0
0.549009 0.057312 0.0
0.668445 0.036671 0.0
0.777785 0.05303 0.0
0.853553 0.0377 0.0
0.928864 0.015967 0.0
0.97847 0.006318 0.0
1.0 0.0 0.0
1.0 0.0 0.0
0.97847 -0.000156 0.0
0.928864 0.006791 0.0
0.853553 -0.023208 0.0
0.777785 -0.007384 0.0
0.668445 -0.045951 0.0
0.549009 -0.031268 0.0
0.426635 -0.037544 0.0
0.308658 -0.064842 0.0
0.20215 -0.047624 0.0
0.113495 -0.02583 0.0
0.071136 -0.037892 0.0
0.029228 -0.010949 0.0
0.005412 -0.010341 0.0
0.0 0.0 0.0
