0.0 0.0 0.0
0.005412 0.003403 0.0
0.029228 0.022975 0.0
0.071136 0.018 0.0
0.113495 0.047432 0.0
0.20215 0.051596 0.0
0.308658 0.058093 0.0
0.426635 0.061265 0.0
0.549009 0.062309 0.0
0.668445 0.052102 0.0
0.777785 0.028396 0.0
0.853553 0.024076 0.0
0.928864 0.01735 0.0
0.97847 0.002918 0.0
1.0 0.0 0.0
1.0 0.0 0.0
0.97847 -0.000924 0.0
0.928864 0.005672 0.0
0.853553 -0.021871 0.0
0.777785 -0.017741 0.0
0.668445 -0.045639 0.0
0.549009 -0.053644 0.0
0.426635 -0.047583 0.0
0.308658 -0.063593 0.0
0.20215 -0.03546 0.0
0.113495 -0.048312 0.0
0.071136 -0.039488 0.0
0.029228 -0.01308 0.0
0.005412 -0.011348 0.0
0.0 0.0 0.0
