0.0 0.0 0.0
0.005412 0.011885 0.0
0.029228 0.012132 0.0
0.071136 0.041905 0.0
0.113495 0.057592 0.0
0.20215 0.050499 0.0
0.308658 0.041881 0.0
0.426635 0.077103 0.0
0.549009 0.078203 0.0
0.668445 0.051749 0.0
0.777785 0.032283 0.0
0.853553 0.008372 0.0
0.928864 0.004207 0.0
0.97847 0.006133 0.0
1.0 0.0 0.0
1.0 0.0 0.0
0.97847 0.00143 0.0
0.928864 -0.003708 0.0
0.853553 0.004127 0.0
0.777785 -0.02704 0.0
0.668445 -0.014694 0.0
0.549009 -0.039311 0.0
0.426635 -0.05798 0.0
0.308658 -0.071195 0.0
0.20215 -0.063219 0.0
0.113495 -0.024415 0.0
0.071136 -0.0348 0.0
0.029228 -0.035891 0.0
0.005412 -0.011806 0.0
0.0 0.0 0.0
