0.0 0.0 0.0
0.005412 0.008587 0.0
0.029228 0.021896 0.0
0.071136 0.013081 0.0
0.113495 0.044959 0.0
0.20215 0.055814 0.0
0.308658 0.05866 0.0
0.426635 0.067374 0.0
0.549009 0.070105 0.0
0.668445 0.034698 0.0
0.777785 0.038471 0.0
0.853553 0.040595 0.0
0.928864 0.01458 0.0
0.97847 0.003957 0.0
0.999398 -0.000871 0.0
1.0 0.0 0.0
1.0 0.0 0.0
0.999398 -0.000265 0.0
0.97847 0.000982 0.0
0.928864 0.002007 0.0
0.853553 -0.016539 0.0
0.777785 -0.020374 0.0
0.668445 -0.01714 0.0
0.549009 -0.04652 0.0
0.426635 -0.052921 0.0
0.308658 -0.052582 0.0
0.20215 -0.067888 0.0
0.113495 -0.045783 0.0
0.048005 -0.023555 0.0
0.014984 -0.01617 0.0
0.000602 -0.00457 0.0
0.0 0.0 0.0
