0.0 0.0 0.0
0.005412 0.011135 0.0
0.029228 0.003266 0.0
0.071136 0.024814 0.0
0.113495 0.024051 0.0
0.20215 0.050814 0.0
0.308658 0.045712 0.0
0.426635 0.066171 0.0
0.549009 0.042734 0.0
0.668445 0.035153 0.0
0.777785 0.056662 0.0
0.853553 0.043398 0.0
0.928864 0.013114 0.0
0.97847 0.004699 0.0
1.0 0.0 0.0
1.0 0.0 0.0
0.97847 -0.000242 0.0
0.928864 0.004743 0.0
0.853553 0.003091 0.0
0.777785 -0.007806 0.0
0.668445 -0.035741 0.0
0.549009 -0.056278 0.0
0.426635 -0.064776 0.0
0.308658 -0.067066 0.0
0.20215 -0.045079 0.0
0.113495 -0.02724 0.0
0.071136 -0.043999 0.0
0.029228 -0.008439 0.0
0.005412 -0.018072 0.0
0.0 0.0 0.0
