0.0 0.0 0.0
0.005412 0.008833 0.0
0.029228 0.016404 0.0
0.071136 0.030955 0.0
0.113495 0.025574 0.0
0.20215 0.039494 0.0
0.308658 0.063878 0.0
0.426635 0.047116 0.0
0.549009 0.065489 0.0
0.668445 0.052729 0.0
0.777785 0.018019 0.0
0.853553 0.020718 0.0
0.928864 0.012448 0.0
0.97847 0.004666 0.0
1.0 0.0 0.0
1.0 0.0 0.0
0.97847 0.000282 0.0
0.928864 -0.001272 0.0
0.853553 -0.009081 0.0
0.777785 -0.005678 0.0
0.668445 -0.011461 0.0
0.549009 -0.060823 0.0
0.426635 -0.048493 0.0
0.308658 -0.051305 0.0
0.20215 -0.065113 0.0
0.113495 -0.039241 0.0
0.071136 -0.045922 0.0
0.029228 -0.023718 0.0
0.005412 -0.01696 0.0
0.0 0.0 0.0
