0.0 0.0 0.0
0.005412 0.010103 0.0
0.029228 0.020344 0.0
0.071136 0.03368 0.0
0.113495 0.026165 0.0
0.20215 0.058764 0.0
0.308658 0.055046 0.0
0.426635 0.072114 0.0
0.549009 0.070689 0.0
0.668445 0.037073 0.0
0.777785 0.027914 0.0
0.853553 0.025333 0.0
0.928864 0.012974 0.0
0.97847 0.003172 0.0
0.999398 -8e-05 0.0
1.0 0.0 0.0
1.0 0.0 0.0
0.999398 0.001748 0.0
0.97847 0.002391 0.0
0.928864 -0.001249 0.0
0.853553 -0.003329 0.0
0.777785 -0.016924 0.0
0.668445 -0.018359 0.0
0.549009 -0.041948 0.0
0.426635 -0.060261 0.0
0.308658 -0.067876 0.0
0.20215 -0.044944 0.0
0.113495 -0.058732 0.0
0.048005 -0.028734 0.0
0.014984 -0.014444 0.0
0.000602 -0.002025 0.0
0.0 0.0 0.0
