0.0 0.0 0.0
0.005412 0.004737 0.0
0.029228 0.026072 0.0
0.071136 0.029248 0.0
0.113495 0.059395 0.0
0.20215 0.068385 0.0
0.308658 0.060517 0.0
0.426635 0.056018 0.0
0.549009 0.040466 0.0
0.668445 0.053439 0.0
0.777785 0.052583 0.0
0.853553 0.045271 0.0
0.928864 0.016637 0.0
0.97847 0.003732 0.0
1.0 0.0 0.0
1.0 0.0 0.0
0.97847 0.000188 0.0
0.928864 0.001492 0.0
0.853553 0.00123 0.0
0.777785 -0.004315 0.0
0.668445 -0.012077 0.0
0.549009 -0.051342 0.0
0.426635 -0.040729 0.0
0.308658 -0.060002 0.0
0.20215 -0.036479 0.0
0.113495 -0.04748 0.0
0.071136 -0.045327 0.0
0.029228 -0.026631 0.0
0.005412 -0.005635 0.0
0.0 0.0 0.0
