0.0 0.0 0.0
0.005412 0.016196 0.0
0.029228 0.01065 0.0
0.071136 0.016238 0.0
0.113495 0.026135 0.0
0.20215 0.058711 0.0
0.308658 0.0667 0.0
0.426635 0.07051 0.0
0.549009 0.074704 0.0
0.668445 0.045436 0.0
0.777785 0.025126 0.0
0.853553 0.019073 0.0
0.928864 0.004015 0.0
0.97847 0.003586 0.0
1.0 0.0 0.0
1.0 0.0 0.0
0.97847 0.002731 0.0
0.928864 0.005699 0.0
0.853553 -0.010198 0.0
0.777785 -0.025309 0.0
0.668445 -0.01355 0.0
0.549009 -0.052509 0.0
0.426635 -0.061863 0.0
0.308658 -0.048471 0.0
0.20215 -0.03309 0.0
0.113495 -0.058245 0.0
0.071136 -0.019712 0.0
0.029228 -0.033131 0.0
0.005412 -0.014784 0.0
0.0 0.0 0.0
