0.0 0.0 0.0
0.005412 0.010186 0.0
0.029228 0.022849 0.0
0.071136 0.03608 0.0
0.113495 0.021017 0.0
0.20215 0.061266 0.0
0.308658 0.079082 0.0
0.426635 0.077944 0.0
0.549009 0.053588 0.0
0.668445 0.056311 0.0
0.777785 0.039637 0.0
0.853553 0.022726 0.0
0.928864 0.013877 0.0
0.97847 0.003248 0.0
0.999398 -0.000703 0.0
1.0 0.0 0.0
1.0 0.0 0.0
0.999398 -0.001301 0.0
0.97847 -0.000754 0.0
0.928864 0.002463 0.0
0.853553 -0.005865 0.0
0.777785 0.001441 0.0
0.668445 -0.040675 0.0
0.549009 -0.037231 0.0
0.426635 -0.065836 0.0
0.308658 -0.050281 0.0
0.20215 -0.046076 0.0
0.113495 -0.050982 0.0
0.048005 -0.007636 0.0
0.014984 -0.013967 0.0
0.000602 -0.003166 0.0
0.0 0.0 0.0
