0.0 0.0 0.0
0.005412 0.009926 0.0
0.029228 0.017266 0.0
0.071136 0.030428 0.0
0.113495 0.021195 0.0
0.20215 0.038634 0.0
0.308658 0.073501 0.0
0.426635 0.079545 0.0
0.549009 0.070022 0.0
0.668445 0.033738 0.0
0.777785 0.04528 0.0
0.853553 0.014787 0.0
0.928864 0.017811 0.0
0.97847 0.005034 0.0
1.0 0.0 0.0
1.0 0.0 0.0
0.97847 0.001739 0.0
0.928864 0.004645 0.0
0.853553 -0.015839 0.0
0.777785 0.002196 0.0
0.668445 -0.009231 0.0
0.549009 -0.061497 0.0
0.426635 -0.044913 0.0
0.308658 -0.070254 0.0
0.20215 -0.068937 0.0
0.113495 -0.0325 0.0
0.071136 -0.024368 0.0
0.029228 -0.021661 0.0
0.005412 -0.003886 0.0
0.0 0.0 0.0
