0.0 0.0 0.0
0.005412 0.008985 0.0
0.029228 0.020873 0.0
0.071136 0.046593 0.0
0.113495 0.024382 0.0
0.20215 0.057725 0.0
0.308658 0.069978 0.0
0.426635 0.064674 0.0
0.549009 0.065552 0.0
0.668445 0.059997 0.0
0.777785 0.04419 0.0
0.853553 0.007668 0.0
0.928864 0.014997 0.0
0.97847 0.00607 0.0
0.999398 -0.001552 0.0
1.0 0.0 0.0
1.0 0.0 0.0
0.999398 0.001289 0.0
0.97847 0.00282 0.0
0.928864 0.002081 0.0
0.853553 -0.019135 0.0
0.777785 -0.026205 0.0
0.668445 -0.036238 0.0
0.549009 -0.047697 0.0
0.426635 -0.05343 0.0
0.308658 -0.061077 0.0
0.20215 -0.060003 0.0
0.113495 -0.023434 0.0
0.048005 -0.008722 0.0
0.014984 -0.014919 0.0
0.000602 -0.001233 0.0
0.0 0.0 0.0
