0.0 0.0 0.0
0.005412 0.007635 0.0
0.029228 0.02061 0.0
0.071136 0.048378 0.0
0.113495 0.054749 0.0
0.20215 0.044752 0.0
0.308658 0.052636 0.0
0.426635 0.043463 0.0
0.549009 0.071949 0.0
0.668445 0.039556 0.0
0.777785 0.036038 0.0
0.853553 0.021976 0.0
0.928864 0.015162 0.0
0.97847 0.004482 0.0
0.999398 0.001892 0.0
1.0 0.0 0.0
1.0 0.0 0.0
0.999398 0.000486 0.0
0.97847 0.001882 0.0
0.928864 -0.00126 0.0
0.853553 0.011409 0.0
0.777785 -0.021674 0.0
0.668445 -0.038913 0.0
0.549009 -0.037677 0.0
0.426635 -0.059559 0.0
0.308658 -0.06068 0.0
0.20215 -0.048886 0.0
0.113495 -0.03434 0.0
0.048005 -0.013936 0.0
0.014984 -0.017289 0.0
0.000602 -0.003868 0.0
0.0 0.0 0.0
