0.0 0.0 0.0
0.005412 0.016743 0.0
0.029228 0.034048 0.0
0.071136 0.021523 0.0
0.113495 0.042918 0.0
0.20215 0.049092 0.0
0.308658 0.067604 0.0
0.426635 0.079787 0.0
0.549009 0.07806 0.0
0.668445 0.061564 0.0
0.777785 0.038085 0.0
0.853553 0.021661 0.0
0.928864 0.004517 0.0
0.97847 0.003998 0.0
1.0 0.0 0.0
1.0 0.0 0.0
0.97847 -4.5e-05 0.0
0.928864 -0.006023 0.0
0.853553 -0.000971 0.0
0.777785 -0.029316 0.0
0.668445 -0.03133 0.0
0.549009 -0.031991 0.0
0.426635 -0.072656 0.0
0.308658 -0.055297 0.0
0.20215 -0.042739 0.0
0.113495 -0.027868 0.0
0.071136 -0.020029 0.0
0.029228 -0.036619 0.0
0.005412 -0.007276 0.0
0.0 0.0 0.0
