0.0 0.0 0.0
0.005412 0.010876 0.0
0.029228 0.021107 0.0
0.071136 0.030142 0.0
0.113495 0.032571 0.0
0.20215 0.057373 0.0
0.308658 0.065573 0.0
0.426635 0.053957 0.0
0.549009 0.05265 0.0
0.668445 0.054275 0.0
0.777785 0.040536 0.0
0.853553 0.034223 0.0
0.928864 0.011778 0.0
0.97847 0.006151 0.0
0.999398 -0.000602 0.0
1.0 0.0 0.0
1.0 0.0 0.0
0.999398 0.001525 0.0
0.97847 2.3e-05 0.0
0.928864 0.002136 0.0
0.853553 -0.011857 0.0
0.777785 0.002415 0.0
0.668445 -0.031526 0.0
0.549009 -0.056375 0.0
0.426635 -0.06784 0.0
0.308658 -0.075092 0.0
0.20215 -0.036581 0.0
0.113495 -0.058881 0.0
0.048005 -0.019545 0.0
0.014984 -0.014691 0.0
0.000602 -0.004701 0.0
0.0 0.0 0.0
