0.0 0.0 0.0
0.005412 0.013556 0.0
0.029228 0.022693 0.0
0.071136 0.036047 0.0
0.113495 0.020703 0.0
0.20215 0.043639 0.0
0.308658 0.052931 0.0
0.426635 0.054151 0.0
0.549009 0.073087 0.0
0.668445 0.043739 0.0
0.777785 0.022426 0.0
0.853553 0.016291 0.0
0.928864 0.009942 0.0
0.97847 0.004573 0.0
1.0 0.0 0.0
1.0 0.0 0.0
0.97847 0.00237 0.0
0.928864 0.00831 0.0
0.853553 0.005222 0.0
0.777785 -0.013918 0.0
0.668445 -0.024176 0.0
0.549009 -0.032623 0.0
0.426635 -0.070609 0.0
0.308658 -0.075158 0.0
0.20215 -0.033515 0.0
0.113495 -0.040718 0.0
0.071136 -0.041691 0.0
0.029228 -0.022571 0.0
0.005412 -0.002756 0.0
0.0 0.0 0.0
