0.0 0.0 0.0
0.005412 0.007667 0.0
0.029228 0.019448 0.0
0.071136 0.028725 0.0
0.113495 0.05563 0.0
0.20215 0.03229 0.0
0.308658 0.04593 0.0
0.426635 0.068883 0.0
0.549009 0.059552 0.0
0.668445 0.063285 0.0
0.777785 0.050718 0.0
0.853553 0.015919 0.0
0.928864 0.012746 0.0
0.97847 0.004653 0.0
0.999398 0.000932 0.0
1.0 0.0 0.0
1.0 0.0 0.0
0.999398 -0.00056 0.0
0.97847 0.002735 0.0
0.928864 -5.3e-05 0.0
0.853553 -0.023901 0.0
0.777785 6.2e-05 0.0
0.668445 -0.015991 0.0
0.549009 -0.048202 0.0
0.426635 -0.046636 0.0
0.308658 -0.073455 0.0
0.20215 -0.051181 0.0
0.113495 -0.059977 0.0
0.048005 -0.022344 0.0
0.014984 -0.014058 0.0
0.000602 -0.001804 0.0
0.0 0.0 0.0
