0.0 0.0 0.0
0.005412 0.008159 0.0
0.029228 0.02242 0.0
0.071136 0.03306 0.0
0.113495 0.043535 0.0
0.20215 0.061596 0.0
0.308658 0.075446 0.0
0.426635 0.042944 0.0
0.549009 0.072203 0.0
0.668445 0.042869 0.0
0.777785 0.018557 0.0
0.853553 0.028341 0.0
0.928864 0.012037 0.0
0.97847 0.0044 0.0
0.999398 0.00073 0.0
1.0 0.0 0.0
1.0 0.0 0.0
0.999398 0.000653 0.0
0.97847 -0.001027 0.0
0.928864 -0.000829 0.0
0.853553 -0.005743 0.0
0.777785 -0.017818 0.0
0.668445 -0.041635 0.0
0.549009 -0.05048 0.0
0.426635 -0.064689 0.0
0.308658 -0.048087 0.0
0.20215 -0.041258 0.0
0.113495 -0.053214 0.0
0.048005 -0.028286 0.0
0.014984 -0.017154 0.0
0.000602 -0.005051 0.0
0.0 0.0 0.0
