0.0 0.0 0.0
0.005412 0.009863 0.0
0.029228 0.021886 0.0
0.071136 0.031393 0.0
0.113495 0.055808 0.0
0.20215 0.049935 0.0
0.308658 0.064759 0.0
0.426635 0.072571 0.0
0.549009 0.076124 0.0
0.668445 0.053796 0.0
0.777785 0.019785 0.0
0.853553 0.026782 0.0
0.928864 0.013755 0.0
0.97847 0.004528 0.0
0.999398 0.001671 0.0
1.0 0.0 0.0
1.0 0.0 0.0
0.999398 -0.001836 0.0
0.97847 0.002035 0.0
0.928864 -0.000646 0.0
0.853553 -0.002965 0.0
0.777785 -0.032646 0.0
0.668445 -0.046225 0.0
0.549009 -0.027784 0.0
0.426635 -0.038143 0.0
0.308658 -0.069523 0.0
0.20215 -0.061394 0.0
0.113495 -0.041713 0.0
0.048005 -0.029462 0.0
0.014984 -0.01606 0.0
0.000602 -0.002982 0.0
0.0 0.0 0.0
