0.0 0.0 0.0
0.005412 0.009706 0.0
0.029228 0.020008 0.0
0.071136 0.032507 0.0
0.113495 0.034364 0.0
0.20215 0.044421 0.0
0.308658 0.078537 0.0
0.426635 0.077657 0.0
0.549009 0.041055 0.0
0.668445 0.045749 0.0
0.777785 0.03021 0.0
0.853553 0.025886 0.0
0.928864 0.012702 0.0
0.97847 0.003674 0.0
0.999398 6.8e-05 0.0
1.0 0.0 0.0
1.0 0.0 0.0
0.999398 -0.000384 0.0
0.97847 -0.000741 0.0
0.928864 0.002228 0.0
0.853553 -0.002793 0.0
0.777785 -0.019399 0.0
0.668445 -0.037582 0.0
0.549009 -0.0263 0.0
0.426635 -0.040392 0.0
0.308658 -0.044243 0.0
0.20215 -0.036985 0.0
0.113495 -0.031718 0.0
0.048005 -0.027245 0.0
0.014984 -0.015849 0.0
0.000602 -0.003138 0.0
0.0 0.0 0.0
