0.0 0.0 0.0
0.005412 0.018238 0.0
0.029228 0.002446 0.0
0.071136 0.043094 0.0
0.113495 0.027839 0.0
0.20215 0.037509 0.0
0.308658 0.070201 0.0
0.426635 0.081294 0.0
0.549009 0.046008 0.0
0.668445 0.042295 0.0
0.777785 0.030804 0.0
0.853553 0.013815 0.0
0.928864 0.019198 0.0
0.97847 0.005509 0.0
1.0 0.0 0.0
1.0 0.0 0.0
0.97847 0.001825 0.0
0.928864 -0.008615 0.0
0.853553 -0.001677 0.0
0.777785 -0.026384 0.0
0.668445 -0.030231 0.0
0.549009 -0.026833 0.0
0.426635 -0.048143 0.0
0.308658 -0.044022 0.0
0.20215 -0.051949 0.0
0.113495 -0.026278 0.0
0.071136 -0.017318 0.0
0.029228 -0.016793 0.0
0.005412 -0.005999 0.0
0.0 0.0 0.0
