0.0 0.0 0.0
0.005412 0.008867 0.0
0.029228 0.021364 0.0
0.071136 0.030823 0.0
0.113495 0.051049 0.0
0.20215 0.041877 0.0
0.308658 0.070244 0.0
0.426635 0.050837 0.0
0.549009 0.049552 0.0
0.668445 0.046541 0.0
0.777785 0.026626 0.0
0.853553 0.027739 0.0
0.928864 0.011951 0.0
0.97847 0.005888 0.0
0.999398 -0.000631 0.0
1.0 0.0 0.0
1.0 0.0 0.0
0.999398 -0.000925 0.0
0.97847 -9.4e-05 0.0
0.928864 0.00128 0.0
0.853553 -0.002614 0.0
0.777785 0.002372 0.0
0.668445 -0.040105 0.0
0.549009 -0.040224 0.0
0.426635 -0.045897 0.0
0.308658 -0.060381 0.0
0.20215 -0.057461 0.0
0.113495 -0.027587 0.0
0.048005 -0.028375 0.0
0.014984 -0.013748 0.0
0.000602 -0.002515 0.0
0.0 0.0 0.0
