0.0 0.0 0.0
0.005412 0.010646 0.0
0.029228 0.028703 0.0
0.071136 0.01955 0.0
0.113495 0.023046 0.0
0.20215 0.047437 0.0
0.308658 0.043259 0.0
0.426635 0.058458 0.0
0.549009 0.07413 0.0
0.668445 0.031437 0.0
0.777785 0.044434 0.0
0.853553 0.019665 0.0
0.928864 0.019157 0.0
0.97847 0.004465 0.0
1.0 0.0 0.0
1.0 0.0 0.0
0.97847 0.002545 0.0
0.928864 0.003994 0.0
0.853553 -0.003737 0.0
0.777785 -0.00419 0.0
0.668445 -0.015432 0.0
0.549009 -0.055503 0.0
0.426635 -0.038465 0.0
0.308658 -0.051054 0.0
0.20215 -0.060226 0.0
0.113495 -0.059078 0.0
0.071136 -0.021657 0.0
0.029228 -0.008881 0.0
0.005412 -0.010971 0.0
0.0 0.0 0.0
