0.0 0.0 0.0
0.005412 0.009393 0.0
0.029228 0.021123 0.0
0.071136 0.032788 0.0
0.113495 0.032052 0.0
0.20215 0.033541 0.0
0.308658 0.074208 0.0
0.426635 0.066453 0.0
0.549009 0.051374 0.0
0.668445 0.04396 0.0
0.777785 0.052132 0.0
0.853553 0.027338 0.0
0.928864 0.013449 0.0
0.97847 0.002694 0.0
0.999398 -0.000887 0.0
1.0 0.0 0.0
1.0 0.0 0.0
0.999398 0.001261 0.0
0.97847 0.000903 0.0
0.928864 -1.9e-05 0.0
0.853553 -0.005622 0.0
0.777785 -0.008442 0.0
0.668445 -0.024056 0.0
0.549009 -0.059531 0.0
0.426635 -0.076158 0.0
0.308658 -0.039593 0.0
0.20215 -0.059262 0.0
0.113495 -0.038021 0.0
0.048005 -0.028396 0.0
0.014984 -0.014216 0.0
0.000602 -0.00486 0.0
0.0 0.0 0.0
