0.0 0.0 0.0
0.005412 0.007613 0.0
0.029228 0.021267 0.0
0.071136 0.032476 0.0
0.113495 0.042828 0.0
0.20215 0.035639 0.0
0.308658 0.046762 0.0
0.426635 0.06901 0.0
0.549009 0.051664 0.0
0.668445 0.03999 0.0
0.777785 0.054672 0.0
0.853553 0.028424 0.0
0.928864 0.013965 0.0
0.97847 0.005976 0.0
0.999398 0.001748 0.0
1.0 0.0 0.0
1.0 0.0 0.0
0.999398 -0.001737 0.0
0.97847 0.000279 0.0
0.928864 0.001989 0.0
0.853553 -0.005294 0.0
0.777785 0.000192 0.0
0.668445 -0.011043 0.0
0.549009 -0.032482 0.0
0.426635 -0.059452 0.0
0.308658 -0.062876 0.0
0.20215 -0.042706 0.0
0.113495 -0.043472 0.0
0.048005 -0.026858 0.0
0.014984 -0.015998 0.0
0.000602 -0.003513 0.0
0.0 0.0 0.0
