0.0 0.0 0.0
0.005412 0.010148 0.0
0.029228 0.006764 0.0
0.071136 0.044845 0.0
0.113495 0.046689 0.0
0.20215 0.048479 0.0
0.308658 0.040511 0.0
0.426635 0.054416 0.0
0.549009 0.045668 0.0
0.668445 0.064819 0.0
0.777785 0.024832 0.0
0.853553 0.026599 0.0
0.928864 0.008958 0.0
0.97847 0.004859 0.0
1.0 0.0 0.0
1.0 0.0 0.0
0.97847 0.002661 0.0
0.928864 -0.008428 0.0
0.853553 0.013762 0.0
0.777785 0.003383 0.0
0.668445 -0.046595 0.0
0.549009 -0.030396 0.0
0.426635 -0.051981 0.0
0.308658 -0.075448 0.0
0.20215 -0.048595 0.0
0.113495 -0.03114 0.0
0.071136 -0.013262 0.0
0.029228 -0.009466 0.0
0.005412 -0.019424 0.0
0.0 0.0 0.0
