0.0 0.0 0.0
0.005412 0.009555 0.0
0.029228 0.0362 0.0
0.071136 0.028903 0.0
0.113495 0.031033 0.0
0.20215 0.054739 0.0
0.308658 0.063143 0.0
0.426635 0.069588 0.0
0.549009 0.058558 0.0
0.668445 0.046838 0.0
0.777785 0.027199 0.0
0.853553 0.025304 0.0
0.928864 0.008218 0.0
0.97847 0.003634 0.0
1.0 0.0 0.0
1.0 0.0 0.0
0.97847 0.001124 0.0
0.928864 0.008824 0.0
0.853553 0.004502 0.0
0.777785 0.00263 0.0
0.668445 -0.045393 0.0
0.549009 -0.037361 0.0
0.426635 -0.061448 0.0
0.308658 -0.053083 0.0
0.20215 -0.037864 0.0
0.113495 -0.030333 0.0
0.071136 -0.036452 0.0
0.029228 -0.041589 0.0
0.005412 -0.005188 0.0
0.0 0.0 0.0
