0.0 0.0 0.0
0.005412 0.003987 0.0
0.029228 0.029728 0.0
0.071136 0.045082 0.0
0.113495 0.043711 0.0
0.20215 0.039292 0.0
0.308658 0.077065 0.0
0.426635 0.082775 0.0
0.549009 0.079226 0.0
0.668445 0.056359 0.0
0.777785 0.022034 0.0
0.853553 0.045982 0.0
0.928864 0.014208 0.0
0.97847 0.003552 0.0
1.0 0.0 0.0
1.0 0.0 0.0
0.97847 -0.000491 0.0
0.928864 0.010537 0.0
0.853553 -0.004845 0.0
0.777785 6.4e-05 0.0
0.668445 -0.047465 0.0
0.549009 -0.024973 0.0
0.426635 -0.073915 0.0
0.308658 -0.04107 0.0
0.20215 -0.062128 0.0
0.113495 -0.054265 0.0
0.071136 -0.032965 0.0
0.029228 -0.010377 0.0
0.005412 -0.008964 0.0
0.0 0.0 0.0
