0.0 0.0 0.0
0.005412 0.010564 0.0
0.029228 0.020492 0.0
0.071136 0.033355 0.0
0.113495 0.060153 0.0
0.20215 0.035275 0.0
0.308658 0.075364 0.0
0.426635 0.060036 0.0
0.549009 0.07572 0.0
0.668445 0.033673 0.0
0.777785 0.024955 0.0
0.853553 0.01861 0.0
0.928864 0.011902 0.0
0.97847 0.005388 0.0
0.999398 -0.001405 0.0
1.0 0.0 0.0
1.0 0.0 0.0
0.999398 -0.001544 0.0
0.97847 -3e-05 0.0
0.928864 0.001112 0.0
0.853553 0.007961 0.0
0.777785 -0.025304 0.0
0.668445 -0.041954 0.0
0.549009 -0.035213 0.0
0.426635 -0.042205 0.0
0.308658 -0.075575 0.0
0.20215 -0.040056 0.0
0.113495 -0.047724 0.0
0.048005 -0.016691 0.0
0.014984 -0.013765 0.0
0.000602 -0.0031 0.0
0.0 0.0 0.0
