0.0 0.0 0.0
0.005412 0.018153 0.0
0.029228 0.024252 0.0
0.071136 0.037866 0.0
0.113495 0.021477 0.0
0.20215 0.047885 0.0
0.308658 0.061557 0.0
0.426635 0.050912 0.0
0.549009 0.072278 0.0
0.668445 0.03641 0.0
0.777785 0.042422 0.0
0.853553 0.008614 0.0
0.928864 0.011398 0.0
0.97847 0.004988 0.0
1.0 0.0 0.0
1.0 0.0 0.0
0.97847 0.000761 0.0
0.928864 -0.007626 0.0
0.853553 -0.005207 0.0
0.777785 -0.008259 0.0
0.668445 -0.044753 0.0
0.549009 -0.031621 0.0
0.426635 -0.058371 0.0
0.308658 -0.05624 0.0
0.20215 -0.047989 0.0
0.113495 -0.023584 0.0
0.071136 -0.037505 0.0
0.029228 -0.002604 0.0
0.005412 -0.018969 0.0
0.0 0.0 0.0
