1.000000000000000000e+00 0.000000000000000000e+00 0.000000000000000000e+00
9.784699999999999509e-01 1.038999999999999993e-03 0.000000000000000000e+00
9.288640000000000230e-01 3.400999999999999943e-03 0.000000000000000000e+00
8.535530000000000062e-01 -2.135000000000000179e-03 0.000000000000000000e+00
7.777849999999999486e-01 -1.250300000000000022e-02 0.000000000000000000e+00
6.684449999999999559e-01 -1.738299999999999915e-02 0.000000000000000000e+00
5.490089999999999693e-01 -6.058499999999999996e-02 0.000000000000000000e+00
4.266349999999999865e-01 -4.828699999999999659e-02 0.000000000000000000e+00
3.086579999999999879e-01 -4.742899999999999894e-02 0.000000000000000000e+00
2.021499999999999964e-01 -6.055900000000000172e-02 0.000000000000000000e+00
1.134949999999999987e-01 -4.023199999999999693e-02 0.000000000000000000e+00
7.113600000000000478e-02 -2.491000000000000159e-02 0.000000000000000000e+00
2.922800000000000051e-02 -3.828999999999999765e-02 0.000000000000000000e+00
5.412000000000000144e-03 -5.359000000000000048e-03 0.000000000000000000e+00
0.000000000000000000e+00 0.000000000000000000e+00 0.000000000000000000e+00
5.412000000000000144e-03 1.197499999999999953e-02 0.000000000000000000e+00
2.922800000000000051e-02 3.432400000000000034e-02 0.000000000000000000e+00
7.113600000000000478e-02 1.896199999999999969e-02 0.000000000000000000e+00
1.134949999999999987e-01 4.410100000000000131e-02 0.000000000000000000e+00
2.021499999999999964e-01 7.136800000000000088e-02 0.000000000000000000e+00
3.086579999999999879e-01 5.056499999999999884e-02 0.000000000000000000e+00
4.266349999999999865e-01 4.881900000000000128e-02 0.000000000000000000e+00
5.490089999999999693e-01 7.759499999999999731e-02 0.000000000000000000e+00
6.684449999999999559e-01 5.215399999999999897e-02 0.000000000000000000e+00
7.777849999999999486e-01 4.182199999999999807e-02 0.000000000000000000e+00
8.535530000000000062e-01 3.805800000000000155e-02 0.000000000000000000e+00
9.288640000000000230e-01 9.348000000000000406e-03 0.000000000000000000e+00
9.784699999999999509e-01 5.719000000000000125e-03 0.000000000000000000e+00
1.000000000000000000e+00 0.000000000000000000e+00 0.000000000000000000e+00
