1.000000000000000000e+00 0.000000000000000000e+00 0.000000000000000000e+00
9.784699999999999509e-01 -8.299999999999999815e-05 0.000000000000000000e+00
9.288640000000000230e-01 8.443000000000000851e-03 0.000000000000000000e+00
8.535530000000000062e-01 -1.851900000000000074e-02 0.000000000000000000e+00
7.777849999999999486e-01 -1.075999999999999917e-03 0.000000000000000000e+00
6.684449999999999559e-01 -1.256600000000000078e-02 0.000000000000000000e+00
5.490089999999999693e-01 -3.013100000000000153e-02 0.000000000000000000e+00
4.266349999999999865e-01 -4.986999999999999766e-02 0.000000000000000000e+00
3.086579999999999879e-01 -6.482000000000000262e-02 0.000000000000000000e+00
2.021499999999999964e-01 -6.625699999999999645e-02 0.000000000000000000e+00
1.134949999999999987e-01 -2.152700000000000100e-02 0.000000000000000000e+00
7.113600000000000478e-02 -5.110900000000000165e-02 0.000000000000000000e+00
2.922800000000000051e-02 -1.649899999999999978e-02 0.000000000000000000e+00
5.412000000000000144e-03 -8.156000000000000055e-03 0.000000000000000000e+00
0.000000000000000000e+00 0.000000000000000000e+00 0.000000000000000000e+00
5.412000000000000144e-03 -3.950000000000000061e-04 0.000000000000000000e+00
2.922800000000000051e-02 2.105699999999999933e-02 0.000000000000000000e+00
7.113600000000000478e-02 3.013100000000000153e-02 0.000000000000000000e+00
1.134949999999999987e-01 4.925399999999999917e-02 0.000000000000000000e+00
2.021499999999999964e-01 6.706800000000000261e-02 0.000000000000000000e+00
3.086579999999999879e-01 6.768000000000000405e-02 0.000000000000000000e+00
4.266349999999999865e-01 5.349999999999999895e-02 0.000000000000000000e+00
5.490089999999999693e-01 4.439200000000000090e-02 0.000000000000000000e+00
6.684449999999999559e-01 6.892399999999999916e-02 0.000000000000000000e+00
7.777849999999999486e-01 3.538399999999999879e-02 0.000000000000000000e+00
8.535530000000000062e-01 3.012099999999999847e-02 0.000000000000000000e+00
9.288640000000000230e-01 1.159400000000000014e-02 0.000000000000000000e+00
9.784699999999999509e-01 3.406999999999999872e-03 0.000000000000000000e+00
1.000000000000000000e+00 0.000000000000000000e+00 0.000000000000000000e+00
