1.000000000000000000e+00 0.000000000000000000e+00 0.000000000000000000e+00
9.784699999999999509e-01 1.299999999999999886e-04 0.000000000000000000e+00
9.288640000000000230e-01 -8.621999999999999456e-03 0.000000000000000000e+00
8.535530000000000062e-01 -1.677800000000000125e-02 0.000000000000000000e+00
7.777849999999999486e-01 1.036999999999999944e-03 0.000000000000000000e+00
6.684449999999999559e-01 -3.964700000000000168e-02 0.000000000000000000e+00
5.490089999999999693e-01 -3.373199999999999810e-02 0.000000000000000000e+00
4.266349999999999865e-01 -3.787000000000000088e-02 0.000000000000000000e+00
3.086579999999999879e-01 -4.029699999999999949e-02 0.000000000000000000e+00
2.021499999999999964e-01 -5.446600000000000052e-02 0.000000000000000000e+00
1.134949999999999987e-01 -3.338900000000000201e-02 0.000000000000000000e+00
7.113600000000000478e-02 -2.571299999999999975e-02 0.000000000000000000e+00
2.922800000000000051e-02 -3.351500000000000312e-02 0.000000000000000000e+00
5.412000000000000144e-03 -1.824399999999999980e-02 0.000000000000000000e+00
0.000000000000000000e+00 0.000000000000000000e+00 0.000000000000000000e+00
5.412000000000000144e-03 9.214999999999999233e-03 0.000000000000000000e+00
2.922800000000000051e-02 2.204300000000000009e-02 0.000000000000000000e+00
7.113600000000000478e-02 2.478700000000000001e-02 0.000000000000000000e+00
1.134949999999999987e-01 5.960200000000000220e-02 0.000000000000000000e+00
2.021499999999999964e-01 6.804699999999999638e-02 0.000000000000000000e+00
3.086579999999999879e-01 4.476399999999999824e-02 0.000000000000000000e+00
4.266349999999999865e-01 4.596200000000000285e-02 0.000000000000000000e+00
5.490089999999999693e-01 5.572099999999999970e-02 0.000000000000000000e+00
6.684449999999999559e-01 5.931700000000000167e-02 0.000000000000000000e+00
7.777849999999999486e-01 5.191400000000000181e-02 0.000000000000000000e+00
8.535530000000000062e-01 4.347299999999999776e-02 0.000000000000000000e+00
9.288640000000000230e-01 8.441000000000000586e-03 0.000000000000000000e+00
9.784699999999999509e-01 2.537000000000000192e-03 0.000000000000000000e+00
1.000000000000000000e+00 0.000000000000000000e+00 0.000000000000000000e+00
