1.000000000000000000e+00 0.000000000000000000e+00 0.000000000000000000e+00
9.784699999999999509e-01 1.714999999999999945e-03 0.000000000000000000e+00
9.288640000000000230e-01 -8.342000000000000456e-03 0.000000000000000000e+00
8.535530000000000062e-01 -8.873999999999999944e-03 0.000000000000000000e+00
7.777849999999999486e-01 -2.657699999999999993e-02 0.000000000000000000e+00
6.684449999999999559e-01 -1.866100000000000050e-02 0.000000000000000000e+00
5.490089999999999693e-01 -5.489000000000000129e-02 0.000000000000000000e+00
4.266349999999999865e-01 -7.510000000000000009e-02 0.000000000000000000e+00
3.086579999999999879e-01 -4.827800000000000147e-02 0.000000000000000000e+00
2.021499999999999964e-01 -6.413699999999999957e-02 0.000000000000000000e+00
1.134949999999999987e-01 -3.235999999999999988e-02 0.000000000000000000e+00
7.113600000000000478e-02 -1.832900000000000154e-02 0.000000000000000000e+00
2.922800000000000051e-02 -3.969400000000000012e-02 0.000000000000000000e+00
5.412000000000000144e-03 -1.497899999999999926e-02 0.000000000000000000e+00
0.000000000000000000e+00 0.000000000000000000e+00 0.000000000000000000e+00
5.412000000000000144e-03 8.418000000000000135e-03 0.000000000000000000e+00
2.922800000000000051e-02 1.095600000000000046e-02 0.000000000000000000e+00
7.113600000000000478e-02 4.249100000000000099e-02 0.000000000000000000e+00
1.134949999999999987e-01 3.398199999999999832e-02 0.000000000000000000e+00
2.021499999999999964e-01 7.101899999999999880e-02 0.000000000000000000e+00
3.086579999999999879e-01 4.588600000000000317e-02 0.000000000000000000e+00
4.266349999999999865e-01 6.434299999999999742e-02 0.000000000000000000e+00
5.490089999999999693e-01 7.434399999999999342e-02 0.000000000000000000e+00
6.684449999999999559e-01 5.026200000000000112e-02 0.000000000000000000e+00
7.777849999999999486e-01 5.527800000000000075e-02 0.000000000000000000e+00
8.535530000000000062e-01 2.065300000000000122e-02 0.000000000000000000e+00
9.288640000000000230e-01 1.577699999999999936e-02 0.000000000000000000e+00
9.784699999999999509e-01 5.572999999999999829e-03 0.000000000000000000e+00
1.000000000000000000e+00 0.000000000000000000e+00 0.000000000000000000e+00
