1.000000000000000000e+00 0.000000000000000000e+00 0.000000000000000000e+00
9.784699999999999509e-01 2.928000000000000047e-03 0.000000000000000000e+00
9.288640000000000230e-01 -8.737999999999999240e-03 0.000000000000000000e+00
8.535530000000000062e-01 -7.668000000000000337e-03 0.000000000000000000e+00
7.777849999999999486e-01 -2.959499999999999978e-02 0.000000000000000000e+00
6.684449999999999559e-01 -1.952200000000000116e-02 0.000000000000000000e+00
5.490089999999999693e-01 -2.702299999999999841e-02 0.000000000000000000e+00
4.266349999999999865e-01 -6.534399999999999931e-02 0.000000000000000000e+00
3.086579999999999879e-01 -7.287899999999999934e-02 0.000000000000000000e+00
2.021499999999999964e-01 -5.990700000000000192e-02 0.000000000000000000e+00
1.134949999999999987e-01 -2.927400000000000141e-02 0.000000000000000000e+00
7.113600000000000478e-02 -4.759499999999999842e-02 0.000000000000000000e+00
2.922800000000000051e-02 -1.603600000000000164e-02 0.000000000000000000e+00
5.412000000000000144e-03 -1.589499999999999941e-02 0.000000000000000000e+00
0.000000000000000000e+00 0.000000000000000000e+00 0.000000000000000000e+00
5.412000000000000144e-03 1.073400000000000049e-02 0.000000000000000000e+00
2.922800000000000051e-02 2.438200000000000089e-02 0.000000000000000000e+00
7.113600000000000478e-02 3.584199999999999886e-02 0.000000000000000000e+00
1.134949999999999987e-01 4.653199999999999698e-02 0.000000000000000000e+00
2.021499999999999964e-01 3.598200000000000010e-02 0.000000000000000000e+00
3.086579999999999879e-01 5.592199999999999949e-02 0.000000000000000000e+00
4.266349999999999865e-01 8.186499999999999333e-02 0.000000000000000000e+00
5.490089999999999693e-01 6.894100000000000228e-02 0.000000000000000000e+00
6.684449999999999559e-01 6.053299999999999653e-02 0.000000000000000000e+00
7.777849999999999486e-01 2.200300000000000172e-02 0.000000000000000000e+00
8.535530000000000062e-01 1.646800000000000000e-02 0.000000000000000000e+00
9.288640000000000230e-01 2.228199999999999972e-02 0.000000000000000000e+00
9.784699999999999509e-01 3.046999999999999795e-03 0.000000000000000000e+00
1.000000000000000000e+00 0.000000000000000000e+00 0.000000000000000000e+00
