1.000000000000000000e+00 0.000000000000000000e+00 0.000000000000000000e+00
9.784699999999999509e-01 2.092000000000000109e-03 0.000000000000000000e+00
9.288640000000000230e-01 7.089999999999999948e-03 0.000000000000000000e+00
8.535530000000000062e-01 -1.393100000000000067e-02 0.000000000000000000e+00
7.777849999999999486e-01 -3.199699999999999767e-02 0.000000000000000000e+00
6.684449999999999559e-01 -1.286900000000000023e-02 0.000000000000000000e+00
5.490089999999999693e-01 -5.703600000000000336e-02 0.000000000000000000e+00
4.266349999999999865e-01 -6.567399999999999627e-02 0.000000000000000000e+00
3.086579999999999879e-01 -6.504600000000000659e-02 0.000000000000000000e+00
2.021499999999999964e-01 -4.981399999999999717e-02 0.000000000000000000e+00
1.134949999999999987e-01 -5.903300000000000214e-02 0.000000000000000000e+00
7.113600000000000478e-02 -2.870699999999999988e-02 0.000000000000000000e+00
2.922800000000000051e-02 -8.080999999999999642e-03 0.000000000000000000e+00
5.412000000000000144e-03 -3.151999999999999854e-03 0.000000000000000000e+00
0.000000000000000000e+00 0.000000000000000000e+00 0.000000000000000000e+00
5.412000000000000144e-03 1.806900000000000173e-02 0.000000000000000000e+00
2.922800000000000051e-02 4.599999999999999922e-03 0.000000000000000000e+00
7.113600000000000478e-02 1.540500000000000029e-02 0.000000000000000000e+00
1.134949999999999987e-01 5.820600000000000079e-02 0.000000000000000000e+00
2.021499999999999964e-01 6.045099999999999779e-02 0.000000000000000000e+00
3.086579999999999879e-01 6.984999999999999543e-02 0.000000000000000000e+00
4.266349999999999865e-01 6.050500000000000322e-02 0.000000000000000000e+00
5.490089999999999693e-01 7.563499999999999390e-02 0.000000000000000000e+00
6.684449999999999559e-01 4.583299999999999874e-02 0.000000000000000000e+00
7.777849999999999486e-01 4.095800000000000135e-02 0.000000000000000000e+00
8.535530000000000062e-01 3.895900000000000057e-02 0.000000000000000000e+00
9.288640000000000230e-01 1.451700000000000039e-02 0.000000000000000000e+00
9.784699999999999509e-01 3.895000000000000025e-03 0.000000000000000000e+00
1.000000000000000000e+00 0.000000000000000000e+00 0.000000000000000000e+00
