1.000000000000000000e+00 0.000000000000000000e+00 0.000000000000000000e+00
9.784699999999999509e-01 1.951999999999999959e-03 0.000000000000000000e+00
9.288640000000000230e-01 -1.410000000000000120e-04 0.000000000000000000e+00
8.535530000000000062e-01 -8.919999999999999978e-04 0.000000000000000000e+00
7.777849999999999486e-01 -2.356899999999999967e-02 0.000000000000000000e+00
6.684449999999999559e-01 -1.776799999999999907e-02 0.000000000000000000e+00
5.490089999999999693e-01 -4.992599999999999816e-02 0.000000000000000000e+00
4.266349999999999865e-01 -4.468400000000000150e-02 0.000000000000000000e+00
3.086579999999999879e-01 -4.796299999999999869e-02 0.000000000000000000e+00
2.021499999999999964e-01 -5.876800000000000079e-02 0.000000000000000000e+00
1.134949999999999987e-01 -5.501400000000000040e-02 0.000000000000000000e+00
7.113600000000000478e-02 -1.891200000000000173e-02 0.000000000000000000e+00
2.922800000000000051e-02 -3.453400000000000220e-02 0.000000000000000000e+00
5.412000000000000144e-03 -7.520999999999999908e-03 0.000000000000000000e+00
0.000000000000000000e+00 0.000000000000000000e+00 0.000000000000000000e+00
5.412000000000000144e-03 2.709000000000000036e-03 0.000000000000000000e+00
2.922800000000000051e-02 3.906699999999999756e-02 0.000000000000000000e+00
7.113600000000000478e-02 1.981499999999999928e-02 0.000000000000000000e+00
1.134949999999999987e-01 4.602300000000000141e-02 0.000000000000000000e+00
2.021499999999999964e-01 6.575499999999999401e-02 0.000000000000000000e+00
3.086579999999999879e-01 5.644199999999999912e-02 0.000000000000000000e+00
4.266349999999999865e-01 6.352399999999999713e-02 0.000000000000000000e+00
5.490089999999999693e-01 5.203300000000000286e-02 0.000000000000000000e+00
6.684449999999999559e-01 6.309900000000000231e-02 0.000000000000000000e+00
7.777849999999999486e-01 5.763000000000000067e-02 0.000000000000000000e+00
8.535530000000000062e-01 8.373999999999999500e-03 0.000000000000000000e+00
9.288640000000000230e-01 1.538899999999999990e-02 0.000000000000000000e+00
9.784699999999999509e-01 4.747000000000000351e-03 0.000000000000000000e+00
1.000000000000000000e+00 0.000000000000000000e+00 0.000000000000000000e+00
