1.000000000000000000e+00 0.000000000000000000e+00 0.000000000000000000e+00
9.784699999999999509e-01 2.533000000000000095e-03 0.000000000000000000e+00
9.288640000000000230e-01 -4.240999999999999978e-03 0.000000000000000000e+00
8.535530000000000062e-01 -1.045399999999999975e-02 0.000000000000000000e+00
7.777849999999999486e-01 7.033000000000000189e-03 0.000000000000000000e+00
6.684449999999999559e-01 -2.499799999999999939e-02 0.000000000000000000e+00
5.490089999999999693e-01 -2.948500000000000079e-02 0.000000000000000000e+00
4.266349999999999865e-01 -3.841800000000000076e-02 0.000000000000000000e+00
3.086579999999999879e-01 -4.667700000000000321e-02 0.000000000000000000e+00
2.021499999999999964e-01 -6.194500000000000006e-02 0.000000000000000000e+00
1.134949999999999987e-01 -5.792200000000000126e-02 0.000000000000000000e+00
7.113600000000000478e-02 -1.336399999999999914e-02 0.000000000000000000e+00
2.922800000000000051e-02 -2.198500000000000107e-02 0.000000000000000000e+00
5.412000000000000144e-03 -6.081999999999999733e-03 0.000000000000000000e+00
0.000000000000000000e+00 0.000000000000000000e+00 0.000000000000000000e+00
5.412000000000000144e-03 1.841299999999999881e-02 0.000000000000000000e+00
2.922800000000000051e-02 2.946700000000000014e-02 0.000000000000000000e+00
7.113600000000000478e-02 4.615999999999999964e-02 0.000000000000000000e+00
1.134949999999999987e-01 2.434899999999999912e-02 0.000000000000000000e+00
2.021499999999999964e-01 5.165200000000000347e-02 0.000000000000000000e+00
3.086579999999999879e-01 6.429300000000000292e-02 0.000000000000000000e+00
4.266349999999999865e-01 4.637999999999999762e-02 0.000000000000000000e+00
5.490089999999999693e-01 7.793899999999999439e-02 0.000000000000000000e+00
6.684449999999999559e-01 3.592200000000000254e-02 0.000000000000000000e+00
7.777849999999999486e-01 4.434199999999999947e-02 0.000000000000000000e+00
8.535530000000000062e-01 2.341199999999999878e-02 0.000000000000000000e+00
9.288640000000000230e-01 1.612900000000000097e-02 0.000000000000000000e+00
9.784699999999999509e-01 4.897000000000000311e-03 0.000000000000000000e+00
1.000000000000000000e+00 0.000000000000000000e+00 0.000000000000000000e+00
