1.000000000000000000e+00 0.000000000000000000e+00 0.000000000000000000e+00
9.784699999999999509e-01 1.991000000000000148e-03 0.000000000000000000e+00
9.288640000000000230e-01 -4.042999999999999719e-03 0.000000000000000000e+00
8.535530000000000062e-01 -2.307800000000000129e-02 0.000000000000000000e+00
7.777849999999999486e-01 -2.268699999999999883e-02 0.000000000000000000e+00
6.684449999999999559e-01 -4.392399999999999777e-02 0.000000000000000000e+00
5.490089999999999693e-01 -3.790299999999999919e-02 0.000000000000000000e+00
4.266349999999999865e-01 -7.340499999999999803e-02 0.000000000000000000e+00
3.086579999999999879e-01 -4.707499999999999879e-02 0.000000000000000000e+00
2.021499999999999964e-01 -7.026899999999999813e-02 0.000000000000000000e+00
1.134949999999999987e-01 -4.531999999999999917e-02 0.000000000000000000e+00
7.113600000000000478e-02 -2.711799999999999974e-02 0.000000000000000000e+00
2.922800000000000051e-02 -1.714200000000000099e-02 0.000000000000000000e+00
5.412000000000000144e-03 -4.078000000000000028e-03 0.000000000000000000e+00
0.000000000000000000e+00 0.000000000000000000e+00 0.000000000000000000e+00
5.412000000000000144e-03 3.956999999999999580e-03 0.000000000000000000e+00
2.922800000000000051e-02 3.709599999999999703e-02 0.000000000000000000e+00
7.113600000000000478e-02 1.628200000000000133e-02 0.000000000000000000e+00
1.134949999999999987e-01 4.110400000000000165e-02 0.000000000000000000e+00
2.021499999999999964e-01 4.410000000000000031e-02 0.000000000000000000e+00
3.086579999999999879e-01 6.919799999999999562e-02 0.000000000000000000e+00
4.266349999999999865e-01 6.478799999999999837e-02 0.000000000000000000e+00
5.490089999999999693e-01 6.083999999999999825e-02 0.000000000000000000e+00
6.684449999999999559e-01 5.980699999999999905e-02 0.000000000000000000e+00
7.777849999999999486e-01 4.363600000000000118e-02 0.000000000000000000e+00
8.535530000000000062e-01 1.388499999999999977e-02 0.000000000000000000e+00
9.288640000000000230e-01 2.009999999999999981e-02 0.000000000000000000e+00
9.784699999999999509e-01 2.468000000000000142e-03 0.000000000000000000e+00
1.000000000000000000e+00 0.000000000000000000e+00 0.000000000000000000e+00
