1.000000000000000000e+00 0.000000000000000000e+00 0.000000000000000000e+00
9.784699999999999509e-01 -2.900000000000000017e-04 0.000000000000000000e+00
9.288640000000000230e-01 -2.148999999999999869e-03 0.000000000000000000e+00
8.535530000000000062e-01 -1.069999999999999988e-03 0.000000000000000000e+00
7.777849999999999486e-01 -3.117800000000000085e-02 0.000000000000000000e+00
6.684449999999999559e-01 -3.572399999999999881e-02 0.000000000000000000e+00
5.490089999999999693e-01 -4.370199999999999779e-02 0.000000000000000000e+00
4.266349999999999865e-01 -5.929199999999999748e-02 0.000000000000000000e+00
3.086579999999999879e-01 -5.519400000000000001e-02 0.000000000000000000e+00
2.021499999999999964e-01 -5.639000000000000262e-02 0.000000000000000000e+00
1.134949999999999987e-01 -5.598600000000000104e-02 0.000000000000000000e+00
7.113600000000000478e-02 -2.853999999999999940e-02 0.000000000000000000e+00
2.922800000000000051e-02 -3.297599999999999837e-02 0.000000000000000000e+00
5.412000000000000144e-03 -1.717499999999999930e-02 0.000000000000000000e+00
0.000000000000000000e+00 0.000000000000000000e+00 0.000000000000000000e+00
5.412000000000000144e-03 2.318999999999999881e-03 0.000000000000000000e+00
2.922800000000000051e-02 2.732599999999999960e-02 0.000000000000000000e+00
7.113600000000000478e-02 1.381600000000000016e-02 0.000000000000000000e+00
1.134949999999999987e-01 2.507799999999999960e-02 0.000000000000000000e+00
2.021499999999999964e-01 3.937000000000000222e-02 0.000000000000000000e+00
3.086579999999999879e-01 6.655200000000000005e-02 0.000000000000000000e+00
4.266349999999999865e-01 5.786800000000000277e-02 0.000000000000000000e+00
5.490089999999999693e-01 6.711000000000000298e-02 0.000000000000000000e+00
6.684449999999999559e-01 4.185099999999999931e-02 0.000000000000000000e+00
7.777849999999999486e-01 3.616099999999999870e-02 0.000000000000000000e+00
8.535530000000000062e-01 3.708999999999999797e-02 0.000000000000000000e+00
9.288640000000000230e-01 2.026899999999999882e-02 0.000000000000000000e+00
9.784699999999999509e-01 4.298999999999999870e-03 0.000000000000000000e+00
1.000000000000000000e+00 0.000000000000000000e+00 0.000000000000000000e+00
