1.000000000000000000e+00 0.000000000000000000e+00 0.000000000000000000e+00
9.784699999999999509e-01 9.529999999999999626e-04 0.000000000000000000e+00
9.288640000000000230e-01 -5.559999999999999621e-04 0.000000000000000000e+00
8.535530000000000062e-01 1.413299999999999973e-02 0.000000000000000000e+00
7.777849999999999486e-01 -1.788899999999999865e-02 0.000000000000000000e+00
6.684449999999999559e-01 -2.057499999999999954e-02 0.000000000000000000e+00
5.490089999999999693e-01 -4.053500000000000159e-02 0.000000000000000000e+00
4.266349999999999865e-01 -6.984700000000000630e-02 0.000000000000000000e+00
3.086579999999999879e-01 -5.431799999999999823e-02 0.000000000000000000e+00
2.021499999999999964e-01 -4.472500000000000087e-02 0.000000000000000000e+00
1.134949999999999987e-01 -5.626699999999999757e-02 0.000000000000000000e+00
7.113600000000000478e-02 -4.500699999999999840e-02 0.000000000000000000e+00
2.922800000000000051e-02 -3.161900000000000127e-02 0.000000000000000000e+00
5.412000000000000144e-03 -8.116999999999999216e-03 0.000000000000000000e+00
0.000000000000000000e+00 0.000000000000000000e+00 0.000000000000000000e+00
5.412000000000000144e-03 1.454500000000000064e-02 0.000000000000000000e+00
2.922800000000000051e-02 3.172099999999999920e-02 0.000000000000000000e+00
7.113600000000000478e-02 1.448400000000000035e-02 0.000000000000000000e+00
1.134949999999999987e-01 4.497099999999999709e-02 0.000000000000000000e+00
2.021499999999999964e-01 5.262399999999999717e-02 0.000000000000000000e+00
3.086579999999999879e-01 6.126299999999999801e-02 0.000000000000000000e+00
4.266349999999999865e-01 8.091600000000000181e-02 0.000000000000000000e+00
5.490089999999999693e-01 6.167799999999999672e-02 0.000000000000000000e+00
6.684449999999999559e-01 3.812600000000000017e-02 0.000000000000000000e+00
7.777849999999999486e-01 2.886100000000000124e-02 0.000000000000000000e+00
8.535530000000000062e-01 4.543500000000000316e-02 0.000000000000000000e+00
9.288640000000000230e-01 9.662999999999999715e-03 0.000000000000000000e+00
9.784699999999999509e-01 4.461999999999999821e-03 0.000000000000000000e+00
1.000000000000000000e+00 0.000000000000000000e+00 0.000000000000000000e+00
