1.000000000000000000e+00 0.000000000000000000e+00 0.000000000000000000e+00
9.784699999999999509e-01 1.874999999999999931e-03 0.000000000000000000e+00
9.288640000000000230e-01 -7.225999999999999784e-03 0.000000000000000000e+00
8.535530000000000062e-01 -4.492000000000000333e-03 0.000000000000000000e+00
7.777849999999999486e-01 -1.386700000000000085e-02 0.000000000000000000e+00
6.684449999999999559e-01 -3.105899999999999980e-02 0.000000000000000000e+00
5.490089999999999693e-01 -2.790099999999999872e-02 0.000000000000000000e+00
4.266349999999999865e-01 -5.577599999999999919e-02 0.000000000000000000e+00
3.086579999999999879e-01 -5.482100000000000167e-02 0.000000000000000000e+00
2.021499999999999964e-01 -3.518799999999999706e-02 0.000000000000000000e+00
1.134949999999999987e-01 -2.535400000000000154e-02 0.000000000000000000e+00
7.113600000000000478e-02 -3.274599999999999733e-02 0.000000000000000000e+00
2.922800000000000051e-02 -4.003099999999999714e-02 0.000000000000000000e+00
5.412000000000000144e-03 -4.885999999999999718e-03 0.000000000000000000e+00
0.000000000000000000e+00 0.000000000000000000e+00 0.000000000000000000e+00
5.412000000000000144e-03 1.738599999999999868e-02 0.000000000000000000e+00
2.922800000000000051e-02 1.008000000000000042e-02 0.000000000000000000e+00
7.113600000000000478e-02 4.652699999999999891e-02 0.000000000000000000e+00
1.134949999999999987e-01 5.268500000000000266e-02 0.000000000000000000e+00
2.021499999999999964e-01 3.255399999999999960e-02 0.000000000000000000e+00
3.086579999999999879e-01 4.051600000000000340e-02 0.000000000000000000e+00
4.266349999999999865e-01 6.678900000000000114e-02 0.000000000000000000e+00
5.490089999999999693e-01 5.701300000000000118e-02 0.000000000000000000e+00
6.684449999999999559e-01 4.789700000000000207e-02 0.000000000000000000e+00
7.777849999999999486e-01 3.924400000000000110e-02 0.000000000000000000e+00
8.535530000000000062e-01 1.927699999999999900e-02 0.000000000000000000e+00
9.288640000000000230e-01 1.047099999999999941e-02 0.000000000000000000e+00
9.784699999999999509e-01 2.750999999999999973e-03 0.000000000000000000e+00
1.000000000000000000e+00 0.000000000000000000e+00 0.000000000000000000e+00
