1.000000000000000000e+00 0.000000000000000000e+00 0.000000000000000000e+00
9.784699999999999509e-01 4.690000000000000158e-04 0.000000000000000000e+00
9.288640000000000230e-01 9.086000000000000326e-03 0.000000000000000000e+00
8.535530000000000062e-01 -2.252399999999999888e-02 0.000000000000000000e+00
7.777849999999999486e-01 -1.226000000000000006e-02 0.000000000000000000e+00
6.684449999999999559e-01 -1.013299999999999965e-02 0.000000000000000000e+00
5.490089999999999693e-01 -4.123700000000000282e-02 0.000000000000000000e+00
4.266349999999999865e-01 -7.166500000000000647e-02 0.000000000000000000e+00
3.086579999999999879e-01 -7.424100000000000144e-02 0.000000000000000000e+00
2.021499999999999964e-01 -5.578500000000000125e-02 0.000000000000000000e+00
1.134949999999999987e-01 -6.072199999999999820e-02 0.000000000000000000e+00
7.113600000000000478e-02 -2.086100000000000107e-02 0.000000000000000000e+00
2.922800000000000051e-02 -4.126900000000000013e-02 0.000000000000000000e+00
5.412000000000000144e-03 -1.588999999999999918e-03 0.000000000000000000e+00
0.000000000000000000e+00 0.000000000000000000e+00 0.000000000000000000e+00
5.412000000000000144e-03 8.789999999999999203e-03 0.000000000000000000e+00
2.922800000000000051e-02 9.213999999999999968e-03 0.000000000000000000e+00
7.113600000000000478e-02 4.838200000000000139e-02 0.000000000000000000e+00
1.134949999999999987e-01 3.786400000000000182e-02 0.000000000000000000e+00
2.021499999999999964e-01 4.164199999999999846e-02 0.000000000000000000e+00
3.086579999999999879e-01 6.017499999999999932e-02 0.000000000000000000e+00
4.266349999999999865e-01 6.105599999999999916e-02 0.000000000000000000e+00
5.490089999999999693e-01 7.016899999999999527e-02 0.000000000000000000e+00
6.684449999999999559e-01 3.259000000000000091e-02 0.000000000000000000e+00
7.777849999999999486e-01 2.041600000000000012e-02 0.000000000000000000e+00
8.535530000000000062e-01 2.496999999999999914e-02 0.000000000000000000e+00
9.288640000000000230e-01 2.335299999999999876e-02 0.000000000000000000e+00
9.784699999999999509e-01 4.530000000000000172e-03 0.000000000000000000e+00
1.000000000000000000e+00 0.000000000000000000e+00 0.000000000000000000e+00
