1.000000000000000000e+00 0.000000000000000000e+00 0.000000000000000000e+00
9.784699999999999509e-01 2.724999999999999992e-03 0.000000000000000000e+00
9.288640000000000230e-01 7.733000000000000290e-03 0.000000000000000000e+00
8.535530000000000062e-01 -2.009800000000000128e-02 0.000000000000000000e+00
7.777849999999999486e-01 -1.351899999999999977e-02 0.000000000000000000e+00
6.684449999999999559e-01 -3.635900000000000243e-02 0.000000000000000000e+00
5.490089999999999693e-01 -2.826899999999999899e-02 0.000000000000000000e+00
4.266349999999999865e-01 -4.248199999999999893e-02 0.000000000000000000e+00
3.086579999999999879e-01 -7.587599999999999900e-02 0.000000000000000000e+00
2.021499999999999964e-01 -5.936199999999999810e-02 0.000000000000000000e+00
1.134949999999999987e-01 -5.543399999999999717e-02 0.000000000000000000e+00
7.113600000000000478e-02 -2.631000000000000005e-02 0.000000000000000000e+00
2.922800000000000051e-02 -3.072000000000000078e-03 0.000000000000000000e+00
5.412000000000000144e-03 -1.626199999999999868e-02 0.000000000000000000e+00
0.000000000000000000e+00 0.000000000000000000e+00 0.000000000000000000e+00
5.412000000000000144e-03 7.777000000000000059e-03 0.000000000000000000e+00
2.922800000000000051e-02 3.777099999999999902e-02 0.000000000000000000e+00
7.113600000000000478e-02 3.408599999999999824e-02 0.000000000000000000e+00
1.134949999999999987e-01 2.853599999999999887e-02 0.000000000000000000e+00
2.021499999999999964e-01 6.295299999999999507e-02 0.000000000000000000e+00
3.086579999999999879e-01 7.898199999999999665e-02 0.000000000000000000e+00
4.266349999999999865e-01 7.658299999999999830e-02 0.000000000000000000e+00
5.490089999999999693e-01 7.628300000000000358e-02 0.000000000000000000e+00
6.684449999999999559e-01 4.926099999999999923e-02 0.000000000000000000e+00
7.777849999999999486e-01 4.276300000000000240e-02 0.000000000000000000e+00
8.535530000000000062e-01 1.452400000000000045e-02 0.000000000000000000e+00
9.288640000000000230e-01 1.387599999999999945e-02 0.000000000000000000e+00
9.784699999999999509e-01 4.570000000000000277e-03 0.000000000000000000e+00
1.000000000000000000e+00 0.000000000000000000e+00 0.000000000000000000e+00
