1.000000000000000000e+00 0.000000000000000000e+00 0.000000000000000000e+00
9.784699999999999509e-01 3.820000000000000153e-04 0.000000000000000000e+00
9.288640000000000230e-01 -7.887999999999999179e-03 0.000000000000000000e+00
8.535530000000000062e-01 -1.360699999999999930e-02 0.000000000000000000e+00
7.777849999999999486e-01 -3.010699999999999835e-02 0.000000000000000000e+00
6.684449999999999559e-01 -4.246699999999999781e-02 0.000000000000000000e+00
5.490089999999999693e-01 -4.674899999999999889e-02 0.000000000000000000e+00
4.266349999999999865e-01 -4.275400000000000034e-02 0.000000000000000000e+00
3.086579999999999879e-01 -3.910999999999999893e-02 0.000000000000000000e+00
2.021499999999999964e-01 -6.787600000000000577e-02 0.000000000000000000e+00
1.134949999999999987e-01 -2.286900000000000044e-02 0.000000000000000000e+00
7.113600000000000478e-02 -3.576599999999999918e-02 0.000000000000000000e+00
2.922800000000000051e-02 -3.502099999999999658e-02 0.000000000000000000e+00
5.412000000000000144e-03 -1.754500000000000157e-02 0.000000000000000000e+00
0.000000000000000000e+00 0.000000000000000000e+00 0.000000000000000000e+00
5.412000000000000144e-03 3.318000000000000203e-03 0.000000000000000000e+00
2.922800000000000051e-02 3.227399999999999713e-02 0.000000000000000000e+00
7.113600000000000478e-02 2.308400000000000035e-02 0.000000000000000000e+00
1.134949999999999987e-01 2.076100000000000168e-02 0.000000000000000000e+00
2.021499999999999964e-01 5.185599999999999932e-02 0.000000000000000000e+00
3.086579999999999879e-01 6.846099999999999408e-02 0.000000000000000000e+00
4.266349999999999865e-01 7.005000000000000115e-02 0.000000000000000000e+00
5.490089999999999693e-01 7.620899999999999896e-02 0.000000000000000000e+00
6.684449999999999559e-01 4.760600000000000248e-02 0.000000000000000000e+00
7.777849999999999486e-01 3.496799999999999908e-02 0.000000000000000000e+00
8.535530000000000062e-01 3.122600000000000028e-02 0.000000000000000000e+00
9.288640000000000230e-01 2.113599999999999854e-02 0.000000000000000000e+00
9.784699999999999509e-01 4.420000000000000318e-03 0.000000000000000000e+00
1.000000000000000000e+00 0.000000000000000000e+00 0.000000000000000000e+00
