1.000000000000000000e+00 0.000000000000000000e+00 0.000000000000000000e+00
9.784699999999999509e-01 -5.969999999999999829e-04 0.000000000000000000e+00
9.288640000000000230e-01 2.373999999999999808e-03 0.000000000000000000e+00
8.535530000000000062e-01 1.216000000000000067e-02 0.000000000000000000e+00
7.777849999999999486e-01 -1.923300000000000010e-02 0.000000000000000000e+00
6.684449999999999559e-01 -4.037999999999999923e-02 0.000000000000000000e+00
5.490089999999999693e-01 -2.642299999999999857e-02 0.000000000000000000e+00
4.266349999999999865e-01 -7.135600000000000276e-02 0.000000000000000000e+00
3.086579999999999879e-01 -6.356100000000000638e-02 0.000000000000000000e+00
2.021499999999999964e-01 -5.537099999999999661e-02 0.000000000000000000e+00
1.134949999999999987e-01 -2.367299999999999960e-02 0.000000000000000000e+00
7.113600000000000478e-02 -4.890900000000000108e-02 0.000000000000000000e+00
2.922800000000000051e-02 -2.949900000000000092e-02 0.000000000000000000e+00
5.412000000000000144e-03 -1.972999999999999927e-03 0.000000000000000000e+00
0.000000000000000000e+00 0.000000000000000000e+00 0.000000000000000000e+00
5.412000000000000144e-03 1.469000000000000037e-03 0.000000000000000000e+00
2.922800000000000051e-02 3.327000000000000096e-02 0.000000000000000000e+00
7.113600000000000478e-02 2.388900000000000051e-02 0.000000000000000000e+00
1.134949999999999987e-01 5.553600000000000203e-02 0.000000000000000000e+00
2.021499999999999964e-01 3.342699999999999838e-02 0.000000000000000000e+00
3.086579999999999879e-01 6.216200000000000198e-02 0.000000000000000000e+00
4.266349999999999865e-01 5.574300000000000088e-02 0.000000000000000000e+00
5.490089999999999693e-01 4.975399999999999961e-02 0.000000000000000000e+00
6.684449999999999559e-01 4.554699999999999721e-02 0.000000000000000000e+00
7.777849999999999486e-01 4.808799999999999880e-02 0.000000000000000000e+00
8.535530000000000062e-01 4.426399999999999779e-02 0.000000000000000000e+00
9.288640000000000230e-01 1.191000000000000045e-02 0.000000000000000000e+00
9.784699999999999509e-01 2.863999999999999792e-03 0.000000000000000000e+00
1.000000000000000000e+00 0.000000000000000000e+00 0.000000000000000000e+00
