1.000000000000000000e+00 0.000000000000000000e+00 0.000000000000000000e+00
9.784699999999999509e-01 3.440000000000000132e-04 0.000000000000000000e+00
9.288640000000000230e-01 -9.091999999999999388e-03 0.000000000000000000e+00
8.535530000000000062e-01 -7.759000000000000272e-03 0.000000000000000000e+00
7.777849999999999486e-01 -2.466300000000000089e-02 0.000000000000000000e+00
6.684449999999999559e-01 -2.540699999999999903e-02 0.000000000000000000e+00
5.490089999999999693e-01 -6.236599999999999783e-02 0.000000000000000000e+00
4.266349999999999865e-01 -5.825299999999999923e-02 0.000000000000000000e+00
3.086579999999999879e-01 -5.979899999999999799e-02 0.000000000000000000e+00
2.021499999999999964e-01 -5.380399999999999766e-02 0.000000000000000000e+00
1.134949999999999987e-01 -2.648800000000000113e-02 0.000000000000000000e+00
7.113600000000000478e-02 -3.158899999999999902e-02 0.000000000000000000e+00
2.922800000000000051e-02 -3.801800000000000318e-02 0.000000000000000000e+00
5.412000000000000144e-03 -7.849000000000000074e-03 0.000000000000000000e+00
0.000000000000000000e+00 0.000000000000000000e+00 0.000000000000000000e+00
5.412000000000000144e-03 1.160399999999999973e-02 0.000000000000000000e+00
2.922800000000000051e-02 1.068500000000000005e-02 0.000000000000000000e+00
7.113600000000000478e-02 4.491599999999999759e-02 0.000000000000000000e+00
1.134949999999999987e-01 4.897399999999999670e-02 0.000000000000000000e+00
2.021499999999999964e-01 3.487699999999999828e-02 0.000000000000000000e+00
3.086579999999999879e-01 4.952299999999999758e-02 0.000000000000000000e+00
4.266349999999999865e-01 8.221799999999999942e-02 0.000000000000000000e+00
5.490089999999999693e-01 4.478900000000000242e-02 0.000000000000000000e+00
6.684449999999999559e-01 5.408500000000000113e-02 0.000000000000000000e+00
7.777849999999999486e-01 5.369499999999999967e-02 0.000000000000000000e+00
8.535530000000000062e-01 2.889399999999999955e-02 0.000000000000000000e+00
9.288640000000000230e-01 1.927299999999999847e-02 0.000000000000000000e+00
9.784699999999999509e-01 5.283999999999999635e-03 0.000000000000000000e+00
1.000000000000000000e+00 0.000000000000000000e+00 0.000000000000000000e+00
