1.000000000000000000e+00 0.000000000000000000e+00 0.000000000000000000e+00
9.784699999999999509e-01 3.999999999999999819e-06 0.000000000000000000e+00
9.288640000000000230e-01 9.927000000000000060e-03 0.000000000000000000e+00
8.535530000000000062e-01 -2.252999999999999794e-03 0.000000000000000000e+00
7.777849999999999486e-01 4.372000000000000018e-03 0.000000000000000000e+00
6.684449999999999559e-01 -2.212700000000000083e-02 0.000000000000000000e+00
5.490089999999999693e-01 -3.073899999999999896e-02 0.000000000000000000e+00
4.266349999999999865e-01 -4.661300000000000165e-02 0.000000000000000000e+00
3.086579999999999879e-01 -4.477799999999999836e-02 0.000000000000000000e+00
2.021499999999999964e-01 -3.409100000000000324e-02 0.000000000000000000e+00
1.134949999999999987e-01 -4.341699999999999726e-02 0.000000000000000000e+00
7.113600000000000478e-02 -1.575000000000000011e-02 0.000000000000000000e+00
2.922800000000000051e-02 -1.010999999999999920e-02 0.000000000000000000e+00
5.412000000000000144e-03 -1.114000000000000060e-02 0.000000000000000000e+00
0.000000000000000000e+00 0.000000000000000000e+00 0.000000000000000000e+00
5.412000000000000144e-03 5.171000000000000249e-03 0.000000000000000000e+00
2.922800000000000051e-02 1.393400000000000021e-02 0.000000000000000000e+00
7.113600000000000478e-02 2.180400000000000046e-02 0.000000000000000000e+00
1.134949999999999987e-01 2.673199999999999882e-02 0.000000000000000000e+00
2.021499999999999964e-01 5.801499999999999713e-02 0.000000000000000000e+00
3.086579999999999879e-01 4.413199999999999762e-02 0.000000000000000000e+00
4.266349999999999865e-01 4.443099999999999827e-02 0.000000000000000000e+00
5.490089999999999693e-01 8.015100000000000002e-02 0.000000000000000000e+00
6.684449999999999559e-01 3.862499999999999961e-02 0.000000000000000000e+00
7.777849999999999486e-01 4.049799999999999928e-02 0.000000000000000000e+00
8.535530000000000062e-01 4.334500000000000158e-02 0.000000000000000000e+00
9.288640000000000230e-01 1.845799999999999871e-02 0.000000000000000000e+00
9.784699999999999509e-01 6.335999999999999618e-03 0.000000000000000000e+00
1.000000000000000000e+00 0.000000000000000000e+00 0.000000000000000000e+00
