1.000000000000000000e+00 0.000000000000000000e+00 0.000000000000000000e+00
9.784699999999999509e-01 1.797999999999999902e-03 0.000000000000000000e+00
9.288640000000000230e-01 -4.408999999999999725e-03 0.000000000000000000e+00
8.535530000000000062e-01 -2.177899999999999975e-02 0.000000000000000000e+00
7.777849999999999486e-01 -3.371999999999999997e-03 0.000000000000000000e+00
6.684449999999999559e-01 -8.214000000000000815e-03 0.000000000000000000e+00
5.490089999999999693e-01 -5.519199999999999801e-02 0.000000000000000000e+00
4.266349999999999865e-01 -4.522600000000000231e-02 0.000000000000000000e+00
3.086579999999999879e-01 -3.864599999999999980e-02 0.000000000000000000e+00
2.021499999999999964e-01 -3.628800000000000081e-02 0.000000000000000000e+00
1.134949999999999987e-01 -2.615900000000000170e-02 0.000000000000000000e+00
7.113600000000000478e-02 -4.843999999999999695e-02 0.000000000000000000e+00
2.922800000000000051e-02 -1.419800000000000055e-02 0.000000000000000000e+00
5.412000000000000144e-03 -1.149099999999999948e-02 0.000000000000000000e+00
0.000000000000000000e+00 0.000000000000000000e+00 0.000000000000000000e+00
5.412000000000000144e-03 1.304000000000000038e-03 0.000000000000000000e+00
2.922800000000000051e-02 1.480099999999999992e-02 0.000000000000000000e+00
7.113600000000000478e-02 1.489099999999999972e-02 0.000000000000000000e+00
1.134949999999999987e-01 5.705699999999999661e-02 0.000000000000000000e+00
2.021499999999999964e-01 3.390300000000000258e-02 0.000000000000000000e+00
3.086579999999999879e-01 4.158400000000000291e-02 0.000000000000000000e+00
4.266349999999999865e-01 6.567800000000000027e-02 0.000000000000000000e+00
5.490089999999999693e-01 4.399399999999999838e-02 0.000000000000000000e+00
6.684449999999999559e-01 4.874699999999999867e-02 0.000000000000000000e+00
7.777849999999999486e-01 5.064899999999999958e-02 0.000000000000000000e+00
8.535530000000000062e-01 1.444100000000000071e-02 0.000000000000000000e+00
9.288640000000000230e-01 2.315599999999999950e-02 0.000000000000000000e+00
9.784699999999999509e-01 2.660000000000000038e-03 0.000000000000000000e+00
1.000000000000000000e+00 0.000000000000000000e+00 0.000000000000000000e+00
