1.000000000000000000e+00 0.000000000000000000e+00 0.000000000000000000e+00
9.784699999999999509e-01 -7.240000000000000342e-04 0.000000000000000000e+00
9.288640000000000230e-01 -2.462000000000000213e-03 0.000000000000000000e+00
8.535530000000000062e-01 -3.449999999999999942e-03 0.000000000000000000e+00
7.777849999999999486e-01 -1.074300000000000081e-02 0.000000000000000000e+00
6.684449999999999559e-01 -2.710900000000000115e-02 0.000000000000000000e+00
5.490089999999999693e-01 -5.794200000000000045e-02 0.000000000000000000e+00
4.266349999999999865e-01 -4.367299999999999655e-02 0.000000000000000000e+00
3.086579999999999879e-01 -5.383099999999999691e-02 0.000000000000000000e+00
2.021499999999999964e-01 -4.648900000000000254e-02 0.000000000000000000e+00
1.134949999999999987e-01 -3.644700000000000023e-02 0.000000000000000000e+00
7.113600000000000478e-02 -3.245499999999999774e-02 0.000000000000000000e+00
2.922800000000000051e-02 -2.299400000000000055e-02 0.000000000000000000e+00
5.412000000000000144e-03 -9.801999999999999949e-03 0.000000000000000000e+00
0.000000000000000000e+00 0.000000000000000000e+00 0.000000000000000000e+00
5.412000000000000144e-03 1.306700000000000049e-02 0.000000000000000000e+00
2.922800000000000051e-02 3.955000000000000182e-03 0.000000000000000000e+00
7.113600000000000478e-02 4.114299999999999902e-02 0.000000000000000000e+00
1.134949999999999987e-01 4.854900000000000188e-02 0.000000000000000000e+00
2.021499999999999964e-01 3.882499999999999840e-02 0.000000000000000000e+00
3.086579999999999879e-01 4.181800000000000100e-02 0.000000000000000000e+00
4.266349999999999865e-01 5.855099999999999888e-02 0.000000000000000000e+00
5.490089999999999693e-01 7.931599999999999762e-02 0.000000000000000000e+00
6.684449999999999559e-01 6.478899999999999937e-02 0.000000000000000000e+00
7.777849999999999486e-01 1.851099999999999968e-02 0.000000000000000000e+00
8.535530000000000062e-01 4.412599999999999856e-02 0.000000000000000000e+00
9.288640000000000230e-01 7.323999999999999781e-03 0.000000000000000000e+00
9.784699999999999509e-01 4.828999999999999959e-03 0.000000000000000000e+00
1.000000000000000000e+00 0.000000000000000000e+00 0.000000000000000000e+00
